0;100;60
1;110;60
2;120;60
3;120;60
4;127.071;52.9289
5;134.142;45.8579
6;141.213;38.7868
7;148.284;31.7157
8;148.284;31.7157
9;158.284;31.7157
10;168.284;31.7157
11;178.284;31.7157
12;188.284;31.7157
13;188.284;31.7157
14;188.284;31.7157
15;188.284;31.7157
16;188.284;31.7157
17;188.284;31.7157
18;188.284;31.7157
19;188.284;31.7157
20;188.284;31.7157
21;188.284;31.7157
22;188.284;31.7157
23;188.284;31.7157
24;188.284;31.7157
25;188.284;31.7157
26;188.284;31.7157
27;188.284;31.7157
28;188.284;31.7157
29;188.284;31.7157
30;188.284;31.7157
31;188.284;31.7157
32;188.284;31.7157
33;188.284;31.7157
34;188.284;31.7157
35;188.284;31.7157
36;188.284;31.7157
37;188.284;31.7157
38;188.284;31.7157
39;188.284;31.7157
40;188.284;31.7157
41;188.284;31.7157
42;188.284;31.7157
43;188.284;31.7157
44;188.284;31.7157
45;188.284;31.7157
46;188.284;31.7157
47;188.284;31.7157
48;188.284;31.7157
49;188.284;31.7157
50;188.284;31.7157
51;188.284;31.7157
52;188.284;31.7157
53;188.284;31.7157
54;188.284;31.7157
55;188.284;31.7157
56;188.284;31.7157
57;188.284;31.7157
58;188.284;31.7157
59;188.284;31.7157
60;188.284;31.7157
61;188.284;31.7157
62;188.284;31.7157
63;188.284;31.7157
64;188.284;31.7157
65;188.284;31.7157
66;188.284;31.7157
67;188.284;31.7157
68;188.284;31.7157
69;188.284;31.7157
70;188.284;31.7157
71;188.284;31.7157
72;188.284;31.7157
73;188.284;31.7157
74;188.284;31.7157
75;188.284;31.7157
76;188.284;31.7157
77;188.284;31.7157
78;188.284;31.7157
79;188.284;31.7157
80;188.284;31.7157
81;188.284;31.7157
82;188.284;31.7157
83;188.284;31.7157
84;188.284;31.7157
85;188.284;31.7157
86;188.284;31.7157
87;188.284;31.7157
88;188.284;31.7157
89;188.284;31.7157
90;188.284;31.7157
91;188.284;31.7157
92;188.284;31.7157
93;188.284;31.7157
94;188.284;31.7157
95;188.284;31.7157
96;188.284;31.7157
97;188.284;31.7157
98;188.284;31.7157
99;188.284;31.7157
100;188.284;31.7157
101;188.284;31.7157
102;188.284;31.7157
103;188.284;31.7157
104;188.284;31.7157
105;188.284;31.7157
106;188.284;31.7157
107;188.284;31.7157
108;188.284;31.7157
109;188.284;31.7157
110;188.284;31.7157
111;188.284;31.7157
112;188.284;31.7157
113;188.284;31.7157
114;188.284;31.7157
115;188.284;31.7157
116;188.284;31.7157
117;188.284;31.7157
118;188.284;31.7157
119;188.284;31.7157
120;188.284;31.7157
121;188.284;31.7157
122;188.284;31.7157
123;188.284;31.7157
124;188.284;31.7157
125;188.284;31.7157
126;188.284;31.7157
127;188.284;31.7157
128;188.284;31.7157
129;188.284;31.7157
130;188.284;31.7157
131;188.284;31.7157
132;188.284;31.7157
133;188.284;31.7157
134;188.284;31.7157
135;188.284;31.7157
136;188.284;31.7157
137;188.284;31.7157
138;188.284;31.7157
139;188.284;31.7157
140;188.284;31.7157
141;188.284;31.7157
142;188.284;31.7157
143;188.284;31.7157
144;188.284;31.7157
145;188.284;31.7157
146;188.284;31.7157
147;188.284;31.7157
148;188.284;31.7157
149;188.284;31.7157
150;188.284;31.7157
151;188.284;31.7157
152;188.284;31.7157
153;188.284;31.7157
154;188.284;31.7157
155;188.284;31.7157
156;188.284;31.7157
157;188.284;31.7157
158;188.284;31.7157
159;188.284;31.7157
160;188.284;31.7157
161;188.284;31.7157
162;188.284;31.7157
163;188.284;31.7157
164;188.284;31.7157
165;188.284;31.7157
166;188.284;31.7157
167;188.284;31.7157
168;188.284;31.7157
169;188.284;31.7157
170;188.284;31.7157
171;188.284;31.7157
172;188.284;31.7157
173;188.284;31.7157
174;188.284;31.7157
175;188.284;31.7157
176;188.284;31.7157
177;188.284;31.7157
178;188.284;31.7157
179;188.284;31.7157
180;188.284;31.7157
181;188.284;31.7157
182;188.284;31.7157
183;188.284;31.7157
184;188.284;31.7157
185;188.284;31.7157
186;188.284;31.7157
187;188.284;31.7157
188;188.284;31.7157
189;188.284;31.7157
190;188.284;31.7157
191;188.284;31.7157
192;188.284;31.7157
193;188.284;31.7157
194;188.284;31.7157
195;188.284;31.7157
196;188.284;31.7157
197;188.284;31.7157
198;188.284;31.7157
199;188.284;31.7157
200;188.284;31.7157
201;188.284;31.7157
202;188.284;31.7157
203;188.284;31.7157
204;188.284;31.7157
205;188.284;31.7157
206;188.284;31.7157
207;188.284;31.7157
208;188.284;31.7157
209;188.284;31.7157
210;188.284;31.7157
211;188.284;31.7157
212;188.284;31.7157
213;188.284;31.7157
214;188.284;31.7157
215;188.284;31.7157
216;188.284;31.7157
217;188.284;31.7157
218;188.284;31.7157
219;188.284;31.7157
220;188.284;31.7157
221;188.284;31.7157
222;188.284;31.7157
223;188.284;31.7157
224;188.284;31.7157
225;188.284;31.7157
226;188.284;31.7157
227;188.284;31.7157
228;188.284;31.7157
229;188.284;31.7157
230;188.284;31.7157
231;188.284;31.7157
232;188.284;31.7157
233;188.284;31.7157
234;188.284;31.7157
235;188.284;31.7157
236;188.284;31.7157
237;188.284;31.7157
238;188.284;31.7157
239;188.284;31.7157
240;188.284;31.7157
241;188.284;31.7157
242;188.284;31.7157
243;188.284;31.7157
244;188.284;31.7157
245;188.284;31.7157
246;188.284;31.7157
247;188.284;31.7157
248;188.284;31.7157
249;188.284;31.7157
250;188.284;31.7157
251;188.284;31.7157
252;188.284;31.7157
253;188.284;31.7157
254;188.284;31.7157
255;188.284;31.7157
256;188.284;31.7157
257;188.284;31.7157
258;188.284;31.7157
259;188.284;31.7157
260;188.284;31.7157
261;188.284;31.7157
262;188.284;31.7157
263;188.284;31.7157
264;188.284;31.7157
265;188.284;31.7157
266;188.284;31.7157
267;188.284;31.7157
268;188.284;31.7157
269;188.284;31.7157
270;188.284;31.7157
271;188.284;31.7157
272;188.284;31.7157
273;188.284;31.7157
274;188.284;31.7157
275;188.284;31.7157
276;188.284;31.7157
277;188.284;31.7157
278;188.284;31.7157
279;188.284;31.7157
280;188.284;31.7157
281;188.284;31.7157
282;188.284;31.7157
283;188.284;31.7157
284;188.284;31.7157
285;188.284;31.7157
286;188.284;31.7157
287;188.284;31.7157
288;188.284;31.7157
289;188.284;31.7157
290;188.284;31.7157
291;188.284;31.7157
292;188.284;31.7157
293;188.284;31.7157
294;188.284;31.7157
295;188.284;31.7157
296;188.284;31.7157
297;188.284;31.7157
298;188.284;31.7157
299;188.284;31.7157
300;188.284;31.7157
