0;100;60
1;110;60
2;120;60
3;130;60
4;140;60
5;150;60
6;160;60
7;170;60
8;180;60
9;180;60
10;187.071;52.9289
11;187.071;52.9289
12;187.071;52.9289
13;187.071;42.9289
14;187.071;32.9289
15;187.071;22.9289
16;187.071;22.9289
17;180;15.8579
18;172.929;8.7868
19;172.929;8.7868
20;172.929;8.7868
21;172.929;8.7868
22;172.929;8.7868
23;172.929;8.7868
24;180;15.8579
25;187.071;22.9289
26;187.071;22.9289
27;187.071;22.9289
28;187.071;22.9289
29;187.071;22.9289
30;187.071;22.9289
31;187.071;22.9289
32;187.071;22.9289
33;187.071;22.9289
34;180;15.8579
35;172.929;8.7868
36;172.929;8.7868
37;172.929;8.7868
38;172.929;8.7868
39;172.929;8.7868
40;172.929;8.7868
41;180;15.8579
42;187.071;22.9289
43;187.071;22.9289
44;187.071;22.9289
45;187.071;22.9289
46;187.071;22.9289
47;187.071;22.9289
48;187.071;22.9289
49;187.071;22.9289
50;187.071;22.9289
51;180;15.8579
52;172.929;8.7868
53;172.929;8.7868
54;172.929;8.7868
55;172.929;8.7868
56;172.929;8.7868
57;172.929;8.7868
58;180;15.8579
59;187.071;22.9289
60;187.071;22.9289
61;187.071;22.9289
62;187.071;22.9289
63;187.071;22.9289
64;187.071;22.9289
65;187.071;22.9289
66;187.071;22.9289
67;187.071;22.9289
68;180;15.8579
69;172.929;8.7868
70;172.929;8.7868
71;172.929;8.7868
72;172.929;8.7868
73;172.929;8.7868
74;172.929;8.7868
75;180;15.8579
76;187.071;22.9289
77;187.071;22.9289
78;187.071;22.9289
79;187.071;22.9289
80;187.071;22.9289
81;187.071;22.9289
82;187.071;22.9289
83;187.071;22.9289
84;187.071;22.9289
85;180;15.8579
86;172.929;8.7868
87;172.929;8.7868
88;172.929;8.7868
89;172.929;8.7868
90;172.929;8.7868
91;172.929;8.7868
92;180;15.8579
93;187.071;22.9289
94;187.071;22.9289
95;187.071;22.9289
96;187.071;22.9289
97;187.071;22.9289
98;187.071;22.9289
99;187.071;22.9289
100;187.071;22.9289
101;187.071;22.9289
102;180;15.8579
103;172.929;8.7868
104;172.929;8.7868
105;172.929;8.7868
106;172.929;8.7868
107;172.929;8.7868
108;172.929;8.7868
109;180;15.8579
110;187.071;22.9289
111;187.071;22.9289
112;187.071;22.9289
113;187.071;22.9289
114;187.071;22.9289
115;187.071;22.9289
116;187.071;22.9289
117;187.071;22.9289
118;187.071;22.9289
119;180;15.8579
120;172.929;8.7868
121;172.929;8.7868
122;172.929;8.7868
123;172.929;8.7868
124;172.929;8.7868
125;172.929;8.7868
126;180;15.8579
127;187.071;22.9289
128;187.071;22.9289
129;187.071;22.9289
130;187.071;22.9289
131;187.071;22.9289
132;187.071;22.9289
133;187.071;22.9289
134;187.071;22.9289
135;187.071;22.9289
136;180;15.8579
137;172.929;8.7868
138;172.929;8.7868
139;172.929;8.7868
140;172.929;8.7868
141;172.929;8.7868
142;172.929;8.7868
143;180;15.8579
144;187.071;22.9289
145;187.071;22.9289
146;187.071;22.9289
147;187.071;22.9289
148;187.071;22.9289
149;187.071;22.9289
150;187.071;22.9289
151;187.071;22.9289
152;187.071;22.9289
153;180;15.8579
154;172.929;8.7868
155;172.929;8.7868
156;172.929;8.7868
157;172.929;8.7868
158;172.929;8.7868
159;172.929;8.7868
160;180;15.8579
161;187.071;22.9289
162;187.071;22.9289
163;187.071;22.9289
164;187.071;22.9289
165;187.071;22.9289
166;187.071;22.9289
167;187.071;22.9289
168;187.071;22.9289
169;187.071;22.9289
170;180;15.8579
171;172.929;8.7868
172;172.929;8.7868
173;172.929;8.7868
174;172.929;8.7868
175;172.929;8.7868
176;172.929;8.7868
177;180;15.8579
178;187.071;22.9289
179;187.071;22.9289
180;187.071;22.9289
181;187.071;22.9289
182;187.071;22.9289
183;187.071;22.9289
184;187.071;22.9289
185;187.071;22.9289
186;187.071;22.9289
187;180;15.8579
188;172.929;8.7868
189;172.929;8.7868
190;172.929;8.7868
191;172.929;8.7868
192;172.929;8.7868
193;172.929;8.7868
194;180;15.8579
195;187.071;22.9289
196;187.071;22.9289
197;187.071;22.9289
198;187.071;22.9289
199;187.071;22.9289
200;187.071;22.9289
201;187.071;22.9289
202;187.071;22.9289
203;187.071;22.9289
204;180;15.8579
205;172.929;8.7868
206;172.929;8.7868
207;172.929;8.7868
208;172.929;8.7868
209;172.929;8.7868
210;172.929;8.7868
211;180;15.8579
212;187.071;22.9289
213;187.071;22.9289
214;187.071;22.9289
215;187.071;22.9289
216;187.071;22.9289
217;187.071;22.9289
218;187.071;22.9289
219;187.071;22.9289
220;187.071;22.9289
221;180;15.8579
222;172.929;8.7868
223;172.929;8.7868
224;172.929;8.7868
225;172.929;8.7868
226;172.929;8.7868
227;172.929;8.7868
228;180;15.8579
229;187.071;22.9289
230;187.071;22.9289
231;187.071;22.9289
232;187.071;22.9289
233;187.071;22.9289
234;187.071;22.9289
235;187.071;22.9289
236;187.071;22.9289
237;187.071;22.9289
238;180;15.8579
239;172.929;8.7868
240;172.929;8.7868
241;172.929;8.7868
242;172.929;8.7868
243;172.929;8.7868
244;172.929;8.7868
245;180;15.8579
246;187.071;22.9289
247;187.071;22.9289
248;187.071;22.9289
249;187.071;22.9289
250;187.071;22.9289
251;187.071;22.9289
252;187.071;22.9289
253;187.071;22.9289
254;187.071;22.9289
255;180;15.8579
256;172.929;8.7868
257;172.929;8.7868
258;172.929;8.7868
259;172.929;8.7868
260;172.929;8.7868
261;172.929;8.7868
262;180;15.8579
263;187.071;22.9289
264;187.071;22.9289
265;187.071;22.9289
266;187.071;22.9289
267;187.071;22.9289
268;187.071;22.9289
269;187.071;22.9289
270;187.071;22.9289
271;187.071;22.9289
272;180;15.8579
273;172.929;8.7868
274;172.929;8.7868
275;172.929;8.7868
276;172.929;8.7868
277;172.929;8.7868
278;172.929;8.7868
279;180;15.8579
280;187.071;22.9289
281;187.071;22.9289
282;187.071;22.9289
283;187.071;22.9289
284;187.071;22.9289
285;187.071;22.9289
286;187.071;22.9289
287;187.071;22.9289
288;187.071;22.9289
289;180;15.8579
290;172.929;8.7868
291;172.929;8.7868
292;172.929;8.7868
293;172.929;8.7868
294;172.929;8.7868
295;172.929;8.7868
296;180;15.8579
297;187.071;22.9289
298;187.071;22.9289
299;187.071;22.9289
300;187.071;22.9289
