0;100;60
1;100;60
2;100;70
3;100;80
4;100;90
5;100;100
6;100;100
7;107.071;107.071
8;107.071;107.071
9;107.071;107.071
10;107.071;107.071
11;107.071;107.071
12;97.0711;107.071
13;97.0711;107.071
14;97.0711;97.0711
15;97.0711;87.0711
16;97.0711;77.0711
17;97.0711;67.0711
18;97.0711;57.0711
19;97.0711;47.0711
20;97.0711;37.0711
21;97.0711;27.0711
22;97.0711;17.0711
23;97.0711;17.0711
24;97.0711;17.0711
25;107.071;17.0711
26;117.071;17.0711
27;127.071;17.0711
28;137.071;17.0711
29;147.071;17.0711
30;157.071;17.0711
31;167.071;17.0711
32;177.071;17.0711
33;187.071;17.0711
34;187.071;17.0711
35;187.071;17.0711
36;187.071;27.0711
37;187.071;27.0711
38;177.071;27.0711
39;167.071;27.0711
40;167.071;27.0711
41;167.071;17.0711
42;167.071;17.0711
43;167.071;17.0711
44;177.071;17.0711
45;187.071;17.0711
46;187.071;17.0711
47;187.071;17.0711
48;187.071;27.0711
49;187.071;27.0711
50;177.071;27.0711
51;167.071;27.0711
52;167.071;27.0711
53;167.071;17.0711
54;167.071;17.0711
55;167.071;17.0711
56;177.071;17.0711
57;187.071;17.0711
58;187.071;17.0711
59;187.071;17.0711
60;187.071;27.0711
61;187.071;27.0711
62;177.071;27.0711
63;167.071;27.0711
64;167.071;27.0711
65;167.071;17.0711
66;167.071;17.0711
67;167.071;17.0711
68;177.071;17.0711
69;187.071;17.0711
70;187.071;17.0711
71;187.071;17.0711
72;187.071;27.0711
73;187.071;27.0711
74;177.071;27.0711
75;167.071;27.0711
76;167.071;27.0711
77;167.071;17.0711
78;167.071;17.0711
79;167.071;17.0711
80;177.071;17.0711
81;187.071;17.0711
82;187.071;17.0711
83;187.071;17.0711
84;187.071;27.0711
85;187.071;27.0711
86;177.071;27.0711
87;167.071;27.0711
88;167.071;27.0711
89;167.071;17.0711
90;167.071;17.0711
91;167.071;17.0711
92;177.071;17.0711
93;187.071;17.0711
94;187.071;17.0711
95;187.071;17.0711
96;187.071;27.0711
97;187.071;27.0711
98;177.071;27.0711
99;167.071;27.0711
100;167.071;27.0711
101;167.071;17.0711
102;167.071;17.0711
103;167.071;17.0711
104;177.071;17.0711
105;187.071;17.0711
106;187.071;17.0711
107;187.071;17.0711
108;187.071;27.0711
109;187.071;27.0711
110;177.071;27.0711
111;167.071;27.0711
112;167.071;27.0711
113;167.071;17.0711
114;167.071;17.0711
115;167.071;17.0711
116;177.071;17.0711
117;187.071;17.0711
118;187.071;17.0711
119;187.071;17.0711
120;187.071;27.0711
121;187.071;27.0711
122;177.071;27.0711
123;167.071;27.0711
124;167.071;27.0711
125;167.071;17.0711
126;167.071;17.0711
127;167.071;17.0711
128;177.071;17.0711
129;187.071;17.0711
130;187.071;17.0711
131;187.071;17.0711
132;187.071;27.0711
133;187.071;27.0711
134;177.071;27.0711
135;167.071;27.0711
136;167.071;27.0711
137;167.071;17.0711
138;167.071;17.0711
139;167.071;17.0711
140;177.071;17.0711
141;187.071;17.0711
142;187.071;17.0711
143;187.071;17.0711
144;187.071;27.0711
145;187.071;27.0711
146;177.071;27.0711
147;167.071;27.0711
148;167.071;27.0711
149;167.071;17.0711
150;167.071;17.0711
151;167.071;17.0711
152;177.071;17.0711
153;187.071;17.0711
154;187.071;17.0711
155;187.071;17.0711
156;187.071;27.0711
157;187.071;27.0711
158;177.071;27.0711
159;167.071;27.0711
160;167.071;27.0711
161;167.071;17.0711
162;167.071;17.0711
163;167.071;17.0711
164;177.071;17.0711
165;187.071;17.0711
166;187.071;17.0711
167;187.071;17.0711
168;187.071;27.0711
169;187.071;27.0711
170;177.071;27.0711
171;167.071;27.0711
172;167.071;27.0711
173;167.071;17.0711
174;167.071;17.0711
175;167.071;17.0711
176;177.071;17.0711
177;187.071;17.0711
178;187.071;17.0711
179;187.071;17.0711
180;187.071;27.0711
181;187.071;27.0711
182;177.071;27.0711
183;167.071;27.0711
184;167.071;27.0711
185;167.071;17.0711
186;167.071;17.0711
187;167.071;17.0711
188;177.071;17.0711
189;187.071;17.0711
190;187.071;17.0711
191;187.071;17.0711
192;187.071;27.0711
193;187.071;27.0711
194;177.071;27.0711
195;167.071;27.0711
196;167.071;27.0711
197;167.071;17.0711
198;167.071;17.0711
199;167.071;17.0711
200;177.071;17.0711
201;187.071;17.0711
202;187.071;17.0711
203;187.071;17.0711
204;187.071;27.0711
205;187.071;27.0711
206;177.071;27.0711
207;167.071;27.0711
208;167.071;27.0711
209;167.071;17.0711
210;167.071;17.0711
211;167.071;17.0711
212;177.071;17.0711
213;187.071;17.0711
214;187.071;17.0711
215;187.071;17.0711
216;187.071;27.0711
217;187.071;27.0711
218;177.071;27.0711
219;167.071;27.0711
220;167.071;27.0711
221;167.071;17.0711
222;167.071;17.0711
223;167.071;17.0711
224;177.071;17.0711
225;187.071;17.0711
226;187.071;17.0711
227;187.071;17.0711
228;187.071;27.0711
229;187.071;27.0711
230;177.071;27.0711
231;167.071;27.0711
232;167.071;27.0711
233;167.071;17.0711
234;167.071;17.0711
235;167.071;17.0711
236;177.071;17.0711
237;187.071;17.0711
238;187.071;17.0711
239;187.071;17.0711
240;187.071;27.0711
241;187.071;27.0711
242;177.071;27.0711
243;167.071;27.0711
244;167.071;27.0711
245;167.071;17.0711
246;167.071;17.0711
247;167.071;17.0711
248;177.071;17.0711
249;187.071;17.0711
250;187.071;17.0711
251;187.071;17.0711
252;187.071;27.0711
253;187.071;27.0711
254;177.071;27.0711
255;167.071;27.0711
256;167.071;27.0711
257;167.071;17.0711
258;167.071;17.0711
259;167.071;17.0711
260;177.071;17.0711
261;187.071;17.0711
262;187.071;17.0711
263;187.071;17.0711
264;187.071;27.0711
265;187.071;27.0711
266;177.071;27.0711
267;167.071;27.0711
268;167.071;27.0711
269;167.071;17.0711
270;167.071;17.0711
271;167.071;17.0711
272;177.071;17.0711
273;187.071;17.0711
274;187.071;17.0711
275;187.071;17.0711
276;187.071;27.0711
277;187.071;27.0711
278;177.071;27.0711
279;167.071;27.0711
280;167.071;27.0711
281;167.071;17.0711
282;167.071;17.0711
283;167.071;17.0711
284;177.071;17.0711
285;187.071;17.0711
286;187.071;17.0711
287;187.071;17.0711
288;187.071;27.0711
289;187.071;27.0711
290;177.071;27.0711
291;167.071;27.0711
292;167.071;27.0711
293;167.071;17.0711
294;167.071;17.0711
295;167.071;17.0711
296;177.071;17.0711
297;187.071;17.0711
298;187.071;17.0711
299;187.071;17.0711
300;187.071;27.0711
