0;100;60
1;110;60
2;110;60
3;110;70
4;110;80
5;110;90
6;110;100
7;110;100
8;110;100
9;102.929;107.071
10;102.929;107.071
11;102.929;107.071
12;92.9289;107.071
13;92.9289;107.071
14;92.9289;107.071
15;102.929;107.071
16;102.929;107.071
17;102.929;107.071
18;102.929;107.071
19;102.929;107.071
20;102.929;107.071
21;92.9289;107.071
22;92.9289;107.071
23;92.9289;107.071
24;102.929;107.071
25;102.929;107.071
26;102.929;107.071
27;102.929;107.071
28;102.929;107.071
29;102.929;107.071
30;92.9289;107.071
31;92.9289;107.071
32;92.9289;107.071
33;102.929;107.071
34;102.929;107.071
35;102.929;107.071
36;102.929;107.071
37;102.929;107.071
38;102.929;107.071
39;92.9289;107.071
40;92.9289;107.071
41;92.9289;107.071
42;102.929;107.071
43;102.929;107.071
44;102.929;107.071
45;102.929;107.071
46;102.929;107.071
47;102.929;107.071
48;92.9289;107.071
49;92.9289;107.071
50;92.9289;107.071
51;102.929;107.071
52;102.929;107.071
53;102.929;107.071
54;102.929;107.071
55;102.929;107.071
56;102.929;107.071
57;92.9289;107.071
58;92.9289;107.071
59;92.9289;107.071
60;102.929;107.071
61;102.929;107.071
62;102.929;107.071
63;102.929;107.071
64;102.929;107.071
65;102.929;107.071
66;92.9289;107.071
67;92.9289;107.071
68;92.9289;107.071
69;102.929;107.071
70;102.929;107.071
71;102.929;107.071
72;102.929;107.071
73;102.929;107.071
74;102.929;107.071
75;92.9289;107.071
76;92.9289;107.071
77;92.9289;107.071
78;102.929;107.071
79;102.929;107.071
80;102.929;107.071
81;102.929;107.071
82;102.929;107.071
83;102.929;107.071
84;92.9289;107.071
85;92.9289;107.071
86;92.9289;107.071
87;102.929;107.071
88;102.929;107.071
89;102.929;107.071
90;102.929;107.071
91;102.929;107.071
92;102.929;107.071
93;92.9289;107.071
94;92.9289;107.071
95;92.9289;107.071
96;102.929;107.071
97;102.929;107.071
98;102.929;107.071
99;102.929;107.071
100;102.929;107.071
101;102.929;107.071
102;92.9289;107.071
103;92.9289;107.071
104;92.9289;107.071
105;102.929;107.071
106;102.929;107.071
107;102.929;107.071
108;102.929;107.071
109;102.929;107.071
110;102.929;107.071
111;92.9289;107.071
112;92.9289;107.071
113;92.9289;107.071
114;102.929;107.071
115;102.929;107.071
116;102.929;107.071
117;102.929;107.071
118;102.929;107.071
119;102.929;107.071
120;92.9289;107.071
121;92.9289;107.071
122;92.9289;107.071
123;102.929;107.071
124;102.929;107.071
125;102.929;107.071
126;102.929;107.071
127;102.929;107.071
128;102.929;107.071
129;92.9289;107.071
130;92.9289;107.071
131;92.9289;107.071
132;102.929;107.071
133;102.929;107.071
134;102.929;107.071
135;102.929;107.071
136;102.929;107.071
137;102.929;107.071
138;92.9289;107.071
139;92.9289;107.071
140;92.9289;107.071
141;102.929;107.071
142;102.929;107.071
143;102.929;107.071
144;102.929;107.071
145;102.929;107.071
146;102.929;107.071
147;92.9289;107.071
148;92.9289;107.071
149;92.9289;107.071
150;102.929;107.071
151;102.929;107.071
152;102.929;107.071
153;102.929;107.071
154;102.929;107.071
155;102.929;107.071
156;92.9289;107.071
157;92.9289;107.071
158;92.9289;107.071
159;102.929;107.071
160;102.929;107.071
161;102.929;107.071
162;102.929;107.071
163;102.929;107.071
164;102.929;107.071
165;92.9289;107.071
166;92.9289;107.071
167;92.9289;107.071
168;102.929;107.071
169;102.929;107.071
170;102.929;107.071
171;102.929;107.071
172;102.929;107.071
173;102.929;107.071
174;92.9289;107.071
175;92.9289;107.071
176;92.9289;107.071
177;102.929;107.071
178;102.929;107.071
179;102.929;107.071
180;102.929;107.071
181;102.929;107.071
182;102.929;107.071
183;92.9289;107.071
184;92.9289;107.071
185;92.9289;107.071
186;102.929;107.071
187;102.929;107.071
188;102.929;107.071
189;102.929;107.071
190;102.929;107.071
191;102.929;107.071
192;92.9289;107.071
193;92.9289;107.071
194;92.9289;107.071
195;102.929;107.071
196;102.929;107.071
197;102.929;107.071
198;102.929;107.071
199;102.929;107.071
200;102.929;107.071
201;92.9289;107.071
202;92.9289;107.071
203;92.9289;107.071
204;102.929;107.071
205;102.929;107.071
206;102.929;107.071
207;102.929;107.071
208;102.929;107.071
209;102.929;107.071
210;92.9289;107.071
211;92.9289;107.071
212;92.9289;107.071
213;102.929;107.071
214;102.929;107.071
215;102.929;107.071
216;102.929;107.071
217;102.929;107.071
218;102.929;107.071
219;92.9289;107.071
220;92.9289;107.071
221;92.9289;107.071
222;102.929;107.071
223;102.929;107.071
224;102.929;107.071
225;102.929;107.071
226;102.929;107.071
227;102.929;107.071
228;92.9289;107.071
229;92.9289;107.071
230;92.9289;107.071
231;102.929;107.071
232;102.929;107.071
233;102.929;107.071
234;102.929;107.071
235;102.929;107.071
236;102.929;107.071
237;92.9289;107.071
238;92.9289;107.071
239;92.9289;107.071
240;102.929;107.071
241;102.929;107.071
242;102.929;107.071
243;102.929;107.071
244;102.929;107.071
245;102.929;107.071
246;92.9289;107.071
247;92.9289;107.071
248;92.9289;107.071
249;102.929;107.071
250;102.929;107.071
251;102.929;107.071
252;102.929;107.071
253;102.929;107.071
254;102.929;107.071
255;92.9289;107.071
256;92.9289;107.071
257;92.9289;107.071
258;102.929;107.071
259;102.929;107.071
260;102.929;107.071
261;102.929;107.071
262;102.929;107.071
263;102.929;107.071
264;92.9289;107.071
265;92.9289;107.071
266;92.9289;107.071
267;102.929;107.071
268;102.929;107.071
269;102.929;107.071
270;102.929;107.071
271;102.929;107.071
272;102.929;107.071
273;92.9289;107.071
274;92.9289;107.071
275;92.9289;107.071
276;102.929;107.071
277;102.929;107.071
278;102.929;107.071
279;102.929;107.071
280;102.929;107.071
281;102.929;107.071
282;92.9289;107.071
283;92.9289;107.071
284;92.9289;107.071
285;102.929;107.071
286;102.929;107.071
287;102.929;107.071
288;102.929;107.071
289;102.929;107.071
290;102.929;107.071
291;92.9289;107.071
292;92.9289;107.071
293;92.9289;107.071
294;102.929;107.071
295;102.929;107.071
296;102.929;107.071
297;102.929;107.071
298;102.929;107.071
299;102.929;107.071
300;92.9289;107.071
