0.041
0.082
0.113
0.129
0.147
0.135
0.168
0.176
0.170
0.165
0.212
0.182
0.199
0.180
0.211
0.223
0.232
0.226
0.252
0.274
0.262
0.312
0.296
0.322
0.336
0.347
0.304
0.332
0.339
0.318
0.364
0.333
0.365
0.336
0.352
0.369
0.330
0.346
0.340
0.332
0.329
0.351
0.353
0.355
0.363
0.381
0.345
0.321
0.330
0.344
0.362
0.357
0.353
0.347
0.363
0.341
0.353
0.369
0.363
0.392
0.352
0.376
0.343
0.359
0.349
0.354
0.362
0.348
0.384
0.372
0.358
0.370
0.370
0.370
0.359
0.375
0.349
0.383
0.372
0.362
0.381
0.348
0.362
0.372
0.353
0.345
0.366
0.388
0.374
0.398
0.377
0.390
0.361
0.366
0.369
0.384
0.392
0.416
0.399
0.398
0.376
0.348
0.390
0.384
0.407
0.405
0.405
0.382
0.376
0.352
0.391
0.386
0.374
0.381
0.394
0.389
0.399
0.387
0.440
0.387
0.402
0.392
0.375
0.359
0.409
0.369
0.406
0.385
0.392
0.336
0.380
0.386
0.396
0.416
0.390
0.407
0.367
0.374
0.386
0.409
0.443
0.411
0.411
0.422
0.417
0.421
0.444
0.396
0.382
0.394
0.392
0.428
0.425
0.399
0.382
0.412
0.439
0.383
0.382
0.424
0.390
0.420
0.381
0.403
0.404
0.397
0.386
0.412
0.402
0.392
0.383
0.370
0.417
0.382
0.405
0.356
0.382
0.411
0.383
0.409
0.414
0.388
0.378
0.424
0.393
0.438
0.423
0.394
0.431
0.411
0.401
0.395
0.404
0.432
0.399
0.418
0.406
0.419
0.416
0.380
0.394
0.387
0.396
0.405
0.411
0.420
0.408
0.407
0.416
0.445
0.429
0.381
0.410
0.399
0.405
0.408
0.409
0.398
0.410
0.393
0.405
0.385
0.398
0.380
0.392
0.405
0.407
0.374
0.409
0.427
0.400
0.371
0.380
0.391
0.416
0.402
0.402
0.400
0.407
0.415
0.417
0.431
0.400
0.428
0.435
0.380
0.422
0.428
0.435
0.398
0.382
0.411
0.431
0.411
0.425
0.392
0.410
0.410
0.405
0.402
0.391
0.404
0.407
0.417
0.448
0.417
0.418
0.414
0.404
0.423
0.399
0.391
0.429
0.418
0.404
0.405
0.392
0.422
0.407
0.394
0.402
0.397
0.422
0.409
0.430
0.420
0.409
0.414
0.399
0.387
0.429
0.419
0.432
0.394
0.410
0.439
0.431
0.432
0.425
0.421
0.405
0.421
0.409
0.410
0.399
0.429
0.419
0.389
0.405
0.411
0.428
0.417
0.423
0.436
0.411
0.395
0.394
0.406
0.395
0.403
0.435
0.395
0.402
0.410
0.392
0.381
0.410
0.409
0.413
0.404
0.391
0.383
0.419
0.444
0.415
0.416
0.396
0.397
0.430
0.397
0.428
0.399
0.428
0.411
0.417
0.413
0.430
0.419
0.392
0.428
0.424
0.439
0.393
0.389
0.389
0.415
0.386
0.381
0.391
0.404
0.420
0.401
0.388
0.418
0.412
0.402
0.440
0.407
0.418
0.420
0.428
0.404
0.432
0.401
0.429
0.431
0.436
0.425
0.400
0.389
0.437
0.433
0.402
0.400
0.416
0.419
0.434
0.412
0.425
0.404
0.419
0.394
0.433
0.443
0.390
0.425
0.400
0.399
0.417
0.428
0.380
0.396
0.413
0.381
0.427
0.376
0.408
0.419
0.404
0.383
0.360
0.392
0.421
0.405
0.420
0.431
0.391
0.404
0.434
0.394
0.373
0.408
0.432
0.436
0.432
0.413
0.398
0.403
0.410
0.431
0.470
0.407
0.386
0.419
0.426
0.430
0.411
0.400
0.403
0.400
0.415
0.395
0.405
0.390
0.429
0.435
0.418
0.375
0.359
0.400
0.400
0.394
0.434
0.435
0.403
0.399
0.406
0.427
0.416
0.383
0.410
0.413
0.375
0.399
0.373
0.405
0.359
0.414
0.400
0.399
0.415
0.418
0.412
0.433
0.380
0.421
0.402
0.388
0.404
0.433
0.427
0.432
0.413
0.367
0.402
0.401
0.423
0.437
0.403
0.424
0.376
0.395
0.406
0.392
0.417
0.427
0.424
0.459
0.407
0.433
