0.077
0.126
0.149
0.180
0.182
0.198
0.234
0.221
0.223
0.218
0.233
0.229
0.231
0.265
0.249
0.251
0.239
0.240
0.256
0.249
0.234
0.262
0.246
0.258
0.262
0.253
0.272
0.274
0.276
0.288
0.291
0.269
0.259
0.280
0.288
0.277
0.280
0.289
0.273
0.302
0.305
0.315
0.294
0.299
0.285
0.292
0.292
0.298
0.303
0.311
0.303
0.279
0.301
0.290
0.289
0.280
0.289
0.285
0.294
0.300
0.294
0.296
0.283
0.294
0.281
0.296
0.295
0.304
0.308
0.284
0.301
0.306
0.300
0.301
0.305
0.306
0.296
0.305
0.296
0.296
0.287
0.291
0.299
0.286
0.308
0.289
0.298
0.297
0.290
0.298
0.290
0.297
0.303
0.301
0.296
0.299
0.292
0.281
0.299
0.312
0.304
0.306
0.289
0.282
0.302
0.303
0.290
0.288
0.300
0.307
0.312
0.309
0.305
0.307
0.308
0.312
0.313
0.305
0.306
0.306
0.299
0.303
0.313
0.300
0.300
0.299
0.303
0.288
0.297
0.286
0.291
0.287
0.288
0.309
0.304
0.285
0.292
0.296
0.296
0.282
0.289
0.294
0.295
0.290
0.296
0.301
0.302
0.283
0.301
0.300
0.306
0.295
0.312
0.304
0.307
0.311
0.301
0.309
0.304
0.307
0.318
0.306
0.308
0.318
0.311
0.323
0.307
0.307
0.307
0.311
0.307
0.310
0.320
0.312
0.304
0.309
0.313
0.320
0.307
0.311
0.320
0.304
0.308
0.302
0.316
0.314
0.320
0.323
0.306
0.309
0.312
0.321
0.311
0.315
0.306
0.304
0.309
0.319
0.323
0.317
0.314
0.316
0.313
0.321
0.324
0.319
0.318
0.306
0.315
0.317
0.321
0.318
0.309
0.316
0.313
0.317
0.321
0.315
0.330
0.325
0.312
0.321
0.321
0.317
0.331
0.328
0.319
0.322
0.317
0.322
0.321
0.314
0.316
0.326
0.330
0.318
0.322
0.318
0.326
0.324
0.325
0.299
0.305
0.301
0.316
0.317
0.323
0.320
0.311
0.313
0.319
0.304
0.322
0.314
0.314
0.310
0.317
0.319
0.317
0.317
0.306
0.322
0.315
0.312
0.326
0.320
0.314
0.323
0.317
0.326
0.323
0.311
0.310
0.322
0.309
0.316
0.328
0.326
0.320
0.326
0.316
0.321
0.313
0.332
0.319
0.324
0.322
0.324
0.324
0.330
0.312
0.311
0.308
0.311
0.324
0.314
0.323
0.322
0.322
0.323
0.318
0.334
0.321
0.321
0.329
0.308
0.303
0.305
0.323
0.317
0.308
0.300
0.313
0.327
0.309
0.325
0.310
0.326
0.319
0.319
0.319
0.322
0.329
0.322
0.315
0.315
0.324
0.324
0.312
0.305
0.309
0.311
0.315
0.298
0.322
0.322
0.316
0.318
0.320
0.316
0.316
0.323
0.319
0.318
0.326
0.315
0.325
0.322
0.317
0.319
0.322
0.321
0.332
0.316
0.323
0.316
0.314
0.323
0.319
0.321
0.320
0.322
0.315
0.315
0.320
0.323
0.323
0.328
0.326
0.328
0.324
0.323
0.326
0.321
0.326
0.330
0.325
0.328
0.334
0.315
0.330
0.327
0.333
0.335
0.326
0.324
0.327
0.321
0.309
0.326
0.323
0.327
0.318
0.330
0.312
0.321
0.320
0.328
0.327
0.328
0.324
0.335
0.312
0.316
0.333
0.332
0.331
0.335
0.320
0.323
0.323
0.315
0.318
0.328
0.325
0.320
0.329
0.325
0.320
0.323
0.327
0.333
0.335
0.336
0.336
0.330
0.330
0.325
0.330
0.327
0.334
0.333
0.338
0.330
0.341
0.333
0.328
0.335
0.333
0.338
0.333
0.326
0.339
0.330
0.340
0.333
0.340
0.331
0.332
0.334
0.331
0.340
0.327
0.327
0.326
0.334
0.324
0.335
0.331
0.337
0.331
0.332
0.325
0.329
0.328
0.340
0.338
0.323
0.331
0.324
0.329
0.335
0.338
0.335
0.333
0.339
0.336
0.327
0.326
0.330
0.322
0.323
0.327
0.327
0.326
0.327
0.320
0.324
0.319
0.314
0.317
0.334
0.326
0.335
0.334
0.323
0.335
0.330
0.327
0.329
