0.275
0.298
0.287
0.322
0.312
0.340
0.352
0.387
0.390
0.378
0.388
0.392
0.415
0.418
0.417
0.425
0.423
0.435
0.430
0.432
0.433
0.430
0.430
0.428
0.420
0.417
0.437
0.427
0.428
0.432
0.422
0.443
0.437
0.430
0.442
0.430
0.423
0.423
0.427
0.438
0.430
0.432
0.440
0.442
0.430
0.432
0.435
0.423
0.432
0.427
0.440
0.423
0.428
0.435
0.428
0.435
0.435
0.435
0.440
0.437
0.430
0.427
0.430
0.427
0.428
0.430
0.435
0.435
0.438
0.430
0.433
0.435
0.428
0.435
0.462
0.452
0.460
0.480
0.472
0.462
0.473
0.483
0.473
0.492
0.478
0.497
0.478
0.487
0.492
0.483
0.497
0.475
0.487
0.500
0.505
0.512
0.500
0.507
0.505
0.498
0.500
0.493
0.497
0.493
0.503
0.508
0.498
0.493
0.500
0.497
0.495
0.490
0.497
0.502
0.512
0.502
0.505
0.495
0.500
0.495
0.513
0.495
0.493
0.513
0.503
0.520
0.498
0.498
0.493
0.513
0.500
0.495
0.502
0.508
0.487
0.495
0.493
0.500
0.487
0.497
0.497
0.482
0.495
0.492
0.493
0.503
0.500
0.498
0.503
0.492
0.498
0.498
0.508
0.502
0.517
0.497
0.505
0.493
0.498
0.500
0.502
0.497
0.503
0.502
0.508
0.495
0.497
0.500
0.495
0.502
0.493
0.507
0.498
0.498
0.507
0.497
0.523
0.513
0.507
0.513
0.510
0.510
0.515
0.513
0.512
0.505
0.505
0.503
0.497
0.503
0.508
0.517
0.503
0.510
0.505
0.510
0.498
0.497
0.523
0.493
0.502
0.500
0.497
0.508
0.497
0.498
0.502
0.503
0.505
0.500
0.492
0.507
0.503
0.503
0.508
0.512
0.510
0.492
0.497
0.500
0.510
0.502
0.510
0.508
0.512
0.513
0.510
0.502
0.498
0.502
0.510
0.512
0.515
0.508
0.500
0.502
0.507
0.505
0.517
0.510
0.503
0.515
0.500
0.503
0.503
0.503
0.510
0.507
0.507
0.507
0.520
0.505
0.515
0.507
0.512
0.498
0.510
0.503
0.520
0.518
0.507
0.515
0.503
0.497
0.507
0.502
0.505
0.502
0.510
0.505
0.520
0.502
0.503
0.512
0.498
0.502
0.513
0.502
0.502
0.505
0.515
0.503
0.512
0.508
0.505
0.508
0.505
0.502
0.505
0.503
0.525
0.492
0.500
0.498
0.502
0.502
0.500
0.500
0.507
0.523
0.507
0.500
0.515
0.502
0.515
0.498
0.510
0.522
0.508
0.515
0.507
0.507
0.508
0.512
0.502
0.503
0.515
0.500
0.513
0.502
0.505
0.500
0.495
0.497
0.502
0.510
0.517
0.505
0.502
0.498
0.510
0.510
0.505
0.503
0.515
0.507
0.513
0.500
0.512
0.507
0.498
0.505
0.510
0.512
0.505
0.503
0.508
0.502
0.510
0.520
0.510
0.515
0.505
0.515
0.512
0.512
0.507
0.508
0.520
0.517
0.508
0.508
0.508
0.517
0.500
0.518
0.515
0.513
0.520
0.515
0.520
0.515
0.507
0.513
0.507
0.510
0.515
0.515
0.515
0.513
0.510
0.513
0.513
0.517
0.513
0.518
0.508
0.507
0.508
0.515
0.510
0.505
0.522
0.517
0.517
0.507
0.510
0.512
0.522
0.505
0.523
0.518
0.518
0.518
0.522
0.518
0.523
0.512
0.508
0.508
0.505
0.517
0.517
0.505
0.513
0.520
0.510
0.513
0.525
0.512
0.507
0.512
0.507
0.517
0.512
0.518
0.513
0.518
0.505
0.520
0.527
0.518
0.505
0.517
0.510
0.505
0.502
0.517
0.510
0.527
0.525
0.523
0.523
0.527
0.515
0.518
0.512
0.512
0.510
0.512
0.520
0.512
0.518
0.515
0.507
0.502
0.517
0.507
0.520
0.512
0.517
0.507
0.517
0.518
0.517
0.520
0.515
0.517
0.517
0.513
0.522
0.527
0.515
0.515
0.510
0.512
0.517
0.518
0.520
0.517
0.508
0.512
0.528
0.520
0.520
0.513
0.530
0.523
0.512
0.525
0.515
0.518
0.517
0.517
0.508
0.527
0.528
0.517
0.522
0.517
