0;100;60
1;100;60
2;100;60
3;100;60
4;100;60
5;100;60
6;92.9289;52.9289
7;85.8579;45.8579
8;78.7868;38.7868
9;71.7157;31.7157
10;64.6447;24.6447
11;57.5736;17.5736
12;50.5025;10.5025
13;50.5025;10.5025
14;50.5025;10.5025
15;40.5025;10.5025
16;40.5025;10.5025
17;33.4315;17.5736
18;26.3604;24.6447
19;19.2893;31.7157
20;12.2183;38.7868
21;12.2183;38.7868
22;12.2183;38.7868
23;12.2183;48.7868
24;12.2183;48.7868
25;19.2893;55.8579
26;26.3604;62.9289
27;26.3604;62.9289
28;26.3604;62.9289
29;19.2893;70
30;12.2183;77.0711
31;12.2183;77.0711
32;12.2183;77.0711
33;12.2183;87.0711
34;12.2183;87.0711
35;19.2893;94.1421
36;26.3604;101.213
37;33.4315;108.284
38;33.4315;108.284
39;33.4315;108.284
40;43.4315;108.284
41;43.4315;108.284
42;50.5025;101.213
43;57.5736;94.1421
44;57.5736;94.1421
45;57.5736;94.1421
46;64.6447;101.213
47;71.7157;108.284
48;71.7157;108.284
49;71.7157;108.284
50;81.7157;108.284
51;81.7157;108.284
52;88.7868;101.213
53;95.8579;94.1421
54;95.8579;94.1421
55;95.8579;94.1421
56;102.929;101.213
57;110;108.284
58;110;108.284
59;110;108.284
60;120;108.284
61;120;108.284
62;127.071;101.213
63;134.142;94.1421
64;134.142;94.1421
65;134.142;94.1421
66;141.213;101.213
67;148.284;108.284
68;148.284;108.284
69;148.284;108.284
70;158.284;108.284
71;158.284;108.284
72;165.355;101.213
73;172.426;94.1421
74;179.497;87.0711
75;186.569;80
76;186.569;80
77;186.569;80
78;186.569;70
79;186.569;70
80;179.497;62.9289
81;172.426;55.8579
82;172.426;55.8579
83;172.426;55.8579
84;179.497;48.7868
85;186.569;41.7157
86;186.569;41.7157
87;186.569;41.7157
88;186.569;31.7157
89;186.569;31.7157
90;179.497;24.6447
91;172.426;17.5736
92;165.355;10.5025
93;165.355;10.5025
94;165.355;10.5025
95;155.355;10.5025
96;155.355;10.5025
97;148.284;17.5736
98;141.213;24.6447
99;141.213;24.6447
100;141.213;24.6447
101;134.142;17.5736
102;127.071;10.5025
103;127.071;10.5025
104;127.071;10.5025
105;117.071;10.5025
106;117.071;10.5025
107;110;17.5736
108;102.929;24.6447
109;102.929;24.6447
110;102.929;24.6447
111;95.8579;17.5736
112;88.7868;10.5025
113;88.7868;10.5025
114;88.7868;10.5025
115;78.7868;10.5025
116;78.7868;10.5025
117;71.7157;17.5736
118;64.6447;24.6447
119;64.6447;24.6447
120;64.6447;24.6447
121;57.5736;17.5736
122;50.5025;10.5025
123;50.5025;10.5025
124;50.5025;10.5025
125;40.5025;10.5025
126;40.5025;10.5025
127;33.4315;17.5736
128;26.3604;24.6447
129;19.2893;31.7157
130;12.2183;38.7868
131;12.2183;38.7868
132;12.2183;38.7868
133;12.2183;48.7868
134;12.2183;48.7868
135;19.2893;55.8579
136;26.3604;62.9289
137;26.3604;62.9289
138;26.3604;62.9289
139;19.2893;70
140;12.2183;77.0711
141;12.2183;77.0711
142;12.2183;77.0711
143;12.2183;87.0711
144;12.2183;87.0711
145;19.2893;94.1421
146;26.3604;101.213
147;33.4315;108.284
148;33.4315;108.284
149;33.4315;108.284
150;43.4315;108.284
151;43.4315;108.284
152;50.5025;101.213
153;57.5736;94.1421
154;57.5736;94.1421
155;57.5736;94.1421
156;64.6447;101.213
157;71.7157;108.284
158;71.7157;108.284
159;71.7157;108.284
160;81.7157;108.284
161;81.7157;108.284
162;88.7868;101.213
163;95.8579;94.1421
164;95.8579;94.1421
165;95.8579;94.1421
166;102.929;101.213
167;110;108.284
168;110;108.284
169;110;108.284
170;120;108.284
171;120;108.284
172;127.071;101.213
173;134.142;94.1421
174;134.142;94.1421
175;134.142;94.1421
176;141.213;101.213
177;148.284;108.284
178;148.284;108.284
179;148.284;108.284
180;158.284;108.284
181;158.284;108.284
182;165.355;101.213
183;172.426;94.1421
184;179.497;87.0711
185;186.569;80
186;186.569;80
187;186.569;80
188;186.569;70
189;186.569;70
190;179.497;62.9289
191;172.426;55.8579
192;172.426;55.8579
193;172.426;55.8579
194;179.497;48.7868
195;186.569;41.7157
196;186.569;41.7157
197;186.569;41.7157
198;186.569;31.7157
199;186.569;31.7157
200;179.497;24.6447
201;172.426;17.5736
202;165.355;10.5025
203;165.355;10.5025
204;165.355;10.5025
205;155.355;10.5025
206;155.355;10.5025
207;148.284;17.5736
208;141.213;24.6447
209;141.213;24.6447
210;141.213;24.6447
211;134.142;17.5736
212;127.071;10.5025
213;127.071;10.5025
214;127.071;10.5025
215;117.071;10.5025
216;117.071;10.5025
217;110;17.5736
218;102.929;24.6447
219;102.929;24.6447
220;102.929;24.6447
221;95.8579;17.5736
222;88.7868;10.5025
223;88.7868;10.5025
224;88.7868;10.5025
225;78.7868;10.5025
226;78.7868;10.5025
227;71.7157;17.5736
228;64.6447;24.6447
229;64.6447;24.6447
230;64.6447;24.6447
231;57.5736;17.5736
232;50.5025;10.5025
233;50.5025;10.5025
234;50.5025;10.5025
235;40.5025;10.5025
236;40.5025;10.5025
237;33.4315;17.5736
238;26.3604;24.6447
239;19.2893;31.7157
240;12.2183;38.7868
241;12.2183;38.7868
242;12.2183;38.7868
243;12.2183;48.7868
244;12.2183;48.7868
245;19.2893;55.8579
246;26.3604;62.9289
247;26.3604;62.9289
248;26.3604;62.9289
249;19.2893;70
250;12.2183;77.0711
251;12.2183;77.0711
252;12.2183;77.0711
253;12.2183;87.0711
254;12.2183;87.0711
255;19.2893;94.1421
256;26.3604;101.213
257;33.4315;108.284
258;33.4315;108.284
259;33.4315;108.284
260;43.4315;108.284
261;43.4315;108.284
262;50.5025;101.213
263;57.5736;94.1421
264;57.5736;94.1421
265;57.5736;94.1421
266;64.6447;101.213
267;71.7157;108.284
268;71.7157;108.284
269;71.7157;108.284
270;81.7157;108.284
271;81.7157;108.284
272;88.7868;101.213
273;95.8579;94.1421
274;95.8579;94.1421
275;95.8579;94.1421
276;102.929;101.213
277;110;108.284
278;110;108.284
279;110;108.284
280;120;108.284
281;120;108.284
282;127.071;101.213
283;134.142;94.1421
284;134.142;94.1421
285;134.142;94.1421
286;141.213;101.213
287;148.284;108.284
288;148.284;108.284
289;148.284;108.284
290;158.284;108.284
291;158.284;108.284
292;165.355;101.213
293;172.426;94.1421
294;179.497;87.0711
295;186.569;80
296;186.569;80
297;186.569;80
298;186.569;70
299;186.569;70
300;179.497;62.9289
