0;100;60
1;100;60
2;107.071;52.9289
3;114.142;45.8579
4;121.213;38.7868
5;128.284;31.7157
6;135.355;24.6447
7;142.426;17.5736
8;149.497;10.5025
9;149.497;10.5025
10;149.497;10.5025
11;156.569;17.5736
12;163.64;24.6447
13;170.711;31.7157
14;170.711;31.7157
15;180.711;31.7157
16;180.711;31.7157
17;187.782;38.7868
18;187.782;38.7868
19;180.711;45.8579
20;173.64;52.9289
21;173.64;52.9289
22;173.64;62.9289
23;173.64;62.9289
24;180.711;70
25;187.782;77.0711
26;187.782;77.0711
27;187.782;77.0711
28;180.711;84.1421
29;173.64;91.2132
30;166.569;98.2843
31;159.497;105.355
32;152.426;112.426
33;152.426;112.426
34;152.426;112.426
35;145.355;105.355
36;138.284;98.2843
37;138.284;98.2843
38;128.284;98.2843
39;128.284;98.2843
40;121.213;105.355
41;114.142;112.426
42;114.142;112.426
43;114.142;112.426
44;107.071;105.355
45;100;98.2843
46;100;98.2843
47;90;98.2843
48;90;98.2843
49;82.9289;105.355
50;75.8579;112.426
51;75.8579;112.426
52;75.8579;112.426
53;68.7868;105.355
54;61.7157;98.2843
55;61.7157;98.2843
56;51.7157;98.2843
57;51.7157;98.2843
58;44.6447;105.355
59;37.5736;112.426
60;37.5736;112.426
61;30.5025;105.355
62;23.4315;98.2843
63;16.3604;91.2132
64;9.28932;84.1421
65;9.28932;84.1421
66;9.28932;84.1421
67;16.3604;77.0711
68;23.4315;70
69;23.4315;70
70;23.4315;60
71;23.4315;60
72;16.3604;52.9289
73;9.28932;45.8579
74;9.28932;45.8579
75;9.28932;45.8579
76;16.3604;38.7868
77;23.4315;31.7157
78;30.5025;24.6447
79;37.5736;17.5736
80;44.6447;10.5025
81;44.6447;10.5025
82;44.6447;10.5025
83;51.7157;17.5736
84;58.7868;24.6447
85;58.7868;24.6447
86;68.7868;24.6447
87;68.7868;24.6447
88;75.8579;17.5736
89;82.9289;10.5025
90;82.9289;10.5025
91;82.9289;10.5025
92;90;17.5736
93;97.0711;24.6447
94;97.0711;24.6447
95;107.071;24.6447
96;107.071;24.6447
97;114.142;17.5736
98;121.213;10.5025
99;121.213;10.5025
100;121.213;10.5025
101;128.284;17.5736
102;135.355;24.6447
103;135.355;24.6447
104;145.355;24.6447
105;145.355;24.6447
106;152.426;17.5736
107;159.497;10.5025
108;159.497;10.5025
109;159.497;10.5025
110;166.569;17.5736
111;173.64;24.6447
112;180.711;31.7157
113;187.782;38.7868
114;187.782;38.7868
115;187.782;38.7868
116;180.711;45.8579
117;173.64;52.9289
118;173.64;52.9289
119;173.64;62.9289
120;173.64;62.9289
121;180.711;70
122;187.782;77.0711
123;187.782;77.0711
124;187.782;77.0711
125;180.711;84.1421
126;173.64;91.2132
127;166.569;98.2843
128;159.497;105.355
129;152.426;112.426
130;152.426;112.426
131;152.426;112.426
132;145.355;105.355
133;138.284;98.2843
134;138.284;98.2843
135;128.284;98.2843
136;128.284;98.2843
137;121.213;105.355
138;114.142;112.426
139;114.142;112.426
140;114.142;112.426
141;107.071;105.355
142;100;98.2843
143;100;98.2843
144;90;98.2843
145;90;98.2843
146;82.9289;105.355
147;75.8579;112.426
148;75.8579;112.426
149;75.8579;112.426
150;68.7868;105.355
151;61.7157;98.2843
152;61.7157;98.2843
153;51.7157;98.2843
154;51.7157;98.2843
155;44.6447;105.355
156;37.5736;112.426
157;37.5736;112.426
158;30.5025;105.355
159;23.4315;98.2843
160;16.3604;91.2132
161;9.28932;84.1421
162;9.28932;84.1421
163;9.28932;84.1421
164;16.3604;77.0711
165;23.4315;70
166;23.4315;70
167;23.4315;60
168;23.4315;60
169;16.3604;52.9289
170;9.28932;45.8579
171;9.28932;45.8579
172;9.28932;45.8579
173;16.3604;38.7868
174;23.4315;31.7157
175;30.5025;24.6447
176;37.5736;17.5736
177;44.6447;10.5025
178;44.6447;10.5025
179;44.6447;10.5025
180;51.7157;17.5736
181;58.7868;24.6447
182;58.7868;24.6447
183;68.7868;24.6447
184;68.7868;24.6447
185;75.8579;17.5736
186;82.9289;10.5025
187;82.9289;10.5025
188;82.9289;10.5025
189;90;17.5736
190;97.0711;24.6447
191;97.0711;24.6447
192;107.071;24.6447
193;107.071;24.6447
194;114.142;17.5736
195;121.213;10.5025
196;121.213;10.5025
197;121.213;10.5025
198;128.284;17.5736
199;135.355;24.6447
200;135.355;24.6447
201;145.355;24.6447
202;145.355;24.6447
203;152.426;17.5736
204;159.497;10.5025
205;159.497;10.5025
206;159.497;10.5025
207;166.569;17.5736
208;173.64;24.6447
209;180.711;31.7157
210;187.782;38.7868
211;187.782;38.7868
212;187.782;38.7868
213;180.711;45.8579
214;173.64;52.9289
215;173.64;52.9289
216;173.64;62.9289
217;173.64;62.9289
218;180.711;70
219;187.782;77.0711
220;187.782;77.0711
221;187.782;77.0711
222;180.711;84.1421
223;173.64;91.2132
224;166.569;98.2843
225;159.497;105.355
226;152.426;112.426
227;152.426;112.426
228;152.426;112.426
229;145.355;105.355
230;138.284;98.2843
231;138.284;98.2843
232;128.284;98.2843
233;128.284;98.2843
234;121.213;105.355
235;114.142;112.426
236;114.142;112.426
237;114.142;112.426
238;107.071;105.355
239;100;98.2843
240;100;98.2843
241;90;98.2843
242;90;98.2843
243;82.9289;105.355
244;75.8579;112.426
245;75.8579;112.426
246;75.8579;112.426
247;68.7868;105.355
248;61.7157;98.2843
249;61.7157;98.2843
250;51.7157;98.2843
251;51.7157;98.2843
252;44.6447;105.355
253;37.5736;112.426
254;37.5736;112.426
255;30.5025;105.355
256;23.4315;98.2843
257;16.3604;91.2132
258;9.28932;84.1421
259;9.28932;84.1421
260;9.28932;84.1421
261;16.3604;77.0711
262;23.4315;70
263;23.4315;70
264;23.4315;60
265;23.4315;60
266;16.3604;52.9289
267;9.28932;45.8579
268;9.28932;45.8579
269;9.28932;45.8579
270;16.3604;38.7868
271;23.4315;31.7157
272;30.5025;24.6447
273;37.5736;17.5736
274;44.6447;10.5025
275;44.6447;10.5025
276;44.6447;10.5025
277;51.7157;17.5736
278;58.7868;24.6447
279;58.7868;24.6447
280;68.7868;24.6447
281;68.7868;24.6447
282;75.8579;17.5736
283;82.9289;10.5025
284;82.9289;10.5025
285;82.9289;10.5025
286;90;17.5736
287;97.0711;24.6447
288;97.0711;24.6447
289;107.071;24.6447
290;107.071;24.6447
291;114.142;17.5736
292;121.213;10.5025
293;121.213;10.5025
294;121.213;10.5025
295;128.284;17.5736
296;135.355;24.6447
297;135.355;24.6447
298;145.355;24.6447
299;145.355;24.6447
300;152.426;17.5736
