0;100;60
1;110;60
2;120;60
3;130;60
4;140;60
5;150;60
6;160;60
7;160;60
8;167.071;52.9289
9;167.071;52.9289
10;174.142;60
11;181.213;67.0711
12;188.284;74.1421
13;188.284;74.1421
14;188.284;74.1421
15;181.213;81.2132
16;174.142;88.2843
17;167.071;95.3553
18;160;102.426
19;152.929;109.497
20;152.929;109.497
21;152.929;109.497
22;145.858;102.426
23;138.787;95.3553
24;131.716;88.2843
25;124.645;81.2132
26;117.574;74.1421
27;110.503;67.0711
28;103.431;60
29;96.3604;52.9289
30;89.2893;45.8579
31;82.2183;38.7868
32;82.2183;38.7868
33;89.2893;31.7157
34;96.3604;24.6447
35;103.431;17.5736
36;110.503;10.5025
37;110.503;10.5025
38;110.503;10.5025
39;117.574;17.5736
40;124.645;24.6447
41;131.716;31.7157
42;138.787;38.7868
43;145.858;45.8579
44;152.929;52.9289
45;160;60
46;167.071;67.0711
47;174.142;74.1421
48;181.213;81.2132
49;188.284;88.2843
50;188.284;88.2843
51;188.284;88.2843
52;181.213;95.3553
53;174.142;102.426
54;167.071;109.497
55;167.071;109.497
56;167.071;109.497
57;160;102.426
58;152.929;95.3553
59;145.858;88.2843
60;138.787;81.2132
61;131.716;74.1421
62;124.645;67.0711
63;117.574;60
64;110.503;52.9289
65;103.431;45.8579
66;96.3604;38.7868
67;96.3604;38.7868
68;103.431;31.7157
69;110.503;24.6447
70;117.574;17.5736
71;124.645;10.5025
72;124.645;10.5025
73;124.645;10.5025
74;131.716;17.5736
75;138.787;24.6447
76;145.858;31.7157
77;152.929;38.7868
78;160;45.8579
79;167.071;52.9289
80;174.142;60
81;181.213;67.0711
82;188.284;74.1421
83;188.284;74.1421
84;188.284;74.1421
85;181.213;81.2132
86;174.142;88.2843
87;167.071;95.3553
88;160;102.426
89;152.929;109.497
90;152.929;109.497
91;152.929;109.497
92;145.858;102.426
93;138.787;95.3553
94;131.716;88.2843
95;124.645;81.2132
96;117.574;74.1421
97;110.503;67.0711
98;103.431;60
99;96.3604;52.9289
100;89.2893;45.8579
101;82.2183;38.7868
102;82.2183;38.7868
103;89.2893;31.7157
104;96.3604;24.6447
105;103.431;17.5736
106;110.503;10.5025
107;110.503;10.5025
108;110.503;10.5025
109;117.574;17.5736
110;124.645;24.6447
111;131.716;31.7157
112;138.787;38.7868
113;145.858;45.8579
114;152.929;52.9289
115;160;60
116;167.071;67.0711
117;174.142;74.1421
118;181.213;81.2132
119;188.284;88.2843
120;188.284;88.2843
121;188.284;88.2843
122;181.213;95.3553
123;174.142;102.426
124;167.071;109.497
125;167.071;109.497
126;167.071;109.497
127;160;102.426
128;152.929;95.3553
129;145.858;88.2843
130;138.787;81.2132
131;131.716;74.1421
132;124.645;67.0711
133;117.574;60
134;110.503;52.9289
135;103.431;45.8579
136;96.3604;38.7868
137;96.3604;38.7868
138;103.431;31.7157
139;110.503;24.6447
140;117.574;17.5736
141;124.645;10.5025
142;124.645;10.5025
143;124.645;10.5025
144;131.716;17.5736
145;138.787;24.6447
146;145.858;31.7157
147;152.929;38.7868
148;160;45.8579
149;167.071;52.9289
150;174.142;60
151;181.213;67.0711
152;188.284;74.1421
153;188.284;74.1421
154;188.284;74.1421
155;181.213;81.2132
156;174.142;88.2843
157;167.071;95.3553
158;160;102.426
159;152.929;109.497
160;152.929;109.497
161;152.929;109.497
162;145.858;102.426
163;138.787;95.3553
164;131.716;88.2843
165;124.645;81.2132
166;117.574;74.1421
167;110.503;67.0711
168;103.431;60
169;96.3604;52.9289
170;89.2893;45.8579
171;82.2183;38.7868
172;82.2183;38.7868
173;89.2893;31.7157
174;96.3604;24.6447
175;103.431;17.5736
176;110.503;10.5025
177;110.503;10.5025
178;110.503;10.5025
179;117.574;17.5736
180;124.645;24.6447
181;131.716;31.7157
182;138.787;38.7868
183;145.858;45.8579
184;152.929;52.9289
185;160;60
186;167.071;67.0711
187;174.142;74.1421
188;181.213;81.2132
189;188.284;88.2843
190;188.284;88.2843
191;188.284;88.2843
192;181.213;95.3553
193;174.142;102.426
194;167.071;109.497
195;167.071;109.497
196;167.071;109.497
197;160;102.426
198;152.929;95.3553
199;145.858;88.2843
200;138.787;81.2132
201;131.716;74.1421
202;124.645;67.0711
203;117.574;60
204;110.503;52.9289
205;103.431;45.8579
206;96.3604;38.7868
207;96.3604;38.7868
208;103.431;31.7157
209;110.503;24.6447
210;117.574;17.5736
211;124.645;10.5025
212;124.645;10.5025
213;124.645;10.5025
214;131.716;17.5736
215;138.787;24.6447
216;145.858;31.7157
217;152.929;38.7868
218;160;45.8579
219;167.071;52.9289
220;174.142;60
221;181.213;67.0711
222;188.284;74.1421
223;188.284;74.1421
224;188.284;74.1421
225;181.213;81.2132
226;174.142;88.2843
227;167.071;95.3553
228;160;102.426
229;152.929;109.497
230;152.929;109.497
231;152.929;109.497
232;145.858;102.426
233;138.787;95.3553
234;131.716;88.2843
235;124.645;81.2132
236;117.574;74.1421
237;110.503;67.0711
238;103.431;60
239;96.3604;52.9289
240;89.2893;45.8579
241;82.2183;38.7868
242;82.2183;38.7868
243;89.2893;31.7157
244;96.3604;24.6447
245;103.431;17.5736
246;110.503;10.5025
247;110.503;10.5025
248;110.503;10.5025
249;117.574;17.5736
250;124.645;24.6447
251;131.716;31.7157
252;138.787;38.7868
253;145.858;45.8579
254;152.929;52.9289
255;160;60
256;167.071;67.0711
257;174.142;74.1421
258;181.213;81.2132
259;188.284;88.2843
260;188.284;88.2843
261;188.284;88.2843
262;181.213;95.3553
263;174.142;102.426
264;167.071;109.497
265;167.071;109.497
266;167.071;109.497
267;160;102.426
268;152.929;95.3553
269;145.858;88.2843
270;138.787;81.2132
271;131.716;74.1421
272;124.645;67.0711
273;117.574;60
274;110.503;52.9289
275;103.431;45.8579
276;96.3604;38.7868
277;96.3604;38.7868
278;103.431;31.7157
279;110.503;24.6447
280;117.574;17.5736
281;124.645;10.5025
282;124.645;10.5025
283;124.645;10.5025
284;131.716;17.5736
285;138.787;24.6447
286;145.858;31.7157
287;152.929;38.7868
288;160;45.8579
289;167.071;52.9289
290;174.142;60
291;181.213;67.0711
292;188.284;74.1421
293;188.284;74.1421
294;188.284;74.1421
295;181.213;81.2132
296;174.142;88.2843
297;167.071;95.3553
298;160;102.426
299;152.929;109.497
300;152.929;109.497
