-0.210
-0.114
-0.033
-0.016
-0.007
0.020
0.047
0.028
0.050
0.065
0.089
0.119
0.133
0.131
0.147
0.146
0.143
0.142
0.133
0.119
0.132
0.148
0.143
0.166
0.162
0.181
0.184
0.176
0.178
0.161
0.196
0.171
0.187
0.178
0.189
0.180
0.182
0.193
0.164
0.182
0.190
0.196
0.194
0.209
0.204
0.193
0.210
0.188
0.198
0.175
0.186
0.190
0.177
0.189
0.190
0.160
0.181
0.188
0.165
0.179
0.190
0.204
0.161
0.193
0.204
0.199
0.183
0.182
0.152
0.194
0.201
0.201
0.200
0.201
0.206
0.188
0.164
0.170
0.216
0.183
0.213
0.222
0.198
0.193
0.216
0.209
0.195
0.204
0.211
0.201
0.204
0.240
0.206
0.229
0.213
0.223
0.204
0.201
0.209
0.225
0.222
0.221
0.226
0.229
0.216
0.221
0.218
0.233
0.217
0.208
0.191
0.212
0.226
0.204
0.240
0.236
0.229
0.235
0.246
0.243
0.241
0.219
0.218
0.224
0.227
0.237
0.218
0.232
0.235
0.241
0.236
0.233
0.228
0.228
0.238
0.222
0.200
0.209
0.230
0.214
0.223
0.222
0.258
0.233
0.211
0.217
0.240
0.234
0.220
0.213
0.207
0.225
0.228
0.237
0.237
0.230
0.211
0.236
0.233
0.227
0.229
0.242
0.229
0.231
0.221
0.224
0.213
0.230
0.239
0.237
0.231
0.209
0.230
0.230
0.230
0.239
0.231
0.250
0.232
0.250
0.255
0.240
0.251
0.262
0.236
0.250
0.257
0.245
0.262
0.248
0.248
0.236
0.239
0.239
0.243
0.246
0.254
0.235
0.249
0.241
0.238
0.243
0.244
0.243
0.233
0.234
0.259
0.254
0.240
0.249
0.268
0.300
0.297
0.284
0.288
0.309
0.308
0.299
0.286
0.287
0.284
0.301
0.289
0.276
0.287
0.304
0.286
0.296
0.309
0.296
0.285
0.291
0.295
0.289
0.281
0.297
0.298
0.285
0.296
0.292
0.300
0.285
0.282
0.276
0.289
0.293
0.291
0.291
0.307
0.293
0.295
0.292
0.293
0.283
0.293
0.279
0.295
0.288
0.302
0.308
0.293
0.306
0.295
0.286
0.297
0.294
0.282
0.296
0.293
0.286
0.301
0.300
0.294
0.296
0.296
0.293
0.296
0.285
0.293
0.292
0.298
0.307
0.290
0.309
0.297
0.291
0.298
0.311
0.300
0.308
0.289
0.293
0.285
0.281
0.270
0.284
0.300
0.301
0.274
0.307
0.310
0.310
0.302
0.323
0.291
0.313
0.299
0.304
0.306
0.312
0.299
0.310
0.309
0.296
0.292
0.281
0.311
0.290
0.300
0.294
0.309
0.304
0.293
0.300
0.297
0.315
0.302
0.312
0.306
0.317
0.288
0.307
0.302
0.303
0.299
0.289
0.308
0.307
0.298
0.307
0.309
0.310
0.294
0.306
0.302
0.312
0.295
0.305
0.299
0.294
0.311
0.296
0.290
0.296
0.293
0.299
0.296
0.304
0.302
0.307
0.291
0.276
0.302
0.293
0.298
0.311
0.321
0.310
0.311
0.307
0.295
0.305
0.308
0.306
0.317
0.302
0.307
0.329
0.310
0.318
0.313
0.309
0.311
0.294
0.289
0.289
0.282
0.293
0.290
0.270
0.286
0.302
0.313
0.327
0.295
0.309
0.293
0.306
0.297
0.314
0.300
0.301
0.307
0.300
0.291
0.307
0.303
0.309
0.300
0.309
0.316
0.320
0.303
0.317
0.307
0.314
0.320
0.308
0.313
0.311
0.313
0.317
0.318
0.311
0.305
0.320
0.303
0.326
0.307
0.305
0.324
0.294
0.306
0.310
0.320
0.308
0.304
0.297
0.328
0.314
0.309
0.313
0.315
0.322
0.320
0.315
0.308
0.314
0.298
0.296
0.317
0.307
0.319
0.317
0.316
0.293
0.302
0.300
0.310
0.317
0.294
0.314
0.299
0.295
0.296
0.312
0.316
0.297
0.302
0.308
0.319
0.327
0.317
0.313
0.313
0.319
0.319
0.312
0.306
0.320
0.305
0.302
0.323
0.312
0.309
0.316
0.315
0.319
0.320
0.307
0.317
0.310
0.313
0.312
0.297
0.295
0.310
0.291
0.323
0.314
