-0.313
-0.190
-0.040
-0.016
0.015
-0.000
0.012
0.009
0.035
0.056
0.036
0.057
0.060
0.079
0.082
0.123
0.097
0.116
0.116
0.117
0.094
0.110
0.101
0.130
0.118
0.128
0.113
0.120
0.137
0.141
0.127
0.145
0.127
0.131
0.134
0.144
0.144
0.145
0.142
0.129
0.137
0.137
0.126
0.142
0.140
0.138
0.154
0.148
0.125
0.147
0.151
0.147
0.164
0.168
0.166
0.170
0.165
0.163
0.164
0.168
0.154
0.167
0.170
0.170
0.166
0.154
0.170
0.174
0.177
0.168
0.174
0.174
0.178
0.156
0.166
0.170
0.165
0.164
0.170
0.180
0.159
0.167
0.175
0.165
0.170
0.193
0.179
0.168
0.148
0.156
0.150
0.156
0.147
0.167
0.171
0.163
0.170
0.171
0.177
0.169
0.162
0.149
0.172
0.181
0.160
0.184
0.173
0.160
0.162
0.158
0.156
0.168
0.145
0.172
0.172
0.158
0.177
0.170
0.158
0.169
0.167
0.180
0.167
0.161
0.177
0.168
0.183
0.169
0.198
0.174
0.186
0.188
0.197
0.163
0.179
0.179
0.201
0.192
0.176
0.188
0.172
0.172
0.189
0.202
0.192
0.190
0.191
0.184
0.201
0.188
0.202
0.190
0.186
0.171
0.196
0.183
0.191
0.187
0.198
0.191
0.179
0.183
0.211
0.177
0.189
0.190
0.212
0.188
0.200
0.193
0.212
0.196
0.204
0.196
0.208
0.197
0.198
0.191
0.186
0.200
0.219
0.210
0.197
0.184
0.209
0.212
0.197
0.188
0.196
0.195
0.198
0.206
0.199
0.208
0.204
0.199
0.207
0.187
0.203
0.180
0.179
0.178
0.183
0.191
0.198
0.189
0.178
0.205
0.181
0.199
0.195
0.196
0.183
0.185
0.202
0.202
0.193
0.215
0.197
0.205
0.201
0.224
0.206
0.217
0.210
0.206
0.202
0.212
0.200
0.200
0.189
0.203
0.201
0.206
0.198
0.198
0.200
0.202
0.201
0.202
0.205
0.192
0.199
0.209
0.211
0.202
0.205
0.181
0.202
0.198
0.187
0.187
0.194
0.200
0.184
0.198
0.194
0.206
0.203
0.188
0.191
0.191
0.202
0.200
0.193
0.195
0.188
0.183
0.188
0.183
0.185
0.199
0.187
0.191
0.183
0.196
0.199
0.184
0.189
0.185
0.204
0.195
0.189
0.189
0.202
0.178
0.184
0.184
0.190
0.196
0.201
0.212
0.206
0.191
0.201
0.204
0.201
0.204
0.199
0.212
0.218
0.212
0.210
0.203
0.226
0.213
0.221
0.218
0.216
0.217
0.220
0.209
0.213
0.218
0.201
0.219
0.218
0.221
0.209
0.213
0.207
0.216
0.199
0.205
0.209
0.222
0.211
0.209
0.210
0.193
0.209
0.210
0.206
0.203
0.195
0.214
0.216
0.218
0.209
0.194
0.204
0.224
0.203
0.201
0.207
0.199
0.221
0.223
0.218
0.217
0.240
0.237
0.228
0.232
0.228
0.227
0.244
0.240
0.242
0.228
0.253
0.248
0.250
0.267
0.251
0.257
0.258
0.237
0.258
0.251
0.241
0.249
0.251
0.250
0.264
0.256
0.248
0.236
0.250
0.251
0.237
0.234
0.245
0.241
0.247
0.241
0.250
0.249
0.251
0.252
0.253
0.248
0.266
0.257
0.251
0.253
0.254
0.250
0.260
0.257
0.264
0.267
0.259
0.261
0.257
0.249
0.258
0.247
0.273
0.251
0.257
0.249
0.259
0.261
0.256
0.260
0.262
0.248
0.260
0.259
0.261
0.266
0.268
0.268
0.272
0.263
0.267
0.270
0.270
0.258
0.272
0.253
0.256
0.261
0.263
0.253
0.265
0.255
0.251
0.251
0.255
0.258
0.255
0.246
0.260
0.260
0.254
0.264
0.242
0.263
0.263
0.246
0.261
0.263
0.261
0.263
0.249
0.264
0.256
0.247
0.253
0.252
0.245
0.260
0.253
0.263
0.261
0.242
0.261
0.250
0.251
0.254
0.247
0.248
0.237
0.243
0.261
0.258
0.260
0.256
0.256
0.255
0.260
0.250
0.259
0.257
0.258
0.257
0.269
0.252
0.259
0.258
0.253
0.248
0.267
0.243
0.265
0.244
0.259
0.255
