0.120
0.183
0.217
0.257
0.253
0.260
0.280
0.317
0.260
0.293
0.313
0.303
0.273
0.337
0.317
0.320
0.313
0.337
0.287
0.300
0.313
0.310
0.317
0.300
0.323
0.317
0.320
0.320
0.313
0.303
0.297
0.283
0.340
0.300
0.313
0.307
0.293
0.340
0.313
0.293
0.313
0.330
0.313
0.353
0.343
0.317
0.297
0.307
0.303
0.310
0.333
0.310
0.297
0.320
0.290
0.313
0.313
0.357
0.313
0.337
0.307
0.317
0.290
0.320
0.287
0.283
0.293
0.313
0.310
0.330
0.267
0.297
0.283
0.347
0.307
0.290
0.323
0.347
0.320
0.297
0.317
0.313
0.317
0.310
0.330
0.320
0.320
0.323
0.310
0.310
0.333
0.320
0.333
0.310
0.307
0.313
0.323
0.320
0.297
0.307
0.300
0.310
0.323
0.307
0.330
0.327
0.327
0.323
0.313
0.323
0.313
0.313
0.317
0.297
0.317
0.320
0.317
0.300
0.330
0.330
0.300
0.347
0.343
0.303
0.300
0.297
0.310
0.337
0.303
0.323
0.297
0.333
0.327
0.327
0.317
0.340
0.307
0.297
0.313
0.323
0.320
0.323
0.310
0.330
0.327
0.317
0.343
0.317
0.333
0.307
0.303
0.323
0.300
0.310
0.327
0.370
0.350
0.337
0.337
0.343
0.367
0.353
0.340
0.333
0.353
0.427
0.343
0.390
0.397
0.393
0.370
0.370
0.380
0.357
0.383
0.390
0.413
0.350
0.380
0.370
0.370
0.390
0.407
0.373
0.393
0.370
0.380
0.363
0.360
0.383
0.380
0.397
0.397
0.373
0.337
0.357
0.387
0.403
0.377
0.417
0.373
0.383
0.407
0.363
0.400
0.380
0.410
0.383
0.393
0.380
0.377
0.383
0.370
0.380
0.397
0.387
0.373
0.433
0.350
0.367
0.380
0.380
0.367
0.343
0.363
0.367
0.393
0.367
0.367
0.417
0.403
0.383
0.377
0.410
0.373
0.397
0.363
0.350
0.390
0.370
0.373
0.403
0.393
0.380
0.353
0.380
0.413
0.367
0.350
0.393
0.400
0.393
0.400
0.370
0.423
0.367
0.387
0.397
0.383
0.357
0.373
0.387
0.380
0.357
0.360
0.363
0.390
0.403
0.380
0.417
0.407
0.393
0.370
0.370
0.357
0.430
0.383
0.377
0.397
0.377
0.410
0.373
0.387
0.430
0.387
0.370
0.360
0.353
0.350
0.373
0.383
0.377
0.377
0.373
0.380
0.387
0.360
0.353
0.377
0.377
0.410
0.387
0.393
0.373
0.370
0.383
0.373
0.390
0.337
0.397
0.397
0.420
0.367
0.403
0.373
0.370
0.370
0.410
0.360
0.413
0.383
0.380
0.387
0.373
0.397
0.350
0.403
0.383
0.387
0.363
0.363
0.383
0.373
0.380
0.373
0.370
0.390
0.387
0.387
0.383
0.383
0.370
0.363
0.390
0.370
0.360
0.363
0.403
0.390
0.363
0.380
0.397
0.397
0.407
0.377
0.430
0.367
0.410
0.350
0.383
0.357
0.373
0.380
0.393
0.407
0.363
0.403
0.390
0.360
0.370
0.400
0.370
0.357
0.367
0.370
0.410
0.387
0.403
0.397
0.373
0.420
0.367
0.387
0.407
0.367
0.373
0.407
0.373
0.390
0.360
0.380
0.397
0.377
0.393
0.387
0.407
0.353
0.403
0.387
0.373
0.367
0.383
0.377
0.350
0.410
0.370
0.363
0.393
0.430
0.383
0.420
0.427
0.390
0.393
0.393
0.373
0.357
0.390
0.377
0.383
0.360
0.397
0.397
0.377
0.387
0.417
0.387
0.370
0.403
0.393
0.383
0.390
0.377
0.357
0.357
0.393
0.390
0.360
0.413
0.407
0.417
0.407
0.370
0.420
0.397
0.400
0.380
0.377
0.397
0.400
0.380
0.433
0.400
0.370
0.390
0.400
0.350
0.377
0.420
0.413
0.383
0.357
0.437
0.383
0.407
0.360
0.377
0.387
0.363
0.413
0.383
0.363
0.383
0.370
0.407
0.433
0.380
0.403
0.377
0.360
0.367
0.353
0.370
0.400
0.390
0.377
0.403
0.400
0.373
0.407
0.447
0.410
0.403
0.393
0.393
0.393
0.397
0.407
0.407
0.427
