0;100;60
1;110;60
2;120;60
3;130;60
4;140;60
5;150;60
6;160;60
7;170;60
8;180;60
9;180;60
10;180;70
11;180;70
12;187.071;77.0711
13;187.071;77.0711
14;187.071;77.0711
15;187.071;77.0711
16;187.071;87.0711
17;187.071;97.0711
18;187.071;107.071
19;187.071;107.071
20;177.071;107.071
21;177.071;107.071
22;177.071;97.0711
23;177.071;87.0711
24;177.071;87.0711
25;187.071;87.0711
26;187.071;87.0711
27;187.071;97.0711
28;187.071;107.071
29;187.071;107.071
30;177.071;107.071
31;177.071;107.071
32;177.071;97.0711
33;177.071;87.0711
34;177.071;87.0711
35;187.071;87.0711
36;187.071;87.0711
37;187.071;97.0711
38;187.071;107.071
39;187.071;107.071
40;177.071;107.071
41;177.071;107.071
42;177.071;97.0711
43;177.071;87.0711
44;177.071;87.0711
45;187.071;87.0711
46;187.071;87.0711
47;187.071;97.0711
48;187.071;107.071
49;187.071;107.071
50;177.071;107.071
51;177.071;107.071
52;177.071;97.0711
53;177.071;87.0711
54;177.071;87.0711
55;187.071;87.0711
56;187.071;87.0711
57;187.071;97.0711
58;187.071;107.071
59;187.071;107.071
60;177.071;107.071
61;177.071;107.071
62;177.071;97.0711
63;177.071;87.0711
64;177.071;87.0711
65;187.071;87.0711
66;187.071;87.0711
67;187.071;97.0711
68;187.071;107.071
69;187.071;107.071
70;177.071;107.071
71;177.071;107.071
72;177.071;97.0711
73;177.071;87.0711
74;177.071;87.0711
75;187.071;87.0711
76;187.071;87.0711
77;187.071;97.0711
78;187.071;107.071
79;187.071;107.071
80;177.071;107.071
81;177.071;107.071
82;177.071;97.0711
83;177.071;87.0711
84;177.071;87.0711
85;187.071;87.0711
86;187.071;87.0711
87;187.071;97.0711
88;187.071;107.071
89;187.071;107.071
90;177.071;107.071
91;177.071;107.071
92;177.071;97.0711
93;177.071;87.0711
94;177.071;87.0711
95;187.071;87.0711
96;187.071;87.0711
97;187.071;97.0711
98;187.071;107.071
99;187.071;107.071
100;177.071;107.071
101;177.071;107.071
102;177.071;97.0711
103;177.071;87.0711
104;177.071;87.0711
105;187.071;87.0711
106;187.071;87.0711
107;187.071;97.0711
108;187.071;107.071
109;187.071;107.071
110;177.071;107.071
111;177.071;107.071
112;177.071;97.0711
113;177.071;87.0711
114;177.071;87.0711
115;187.071;87.0711
116;187.071;87.0711
117;187.071;97.0711
118;187.071;107.071
119;187.071;107.071
120;177.071;107.071
121;177.071;107.071
122;177.071;97.0711
123;177.071;87.0711
124;177.071;87.0711
125;187.071;87.0711
126;187.071;87.0711
127;187.071;97.0711
128;187.071;107.071
129;187.071;107.071
130;177.071;107.071
131;177.071;107.071
132;177.071;97.0711
133;177.071;87.0711
134;177.071;87.0711
135;187.071;87.0711
136;187.071;87.0711
137;187.071;97.0711
138;187.071;107.071
139;187.071;107.071
140;177.071;107.071
141;177.071;107.071
142;177.071;97.0711
143;177.071;87.0711
144;177.071;87.0711
145;187.071;87.0711
146;187.071;87.0711
147;187.071;97.0711
148;187.071;107.071
149;187.071;107.071
150;177.071;107.071
151;177.071;107.071
152;177.071;97.0711
153;177.071;87.0711
154;177.071;87.0711
155;187.071;87.0711
156;187.071;87.0711
157;187.071;97.0711
158;187.071;107.071
159;187.071;107.071
160;177.071;107.071
161;177.071;107.071
162;177.071;97.0711
163;177.071;87.0711
164;177.071;87.0711
165;187.071;87.0711
166;187.071;87.0711
167;187.071;97.0711
168;187.071;107.071
169;187.071;107.071
170;177.071;107.071
171;177.071;107.071
172;177.071;97.0711
173;177.071;87.0711
174;177.071;87.0711
175;187.071;87.0711
176;187.071;87.0711
177;187.071;97.0711
178;187.071;107.071
179;187.071;107.071
180;177.071;107.071
181;177.071;107.071
182;177.071;97.0711
183;177.071;87.0711
184;177.071;87.0711
185;187.071;87.0711
186;187.071;87.0711
187;187.071;97.0711
188;187.071;107.071
189;187.071;107.071
190;177.071;107.071
191;177.071;107.071
192;177.071;97.0711
193;177.071;87.0711
194;177.071;87.0711
195;187.071;87.0711
196;187.071;87.0711
197;187.071;97.0711
198;187.071;107.071
199;187.071;107.071
200;177.071;107.071
201;177.071;107.071
202;177.071;97.0711
203;177.071;87.0711
204;177.071;87.0711
205;187.071;87.0711
206;187.071;87.0711
207;187.071;97.0711
208;187.071;107.071
209;187.071;107.071
210;177.071;107.071
211;177.071;107.071
212;177.071;97.0711
213;177.071;87.0711
214;177.071;87.0711
215;187.071;87.0711
216;187.071;87.0711
217;187.071;97.0711
218;187.071;107.071
219;187.071;107.071
220;177.071;107.071
221;177.071;107.071
222;177.071;97.0711
223;177.071;87.0711
224;177.071;87.0711
225;187.071;87.0711
226;187.071;87.0711
227;187.071;97.0711
228;187.071;107.071
229;187.071;107.071
230;177.071;107.071
231;177.071;107.071
232;177.071;97.0711
233;177.071;87.0711
234;177.071;87.0711
235;187.071;87.0711
236;187.071;87.0711
237;187.071;97.0711
238;187.071;107.071
239;187.071;107.071
240;177.071;107.071
241;177.071;107.071
242;177.071;97.0711
243;177.071;87.0711
244;177.071;87.0711
245;187.071;87.0711
246;187.071;87.0711
247;187.071;97.0711
248;187.071;107.071
249;187.071;107.071
250;177.071;107.071
251;177.071;107.071
252;177.071;97.0711
253;177.071;87.0711
254;177.071;87.0711
255;187.071;87.0711
256;187.071;87.0711
257;187.071;97.0711
258;187.071;107.071
259;187.071;107.071
260;177.071;107.071
261;177.071;107.071
262;177.071;97.0711
263;177.071;87.0711
264;177.071;87.0711
265;187.071;87.0711
266;187.071;87.0711
267;187.071;97.0711
268;187.071;107.071
269;187.071;107.071
270;177.071;107.071
271;177.071;107.071
272;177.071;97.0711
273;177.071;87.0711
274;177.071;87.0711
275;187.071;87.0711
276;187.071;87.0711
277;187.071;97.0711
278;187.071;107.071
279;187.071;107.071
280;177.071;107.071
281;177.071;107.071
282;177.071;97.0711
283;177.071;87.0711
284;177.071;87.0711
285;187.071;87.0711
286;187.071;87.0711
287;187.071;97.0711
288;187.071;107.071
289;187.071;107.071
290;177.071;107.071
291;177.071;107.071
292;177.071;97.0711
293;177.071;87.0711
294;177.071;87.0711
295;187.071;87.0711
296;187.071;87.0711
297;187.071;97.0711
298;187.071;107.071
299;187.071;107.071
300;177.071;107.071
