Passo;Reservat rio (Ativa  es);Sa da (Ativa  es)
0;-0.321189,-0.170411,-0.462189,0.0210667,-0.0268477,-0.318702,0.38898,0.467404,-0.181012,-0.354;-7.65909,-1.52254,3.95107,0.387081
1;-0.336216,-0.168546,-0.744168,0.0210667,-0.0131192,-0.430615,0.54989,0.672057,-0.725824,-0.547183;-8.24651,-3.01404,2.94493,0.728152
2;-0.328553,-0.1695,-0.876675,0.0210667,-0.118016,-0.435573,0.845383,0.679876,-0.846156,-0.61407;-8.803,-2.71885,1.58737,0.795074
3;-0.385951,-0.162205,-0.880374,0.0210667,-0.29633,-0.433048,0.880282,0.675907,-0.84962,-0.716807;-8.75808,-1.96815,0.700577,1.7963
4;-0.476877,-0.149766,-0.859041,0.0210667,-0.326534,-0.451795,0.881169,0.704679,-0.847871,-0.727299;-8.7508,-2.24342,0.877593,2.62885
5;0.0345984,-0.0631073,-0.835501,-0.391217,-0.580575,-0.658783,0.836837,0.836845,-0.710303,-0.694407;-7.64217,1.17584,-1.48449,-0.795074
6;-0.756464,0.427599,-0.830302,-0.473397,-0.536866,-0.17947,0.900917,0.288831,-0.899947,-0.289645;0.185984,-2.60334,-1.94902,6.95766
7;-0.744485,0.425041,-0.686597,-0.473397,-0.8841,-0.464255,0.934022,0.783833,-0.542753,-0.326077;-2.91845,-1.41153,-1.32267,6.75534
8;-0.541216,0.511092,-0.838814,-0.739214,-0.937396,-0.643799,0.805148,0.859297,-0.754052,-0.284083;-1.25788,-1.06876,-3.02798,5.46796
9;-0.393379,0.00502289,-0.799145,-0.424248,-0.90973,-0.525833,0.951786,0.771372,-0.611383,-0.301687;-4.8933,-0.18459,-3.15508,3.23564
10;-0.021045,0.161718,-0.521024,-0.640768,-0.727926,-0.337447,0.949508,0.683456,-0.59433,0.0902594;-1.26523,0.00495361,-2.62245,0.835116
11;0.0927752,0.149033,-0.644235,-0.640768,-0.82218,-0.197363,0.946361,0.445302,-0.497323,0.0916786;-0.520868,1.5704,-4.4694,-0.0494173
12;-0.723994,-0.088533,-0.66776,-0.0185534,-0.638244,-0.0600252,0.939205,0.167761,-0.433822,-0.435924;-4.82204,-0.536395,-1.30216,5.6409
13;-0.664349,-0.101566,0.0467662,-0.0185534,-0.367718,-0.372933,0.934413,0.740658,-0.0270719,-0.432276;-8.5337,-1.24576,5.35578,4.74521
14;0.572561,0.699953,-0.0494327,-0.280988,-0.320428,-0.332663,0.784355,0.974975,0.126155,-0.556708;-6.78837,3.77906,4.98327,-4.41631
15;-0.199126,0.532505,-0.853519,0.455636,-0.828871,0.0177831,0.125708,0.780709,-0.74304,-0.920483;-5.44162,0.294436,0.173505,2.78742
16;-0.478391,0.558046,-0.811068,0.455636,-0.467946,-0.287311,0.820174,0.945397,-0.572336,-0.82696;-9.36757,-2.19173,3.43758,3.1398
17;-0.555728,-0.137749,-0.894047,0.0210667,-0.886814,-0.481164,0.796106,0.746545,-0.931994,-0.70902;-7.18742,-1.07416,-2.42113,4.74247
18;-0.711143,-0.108254,-0.892996,0.0210667,-0.312072,-0.504935,0.900517,0.777574,-0.876366,-0.701421;-8.81741,-3.57626,1.43998,4.33032
19;-0.484473,-0.148666,-0.897422,0.0210667,-0.409245,-0.550452,0.887809,0.829992,-0.887238,-0.733231;-9.26291,-2.40913,0.607911,2.69899
20;-0.529747,-0.141864,-0.907315,0.0210667,-0.349204,-0.48306,0.890407,0.749114,-0.903587,-0.729518;-8.80317,-2.6462,0.715285,3.0402
21;-0.502104,-0.146068,-0.887343,0.0210667,-0.359785,-0.497032,0.894208,0.767539,-0.877302,-0.730281;-8.99111,-2.46461,0.776354,2.8134
22;-0.507053,-0.145328,-0.889927,0.0210667,-0.356269,-0.488531,0.888035,0.756433,-0.883824,-0.731393;-8.89804,-2.4845,0.754245,2.87064
23;-0.505412,-0.145574,-0.887123,0.0210667,-0.353823,-0.49006,0.889598,0.758455,-0.879933,-0.729585;-8.9237,-2.4857,0.78627,2.84526
24;0.0174849,-0.0611636,-0.860675,-0.391217,-0.588352,-0.665293,0.847469,0.844853,-0.74983,-0.697138;-7.59039,1.00912,-1.63183,-0.634003
25;-0.758544,0.428053,-0.839007,-0.473397,-0.543779,-0.186188,0.909074,0.303788,-0.90232,-0.295751;0.0845701,-2.61023,-1.97198,6.95949
26;-0.746413,0.425446,-0.69562,-0.473397,-0.885381,-0.464918,0.934367,0.7846,-0.559173,-0.330648;-2.88971,-1.44917,-1.37872,6.7877
27;-0.541784,0.51116,-0.840439,-0.739214,-0.937498,-0.644257,0.811638,0.85978,-0.754573,-0.284282;-1.27741,-1.07165,-3.03555,5.46696
28;-0.393433,0.00503019,-0.799426,-0.424248,-0.910458,-0.526,0.951842,0.771592,-0.611859,-0.305388;-4.90417,-0.171327,-3.15621,3.24105
29;-0.0215019,0.161769,-0.519219,-0.640768,-0.727948,-0.337467,0.949561,0.683483,-0.594554,0.0902245;-1.26082,0.00337503,-2.61518,0.844022
30;0.0927615,0.149035,-0.644306,-0.640768,-0.822216,-0.197541,0.946388,0.445653,-0.497355,0.0916453;-0.522711,1.56963,-4.46877,-0.0497489
31;-0.724005,-0.0885304,-0.668028,-0.0185534,-0.638256,-0.0600308,0.939209,0.167773,-0.43427,-0.435938;-4.82096,-0.537714,-1.30387,5.64125
32;-0.664353,-0.101565,0.0465367,-0.0185534,-0.367724,-0.372937,0.934478,0.740662,-0.027092,-0.432279;-8.53423,-1.24588,5.35484,4.74467
33;0.572559,0.699954,-0.0494474,-0.280988,-0.320467,-0.332665,0.784364,0.974976,0.126148,-0.556736;-6.78841,3.77926,4.983,-4.4162
34;-0.19915,0.532507,-0.853514,0.455636,-0.828873,0.0177821,0.125717,0.78071,-0.74304,-0.920484;-5.44162,0.294356,0.173555,2.78762
35;-0.478392,0.558046,-0.811068,0.455636,-0.467952,-0.28732,0.820174,0.945399,-0.572337,-0.826961;-9.3676,-2.19172,3.43755,3.13981
36;-0.555731,-0.137748,-0.894048,0.0210667,-0.886814,-0.481164,0.796106,0.746546,-0.931994,-0.70902;-7.18742,-1.07417,-2.42112,4.7425
37;-0.711143,-0.108254,-0.892996,0.0210667,-0.312073,-0.504936,0.900517,0.777575,-0.876366,-0.701421;-8.81742,-3.57626,1.43998,4.33032
38;-0.484473,-0.148665,-0.897422,0.0210667,-0.409245,-0.550452,0.887809,0.829992,-0.887239,-0.733231;-9.26291,-2.40913,0.60791,2.69899
39;-0.529747,-0.141864,-0.907315,0.0210667,-0.349204,-0.48306,0.890407,0.749114,-0.903587,-0.729518;-8.80317,-2.64621,0.715285,3.0402
40;-0.502104,-0.146068,-0.887343,0.0210667,-0.359785,-0.497032,0.894208,0.767539,-0.877302,-0.730281;-8.99111,-2.46461,0.776354,2.8134
41;-0.507053,-0.145328,-0.889927,0.0210667,-0.356269,-0.488531,0.888035,0.756433,-0.883824,-0.731393;-8.89804,-2.4845,0.754245,2.87064
42;-0.505412,-0.145574,-0.887123,0.0210667,-0.353823,-0.49006,0.889598,0.758455,-0.879933,-0.729585;-8.9237,-2.4857,0.78627,2.84526
43;0.0174848,-0.0611636,-0.860675,-0.391217,-0.588352,-0.665293,0.847469,0.844853,-0.74983,-0.697138;-7.59039,1.00912,-1.63183,-0.634003
44;-0.758544,0.428053,-0.839007,-0.473397,-0.543779,-0.186188,0.909074,0.303788,-0.90232,-0.295751;0.0845701,-2.61023,-1.97198,6.95949
45;-0.746413,0.425446,-0.69562,-0.473397,-0.885381,-0.464918,0.934367,0.7846,-0.559173,-0.330648;-2.88971,-1.44917,-1.37872,6.7877
46;-0.541784,0.51116,-0.840439,-0.739214,-0.937498,-0.644257,0.811638,0.85978,-0.754573,-0.284282;-1.27741,-1.07165,-3.03555,5.46696
47;-0.393433,0.00503019,-0.799426,-0.424248,-0.910458,-0.526,0.951842,0.771592,-0.611859,-0.305388;-4.90417,-0.171327,-3.15621,3.24105
48;-0.0215019,0.161769,-0.519219,-0.640768,-0.727948,-0.337467,0.949561,0.683483,-0.594554,0.0902245;-1.26082,0.00337503,-2.61518,0.844022
49;0.0927615,0.149035,-0.644306,-0.640768,-0.822216,-0.197541,0.946388,0.445653,-0.497355,0.0916453;-0.522711,1.56963,-4.46877,-0.0497489
50;-0.724005,-0.0885304,-0.668028,-0.0185534,-0.638256,-0.0600308,0.939209,0.167773,-0.43427,-0.435938;-4.82096,-0.537714,-1.30387,5.64125
51;-0.664353,-0.101565,0.0465367,-0.0185534,-0.367724,-0.372937,0.934478,0.740662,-0.027092,-0.432279;-8.53423,-1.24588,5.35484,4.74467
52;0.572559,0.699954,-0.0494474,-0.280988,-0.320467,-0.332665,0.784364,0.974976,0.126148,-0.556736;-6.78841,3.77926,4.983,-4.4162
53;-0.19915,0.532507,-0.853514,0.455636,-0.828873,0.0177821,0.125717,0.78071,-0.74304,-0.920484;-5.44162,0.294356,0.173555,2.78762
54;-0.478392,0.558046,-0.811068,0.455636,-0.467952,-0.28732,0.820174,0.945399,-0.572337,-0.826961;-9.3676,-2.19172,3.43755,3.13981
55;-0.555731,-0.137748,-0.894048,0.0210667,-0.886814,-0.481164,0.796106,0.746546,-0.931994,-0.70902;-7.18742,-1.07417,-2.42112,4.7425
56;-0.711143,-0.108254,-0.892996,0.0210667,-0.312073,-0.504936,0.900517,0.777575,-0.876366,-0.701421;-8.81742,-3.57626,1.43998,4.33032
57;-0.484473,-0.148665,-0.897422,0.0210667,-0.409245,-0.550452,0.887809,0.829992,-0.887239,-0.733231;-9.26291,-2.40913,0.60791,2.69899
58;-0.529747,-0.141864,-0.907315,0.0210667,-0.349204,-0.48306,0.890407,0.749114,-0.903587,-0.729518;-8.80317,-2.64621,0.715285,3.0402
59;-0.502104,-0.146068,-0.887343,0.0210667,-0.359785,-0.497032,0.894208,0.767539,-0.877302,-0.730281;-8.99111,-2.46461,0.776354,2.8134
60;-0.507053,-0.145328,-0.889927,0.0210667,-0.356269,-0.488531,0.888035,0.756433,-0.883824,-0.731393;-8.89804,-2.4845,0.754245,2.87064
61;-0.505412,-0.145574,-0.887123,0.0210667,-0.353823,-0.49006,0.889598,0.758455,-0.879933,-0.729585;-8.9237,-2.4857,0.78627,2.84526
62;0.0174848,-0.0611636,-0.860675,-0.391217,-0.588352,-0.665293,0.847469,0.844853,-0.74983,-0.697138;-7.59039,1.00912,-1.63183,-0.634003
63;-0.758544,0.428053,-0.839007,-0.473397,-0.543779,-0.186188,0.909074,0.303788,-0.90232,-0.295751;0.0845701,-2.61023,-1.97198,6.95949
64;-0.746413,0.425446,-0.69562,-0.473397,-0.885381,-0.464918,0.934367,0.7846,-0.559173,-0.330648;-2.88971,-1.44917,-1.37872,6.7877
65;-0.541784,0.51116,-0.840439,-0.739214,-0.937498,-0.644257,0.811638,0.85978,-0.754573,-0.284282;-1.27741,-1.07165,-3.03555,5.46696
66;-0.393433,0.00503019,-0.799426,-0.424248,-0.910458,-0.526,0.951842,0.771592,-0.611859,-0.305388;-4.90417,-0.171327,-3.15621,3.24105
67;-0.0215019,0.161769,-0.519219,-0.640768,-0.727948,-0.337467,0.949561,0.683483,-0.594554,0.0902245;-1.26082,0.00337503,-2.61518,0.844022
68;0.0927615,0.149035,-0.644306,-0.640768,-0.822216,-0.197541,0.946388,0.445653,-0.497355,0.0916453;-0.522711,1.56963,-4.46877,-0.0497489
69;-0.724005,-0.0885304,-0.668028,-0.0185534,-0.638256,-0.0600308,0.939209,0.167773,-0.43427,-0.435938;-4.82096,-0.537714,-1.30387,5.64125
70;-0.664353,-0.101565,0.0465367,-0.0185534,-0.367724,-0.372937,0.934478,0.740662,-0.027092,-0.432279;-8.53423,-1.24588,5.35484,4.74467
71;0.572559,0.699954,-0.0494474,-0.280988,-0.320467,-0.332665,0.784364,0.974976,0.126148,-0.556736;-6.78841,3.77926,4.983,-4.4162
72;-0.19915,0.532507,-0.853514,0.455636,-0.828873,0.0177821,0.125717,0.78071,-0.74304,-0.920484;-5.44162,0.294356,0.173555,2.78762
73;-0.478392,0.558046,-0.811068,0.455636,-0.467952,-0.28732,0.820174,0.945399,-0.572337,-0.826961;-9.3676,-2.19172,3.43755,3.13981
74;-0.555731,-0.137748,-0.894048,0.0210667,-0.886814,-0.481164,0.796106,0.746546,-0.931994,-0.70902;-7.18742,-1.07417,-2.42112,4.7425
75;-0.711143,-0.108254,-0.892996,0.0210667,-0.312073,-0.504936,0.900517,0.777575,-0.876366,-0.701421;-8.81742,-3.57626,1.43998,4.33032
76;-0.484473,-0.148665,-0.897422,0.0210667,-0.409245,-0.550452,0.887809,0.829992,-0.887239,-0.733231;-9.26291,-2.40913,0.60791,2.69899
77;-0.529747,-0.141864,-0.907315,0.0210667,-0.349204,-0.48306,0.890407,0.749114,-0.903587,-0.729518;-8.80317,-2.64621,0.715285,3.0402
78;-0.502104,-0.146068,-0.887343,0.0210667,-0.359785,-0.497032,0.894208,0.767539,-0.877302,-0.730281;-8.99111,-2.46461,0.776354,2.8134
79;-0.507053,-0.145328,-0.889927,0.0210667,-0.356269,-0.488531,0.888035,0.756433,-0.883824,-0.731393;-8.89804,-2.4845,0.754245,2.87064
80;-0.505412,-0.145574,-0.887123,0.0210667,-0.353823,-0.49006,0.889598,0.758455,-0.879933,-0.729585;-8.9237,-2.4857,0.78627,2.84526
81;0.0174848,-0.0611636,-0.860675,-0.391217,-0.588352,-0.665293,0.847469,0.844853,-0.74983,-0.697138;-7.59039,1.00912,-1.63183,-0.634003
82;-0.758544,0.428053,-0.839007,-0.473397,-0.543779,-0.186188,0.909074,0.303788,-0.90232,-0.295751;0.0845701,-2.61023,-1.97198,6.95949
83;-0.746413,0.425446,-0.69562,-0.473397,-0.885381,-0.464918,0.934367,0.7846,-0.559173,-0.330648;-2.88971,-1.44917,-1.37872,6.7877
84;-0.541784,0.51116,-0.840439,-0.739214,-0.937498,-0.644257,0.811638,0.85978,-0.754573,-0.284282;-1.27741,-1.07165,-3.03555,5.46696
85;-0.393433,0.00503019,-0.799426,-0.424248,-0.910458,-0.526,0.951842,0.771592,-0.611859,-0.305388;-4.90417,-0.171327,-3.15621,3.24105
86;-0.0215019,0.161769,-0.519219,-0.640768,-0.727948,-0.337467,0.949561,0.683483,-0.594554,0.0902245;-1.26082,0.00337503,-2.61518,0.844022
87;0.0927615,0.149035,-0.644306,-0.640768,-0.822216,-0.197541,0.946388,0.445653,-0.497355,0.0916453;-0.522711,1.56963,-4.46877,-0.0497489
88;-0.724005,-0.0885304,-0.668028,-0.0185534,-0.638256,-0.0600308,0.939209,0.167773,-0.43427,-0.435938;-4.82096,-0.537714,-1.30387,5.64125
89;-0.664353,-0.101565,0.0465367,-0.0185534,-0.367724,-0.372937,0.934478,0.740662,-0.027092,-0.432279;-8.53423,-1.24588,5.35484,4.74467
90;0.572559,0.699954,-0.0494474,-0.280988,-0.320467,-0.332665,0.784364,0.974976,0.126148,-0.556736;-6.78841,3.77926,4.983,-4.4162
91;-0.19915,0.532507,-0.853514,0.455636,-0.828873,0.0177821,0.125717,0.78071,-0.74304,-0.920484;-5.44162,0.294356,0.173555,2.78762
92;-0.478392,0.558046,-0.811068,0.455636,-0.467952,-0.28732,0.820174,0.945399,-0.572337,-0.826961;-9.3676,-2.19172,3.43755,3.13981
93;-0.555731,-0.137748,-0.894048,0.0210667,-0.886814,-0.481164,0.796106,0.746546,-0.931994,-0.70902;-7.18742,-1.07417,-2.42112,4.7425
94;-0.711143,-0.108254,-0.892996,0.0210667,-0.312073,-0.504936,0.900517,0.777575,-0.876366,-0.701421;-8.81742,-3.57626,1.43998,4.33032
95;-0.484473,-0.148665,-0.897422,0.0210667,-0.409245,-0.550452,0.887809,0.829992,-0.887239,-0.733231;-9.26291,-2.40913,0.60791,2.69899
96;-0.529747,-0.141864,-0.907315,0.0210667,-0.349204,-0.48306,0.890407,0.749114,-0.903587,-0.729518;-8.80317,-2.64621,0.715285,3.0402
97;-0.502104,-0.146068,-0.887343,0.0210667,-0.359785,-0.497032,0.894208,0.767539,-0.877302,-0.730281;-8.99111,-2.46461,0.776354,2.8134
98;-0.507053,-0.145328,-0.889927,0.0210667,-0.356269,-0.488531,0.888035,0.756433,-0.883824,-0.731393;-8.89804,-2.4845,0.754245,2.87064
99;-0.505412,-0.145574,-0.887123,0.0210667,-0.353823,-0.49006,0.889598,0.758455,-0.879933,-0.729585;-8.9237,-2.4857,0.78627,2.84526
100;0.0174848,-0.0611636,-0.860675,-0.391217,-0.588352,-0.665293,0.847469,0.844853,-0.74983,-0.697138;-7.59039,1.00912,-1.63183,-0.634003
101;-0.758544,0.428053,-0.839007,-0.473397,-0.543779,-0.186188,0.909074,0.303788,-0.90232,-0.295751;0.0845701,-2.61023,-1.97198,6.95949
102;-0.746413,0.425446,-0.69562,-0.473397,-0.885381,-0.464918,0.934367,0.7846,-0.559173,-0.330648;-2.88971,-1.44917,-1.37872,6.7877
103;-0.541784,0.51116,-0.840439,-0.739214,-0.937498,-0.644257,0.811638,0.85978,-0.754573,-0.284282;-1.27741,-1.07165,-3.03555,5.46696
104;-0.393433,0.00503019,-0.799426,-0.424248,-0.910458,-0.526,0.951842,0.771592,-0.611859,-0.305388;-4.90417,-0.171327,-3.15621,3.24105
105;-0.0215019,0.161769,-0.519219,-0.640768,-0.727948,-0.337467,0.949561,0.683483,-0.594554,0.0902245;-1.26082,0.00337503,-2.61518,0.844022
106;0.0927615,0.149035,-0.644306,-0.640768,-0.822216,-0.197541,0.946388,0.445653,-0.497355,0.0916453;-0.522711,1.56963,-4.46877,-0.0497489
107;-0.724005,-0.0885304,-0.668028,-0.0185534,-0.638256,-0.0600308,0.939209,0.167773,-0.43427,-0.435938;-4.82096,-0.537714,-1.30387,5.64125
108;-0.664353,-0.101565,0.0465367,-0.0185534,-0.367724,-0.372937,0.934478,0.740662,-0.027092,-0.432279;-8.53423,-1.24588,5.35484,4.74467
109;0.572559,0.699954,-0.0494474,-0.280988,-0.320467,-0.332665,0.784364,0.974976,0.126148,-0.556736;-6.78841,3.77926,4.983,-4.4162
110;-0.19915,0.532507,-0.853514,0.455636,-0.828873,0.0177821,0.125717,0.78071,-0.74304,-0.920484;-5.44162,0.294356,0.173555,2.78762
111;-0.478392,0.558046,-0.811068,0.455636,-0.467952,-0.28732,0.820174,0.945399,-0.572337,-0.826961;-9.3676,-2.19172,3.43755,3.13981
112;-0.555731,-0.137748,-0.894048,0.0210667,-0.886814,-0.481164,0.796106,0.746546,-0.931994,-0.70902;-7.18742,-1.07417,-2.42112,4.7425
113;-0.711143,-0.108254,-0.892996,0.0210667,-0.312073,-0.504936,0.900517,0.777575,-0.876366,-0.701421;-8.81742,-3.57626,1.43998,4.33032
114;-0.484473,-0.148665,-0.897422,0.0210667,-0.409245,-0.550452,0.887809,0.829992,-0.887239,-0.733231;-9.26291,-2.40913,0.60791,2.69899
115;-0.529747,-0.141864,-0.907315,0.0210667,-0.349204,-0.48306,0.890407,0.749114,-0.903587,-0.729518;-8.80317,-2.64621,0.715285,3.0402
116;-0.502104,-0.146068,-0.887343,0.0210667,-0.359785,-0.497032,0.894208,0.767539,-0.877302,-0.730281;-8.99111,-2.46461,0.776354,2.8134
117;-0.507053,-0.145328,-0.889927,0.0210667,-0.356269,-0.488531,0.888035,0.756433,-0.883824,-0.731393;-8.89804,-2.4845,0.754245,2.87064
118;-0.505412,-0.145574,-0.887123,0.0210667,-0.353823,-0.49006,0.889598,0.758455,-0.879933,-0.729585;-8.9237,-2.4857,0.78627,2.84526
119;0.0174848,-0.0611636,-0.860675,-0.391217,-0.588352,-0.665293,0.847469,0.844853,-0.74983,-0.697138;-7.59039,1.00912,-1.63183,-0.634003
120;-0.758544,0.428053,-0.839007,-0.473397,-0.543779,-0.186188,0.909074,0.303788,-0.90232,-0.295751;0.0845701,-2.61023,-1.97198,6.95949
121;-0.746413,0.425446,-0.69562,-0.473397,-0.885381,-0.464918,0.934367,0.7846,-0.559173,-0.330648;-2.88971,-1.44917,-1.37872,6.7877
122;-0.541784,0.51116,-0.840439,-0.739214,-0.937498,-0.644257,0.811638,0.85978,-0.754573,-0.284282;-1.27741,-1.07165,-3.03555,5.46696
123;-0.393433,0.00503019,-0.799426,-0.424248,-0.910458,-0.526,0.951842,0.771592,-0.611859,-0.305388;-4.90417,-0.171327,-3.15621,3.24105
124;-0.0215019,0.161769,-0.519219,-0.640768,-0.727948,-0.337467,0.949561,0.683483,-0.594554,0.0902245;-1.26082,0.00337503,-2.61518,0.844022
125;0.0927615,0.149035,-0.644306,-0.640768,-0.822216,-0.197541,0.946388,0.445653,-0.497355,0.0916453;-0.522711,1.56963,-4.46877,-0.0497489
126;-0.724005,-0.0885304,-0.668028,-0.0185534,-0.638256,-0.0600308,0.939209,0.167773,-0.43427,-0.435938;-4.82096,-0.537714,-1.30387,5.64125
127;-0.664353,-0.101565,0.0465367,-0.0185534,-0.367724,-0.372937,0.934478,0.740662,-0.027092,-0.432279;-8.53423,-1.24588,5.35484,4.74467
128;0.572559,0.699954,-0.0494474,-0.280988,-0.320467,-0.332665,0.784364,0.974976,0.126148,-0.556736;-6.78841,3.77926,4.983,-4.4162
129;-0.19915,0.532507,-0.853514,0.455636,-0.828873,0.0177821,0.125717,0.78071,-0.74304,-0.920484;-5.44162,0.294356,0.173555,2.78762
130;-0.478392,0.558046,-0.811068,0.455636,-0.467952,-0.28732,0.820174,0.945399,-0.572337,-0.826961;-9.3676,-2.19172,3.43755,3.13981
131;-0.555731,-0.137748,-0.894048,0.0210667,-0.886814,-0.481164,0.796106,0.746546,-0.931994,-0.70902;-7.18742,-1.07417,-2.42112,4.7425
132;-0.711143,-0.108254,-0.892996,0.0210667,-0.312073,-0.504936,0.900517,0.777575,-0.876366,-0.701421;-8.81742,-3.57626,1.43998,4.33032
133;-0.484473,-0.148665,-0.897422,0.0210667,-0.409245,-0.550452,0.887809,0.829992,-0.887239,-0.733231;-9.26291,-2.40913,0.60791,2.69899
134;-0.529747,-0.141864,-0.907315,0.0210667,-0.349204,-0.48306,0.890407,0.749114,-0.903587,-0.729518;-8.80317,-2.64621,0.715285,3.0402
135;-0.502104,-0.146068,-0.887343,0.0210667,-0.359785,-0.497032,0.894208,0.767539,-0.877302,-0.730281;-8.99111,-2.46461,0.776354,2.8134
136;-0.507053,-0.145328,-0.889927,0.0210667,-0.356269,-0.488531,0.888035,0.756433,-0.883824,-0.731393;-8.89804,-2.4845,0.754245,2.87064
137;-0.505412,-0.145574,-0.887123,0.0210667,-0.353823,-0.49006,0.889598,0.758455,-0.879933,-0.729585;-8.9237,-2.4857,0.78627,2.84526
138;0.0174848,-0.0611636,-0.860675,-0.391217,-0.588352,-0.665293,0.847469,0.844853,-0.74983,-0.697138;-7.59039,1.00912,-1.63183,-0.634003
139;-0.758544,0.428053,-0.839007,-0.473397,-0.543779,-0.186188,0.909074,0.303788,-0.90232,-0.295751;0.0845701,-2.61023,-1.97198,6.95949
140;-0.746413,0.425446,-0.69562,-0.473397,-0.885381,-0.464918,0.934367,0.7846,-0.559173,-0.330648;-2.88971,-1.44917,-1.37872,6.7877
141;-0.541784,0.51116,-0.840439,-0.739214,-0.937498,-0.644257,0.811638,0.85978,-0.754573,-0.284282;-1.27741,-1.07165,-3.03555,5.46696
142;-0.393433,0.00503019,-0.799426,-0.424248,-0.910458,-0.526,0.951842,0.771592,-0.611859,-0.305388;-4.90417,-0.171327,-3.15621,3.24105
143;-0.0215019,0.161769,-0.519219,-0.640768,-0.727948,-0.337467,0.949561,0.683483,-0.594554,0.0902245;-1.26082,0.00337503,-2.61518,0.844022
144;0.0927615,0.149035,-0.644306,-0.640768,-0.822216,-0.197541,0.946388,0.445653,-0.497355,0.0916453;-0.522711,1.56963,-4.46877,-0.0497489
145;-0.724005,-0.0885304,-0.668028,-0.0185534,-0.638256,-0.0600308,0.939209,0.167773,-0.43427,-0.435938;-4.82096,-0.537714,-1.30387,5.64125
146;-0.664353,-0.101565,0.0465367,-0.0185534,-0.367724,-0.372937,0.934478,0.740662,-0.027092,-0.432279;-8.53423,-1.24588,5.35484,4.74467
147;0.572559,0.699954,-0.0494474,-0.280988,-0.320467,-0.332665,0.784364,0.974976,0.126148,-0.556736;-6.78841,3.77926,4.983,-4.4162
148;-0.19915,0.532507,-0.853514,0.455636,-0.828873,0.0177821,0.125717,0.78071,-0.74304,-0.920484;-5.44162,0.294356,0.173555,2.78762
149;-0.478392,0.558046,-0.811068,0.455636,-0.467952,-0.28732,0.820174,0.945399,-0.572337,-0.826961;-9.3676,-2.19172,3.43755,3.13981
150;-0.555731,-0.137748,-0.894048,0.0210667,-0.886814,-0.481164,0.796106,0.746546,-0.931994,-0.70902;-7.18742,-1.07417,-2.42112,4.7425
151;-0.711143,-0.108254,-0.892996,0.0210667,-0.312073,-0.504936,0.900517,0.777575,-0.876366,-0.701421;-8.81742,-3.57626,1.43998,4.33032
152;-0.484473,-0.148665,-0.897422,0.0210667,-0.409245,-0.550452,0.887809,0.829992,-0.887239,-0.733231;-9.26291,-2.40913,0.60791,2.69899
153;-0.529747,-0.141864,-0.907315,0.0210667,-0.349204,-0.48306,0.890407,0.749114,-0.903587,-0.729518;-8.80317,-2.64621,0.715285,3.0402
154;-0.502104,-0.146068,-0.887343,0.0210667,-0.359785,-0.497032,0.894208,0.767539,-0.877302,-0.730281;-8.99111,-2.46461,0.776354,2.8134
155;-0.507053,-0.145328,-0.889927,0.0210667,-0.356269,-0.488531,0.888035,0.756433,-0.883824,-0.731393;-8.89804,-2.4845,0.754245,2.87064
156;-0.505412,-0.145574,-0.887123,0.0210667,-0.353823,-0.49006,0.889598,0.758455,-0.879933,-0.729585;-8.9237,-2.4857,0.78627,2.84526
157;0.0174848,-0.0611636,-0.860675,-0.391217,-0.588352,-0.665293,0.847469,0.844853,-0.74983,-0.697138;-7.59039,1.00912,-1.63183,-0.634003
158;-0.758544,0.428053,-0.839007,-0.473397,-0.543779,-0.186188,0.909074,0.303788,-0.90232,-0.295751;0.0845701,-2.61023,-1.97198,6.95949
159;-0.746413,0.425446,-0.69562,-0.473397,-0.885381,-0.464918,0.934367,0.7846,-0.559173,-0.330648;-2.88971,-1.44917,-1.37872,6.7877
160;-0.541784,0.51116,-0.840439,-0.739214,-0.937498,-0.644257,0.811638,0.85978,-0.754573,-0.284282;-1.27741,-1.07165,-3.03555,5.46696
161;-0.393433,0.00503019,-0.799426,-0.424248,-0.910458,-0.526,0.951842,0.771592,-0.611859,-0.305388;-4.90417,-0.171327,-3.15621,3.24105
162;-0.0215019,0.161769,-0.519219,-0.640768,-0.727948,-0.337467,0.949561,0.683483,-0.594554,0.0902245;-1.26082,0.00337503,-2.61518,0.844022
163;0.0927615,0.149035,-0.644306,-0.640768,-0.822216,-0.197541,0.946388,0.445653,-0.497355,0.0916453;-0.522711,1.56963,-4.46877,-0.0497489
164;-0.724005,-0.0885304,-0.668028,-0.0185534,-0.638256,-0.0600308,0.939209,0.167773,-0.43427,-0.435938;-4.82096,-0.537714,-1.30387,5.64125
165;-0.664353,-0.101565,0.0465367,-0.0185534,-0.367724,-0.372937,0.934478,0.740662,-0.027092,-0.432279;-8.53423,-1.24588,5.35484,4.74467
166;0.572559,0.699954,-0.0494474,-0.280988,-0.320467,-0.332665,0.784364,0.974976,0.126148,-0.556736;-6.78841,3.77926,4.983,-4.4162
167;-0.19915,0.532507,-0.853514,0.455636,-0.828873,0.0177821,0.125717,0.78071,-0.74304,-0.920484;-5.44162,0.294356,0.173555,2.78762
168;-0.478392,0.558046,-0.811068,0.455636,-0.467952,-0.28732,0.820174,0.945399,-0.572337,-0.826961;-9.3676,-2.19172,3.43755,3.13981
169;-0.555731,-0.137748,-0.894048,0.0210667,-0.886814,-0.481164,0.796106,0.746546,-0.931994,-0.70902;-7.18742,-1.07417,-2.42112,4.7425
170;-0.711143,-0.108254,-0.892996,0.0210667,-0.312073,-0.504936,0.900517,0.777575,-0.876366,-0.701421;-8.81742,-3.57626,1.43998,4.33032
171;-0.484473,-0.148665,-0.897422,0.0210667,-0.409245,-0.550452,0.887809,0.829992,-0.887239,-0.733231;-9.26291,-2.40913,0.60791,2.69899
172;-0.529747,-0.141864,-0.907315,0.0210667,-0.349204,-0.48306,0.890407,0.749114,-0.903587,-0.729518;-8.80317,-2.64621,0.715285,3.0402
173;-0.502104,-0.146068,-0.887343,0.0210667,-0.359785,-0.497032,0.894208,0.767539,-0.877302,-0.730281;-8.99111,-2.46461,0.776354,2.8134
174;-0.507053,-0.145328,-0.889927,0.0210667,-0.356269,-0.488531,0.888035,0.756433,-0.883824,-0.731393;-8.89804,-2.4845,0.754245,2.87064
175;-0.505412,-0.145574,-0.887123,0.0210667,-0.353823,-0.49006,0.889598,0.758455,-0.879933,-0.729585;-8.9237,-2.4857,0.78627,2.84526
176;0.0174848,-0.0611636,-0.860675,-0.391217,-0.588352,-0.665293,0.847469,0.844853,-0.74983,-0.697138;-7.59039,1.00912,-1.63183,-0.634003
177;-0.758544,0.428053,-0.839007,-0.473397,-0.543779,-0.186188,0.909074,0.303788,-0.90232,-0.295751;0.0845701,-2.61023,-1.97198,6.95949
178;-0.746413,0.425446,-0.69562,-0.473397,-0.885381,-0.464918,0.934367,0.7846,-0.559173,-0.330648;-2.88971,-1.44917,-1.37872,6.7877
179;-0.541784,0.51116,-0.840439,-0.739214,-0.937498,-0.644257,0.811638,0.85978,-0.754573,-0.284282;-1.27741,-1.07165,-3.03555,5.46696
180;-0.393433,0.00503019,-0.799426,-0.424248,-0.910458,-0.526,0.951842,0.771592,-0.611859,-0.305388;-4.90417,-0.171327,-3.15621,3.24105
181;-0.0215019,0.161769,-0.519219,-0.640768,-0.727948,-0.337467,0.949561,0.683483,-0.594554,0.0902245;-1.26082,0.00337503,-2.61518,0.844022
182;0.0927615,0.149035,-0.644306,-0.640768,-0.822216,-0.197541,0.946388,0.445653,-0.497355,0.0916453;-0.522711,1.56963,-4.46877,-0.0497489
183;-0.724005,-0.0885304,-0.668028,-0.0185534,-0.638256,-0.0600308,0.939209,0.167773,-0.43427,-0.435938;-4.82096,-0.537714,-1.30387,5.64125
184;-0.664353,-0.101565,0.0465367,-0.0185534,-0.367724,-0.372937,0.934478,0.740662,-0.027092,-0.432279;-8.53423,-1.24588,5.35484,4.74467
185;0.572559,0.699954,-0.0494474,-0.280988,-0.320467,-0.332665,0.784364,0.974976,0.126148,-0.556736;-6.78841,3.77926,4.983,-4.4162
186;-0.19915,0.532507,-0.853514,0.455636,-0.828873,0.0177821,0.125717,0.78071,-0.74304,-0.920484;-5.44162,0.294356,0.173555,2.78762
187;-0.478392,0.558046,-0.811068,0.455636,-0.467952,-0.28732,0.820174,0.945399,-0.572337,-0.826961;-9.3676,-2.19172,3.43755,3.13981
188;-0.555731,-0.137748,-0.894048,0.0210667,-0.886814,-0.481164,0.796106,0.746546,-0.931994,-0.70902;-7.18742,-1.07417,-2.42112,4.7425
189;-0.711143,-0.108254,-0.892996,0.0210667,-0.312073,-0.504936,0.900517,0.777575,-0.876366,-0.701421;-8.81742,-3.57626,1.43998,4.33032
190;-0.484473,-0.148665,-0.897422,0.0210667,-0.409245,-0.550452,0.887809,0.829992,-0.887239,-0.733231;-9.26291,-2.40913,0.60791,2.69899
191;-0.529747,-0.141864,-0.907315,0.0210667,-0.349204,-0.48306,0.890407,0.749114,-0.903587,-0.729518;-8.80317,-2.64621,0.715285,3.0402
192;-0.502104,-0.146068,-0.887343,0.0210667,-0.359785,-0.497032,0.894208,0.767539,-0.877302,-0.730281;-8.99111,-2.46461,0.776354,2.8134
193;-0.507053,-0.145328,-0.889927,0.0210667,-0.356269,-0.488531,0.888035,0.756433,-0.883824,-0.731393;-8.89804,-2.4845,0.754245,2.87064
194;-0.505412,-0.145574,-0.887123,0.0210667,-0.353823,-0.49006,0.889598,0.758455,-0.879933,-0.729585;-8.9237,-2.4857,0.78627,2.84526
195;0.0174848,-0.0611636,-0.860675,-0.391217,-0.588352,-0.665293,0.847469,0.844853,-0.74983,-0.697138;-7.59039,1.00912,-1.63183,-0.634003
196;-0.758544,0.428053,-0.839007,-0.473397,-0.543779,-0.186188,0.909074,0.303788,-0.90232,-0.295751;0.0845701,-2.61023,-1.97198,6.95949
197;-0.746413,0.425446,-0.69562,-0.473397,-0.885381,-0.464918,0.934367,0.7846,-0.559173,-0.330648;-2.88971,-1.44917,-1.37872,6.7877
198;-0.541784,0.51116,-0.840439,-0.739214,-0.937498,-0.644257,0.811638,0.85978,-0.754573,-0.284282;-1.27741,-1.07165,-3.03555,5.46696
199;-0.393433,0.00503019,-0.799426,-0.424248,-0.910458,-0.526,0.951842,0.771592,-0.611859,-0.305388;-4.90417,-0.171327,-3.15621,3.24105
200;-0.0215019,0.161769,-0.519219,-0.640768,-0.727948,-0.337467,0.949561,0.683483,-0.594554,0.0902245;-1.26082,0.00337503,-2.61518,0.844022
201;0.0927615,0.149035,-0.644306,-0.640768,-0.822216,-0.197541,0.946388,0.445653,-0.497355,0.0916453;-0.522711,1.56963,-4.46877,-0.0497489
202;-0.724005,-0.0885304,-0.668028,-0.0185534,-0.638256,-0.0600308,0.939209,0.167773,-0.43427,-0.435938;-4.82096,-0.537714,-1.30387,5.64125
203;-0.664353,-0.101565,0.0465367,-0.0185534,-0.367724,-0.372937,0.934478,0.740662,-0.027092,-0.432279;-8.53423,-1.24588,5.35484,4.74467
204;0.572559,0.699954,-0.0494474,-0.280988,-0.320467,-0.332665,0.784364,0.974976,0.126148,-0.556736;-6.78841,3.77926,4.983,-4.4162
205;-0.19915,0.532507,-0.853514,0.455636,-0.828873,0.0177821,0.125717,0.78071,-0.74304,-0.920484;-5.44162,0.294356,0.173555,2.78762
206;-0.478392,0.558046,-0.811068,0.455636,-0.467952,-0.28732,0.820174,0.945399,-0.572337,-0.826961;-9.3676,-2.19172,3.43755,3.13981
207;-0.555731,-0.137748,-0.894048,0.0210667,-0.886814,-0.481164,0.796106,0.746546,-0.931994,-0.70902;-7.18742,-1.07417,-2.42112,4.7425
208;-0.711143,-0.108254,-0.892996,0.0210667,-0.312073,-0.504936,0.900517,0.777575,-0.876366,-0.701421;-8.81742,-3.57626,1.43998,4.33032
209;-0.484473,-0.148665,-0.897422,0.0210667,-0.409245,-0.550452,0.887809,0.829992,-0.887239,-0.733231;-9.26291,-2.40913,0.60791,2.69899
210;-0.529747,-0.141864,-0.907315,0.0210667,-0.349204,-0.48306,0.890407,0.749114,-0.903587,-0.729518;-8.80317,-2.64621,0.715285,3.0402
211;-0.502104,-0.146068,-0.887343,0.0210667,-0.359785,-0.497032,0.894208,0.767539,-0.877302,-0.730281;-8.99111,-2.46461,0.776354,2.8134
212;-0.507053,-0.145328,-0.889927,0.0210667,-0.356269,-0.488531,0.888035,0.756433,-0.883824,-0.731393;-8.89804,-2.4845,0.754245,2.87064
213;-0.505412,-0.145574,-0.887123,0.0210667,-0.353823,-0.49006,0.889598,0.758455,-0.879933,-0.729585;-8.9237,-2.4857,0.78627,2.84526
214;0.0174848,-0.0611636,-0.860675,-0.391217,-0.588352,-0.665293,0.847469,0.844853,-0.74983,-0.697138;-7.59039,1.00912,-1.63183,-0.634003
215;-0.758544,0.428053,-0.839007,-0.473397,-0.543779,-0.186188,0.909074,0.303788,-0.90232,-0.295751;0.0845701,-2.61023,-1.97198,6.95949
216;-0.746413,0.425446,-0.69562,-0.473397,-0.885381,-0.464918,0.934367,0.7846,-0.559173,-0.330648;-2.88971,-1.44917,-1.37872,6.7877
217;-0.541784,0.51116,-0.840439,-0.739214,-0.937498,-0.644257,0.811638,0.85978,-0.754573,-0.284282;-1.27741,-1.07165,-3.03555,5.46696
218;-0.393433,0.00503019,-0.799426,-0.424248,-0.910458,-0.526,0.951842,0.771592,-0.611859,-0.305388;-4.90417,-0.171327,-3.15621,3.24105
219;-0.0215019,0.161769,-0.519219,-0.640768,-0.727948,-0.337467,0.949561,0.683483,-0.594554,0.0902245;-1.26082,0.00337503,-2.61518,0.844022
220;0.0927615,0.149035,-0.644306,-0.640768,-0.822216,-0.197541,0.946388,0.445653,-0.497355,0.0916453;-0.522711,1.56963,-4.46877,-0.0497489
221;-0.724005,-0.0885304,-0.668028,-0.0185534,-0.638256,-0.0600308,0.939209,0.167773,-0.43427,-0.435938;-4.82096,-0.537714,-1.30387,5.64125
222;-0.664353,-0.101565,0.0465367,-0.0185534,-0.367724,-0.372937,0.934478,0.740662,-0.027092,-0.432279;-8.53423,-1.24588,5.35484,4.74467
223;0.572559,0.699954,-0.0494474,-0.280988,-0.320467,-0.332665,0.784364,0.974976,0.126148,-0.556736;-6.78841,3.77926,4.983,-4.4162
224;-0.19915,0.532507,-0.853514,0.455636,-0.828873,0.0177821,0.125717,0.78071,-0.74304,-0.920484;-5.44162,0.294356,0.173555,2.78762
225;-0.478392,0.558046,-0.811068,0.455636,-0.467952,-0.28732,0.820174,0.945399,-0.572337,-0.826961;-9.3676,-2.19172,3.43755,3.13981
226;-0.555731,-0.137748,-0.894048,0.0210667,-0.886814,-0.481164,0.796106,0.746546,-0.931994,-0.70902;-7.18742,-1.07417,-2.42112,4.7425
227;-0.711143,-0.108254,-0.892996,0.0210667,-0.312073,-0.504936,0.900517,0.777575,-0.876366,-0.701421;-8.81742,-3.57626,1.43998,4.33032
228;-0.484473,-0.148665,-0.897422,0.0210667,-0.409245,-0.550452,0.887809,0.829992,-0.887239,-0.733231;-9.26291,-2.40913,0.60791,2.69899
229;-0.529747,-0.141864,-0.907315,0.0210667,-0.349204,-0.48306,0.890407,0.749114,-0.903587,-0.729518;-8.80317,-2.64621,0.715285,3.0402
230;-0.502104,-0.146068,-0.887343,0.0210667,-0.359785,-0.497032,0.894208,0.767539,-0.877302,-0.730281;-8.99111,-2.46461,0.776354,2.8134
231;-0.507053,-0.145328,-0.889927,0.0210667,-0.356269,-0.488531,0.888035,0.756433,-0.883824,-0.731393;-8.89804,-2.4845,0.754245,2.87064
232;-0.505412,-0.145574,-0.887123,0.0210667,-0.353823,-0.49006,0.889598,0.758455,-0.879933,-0.729585;-8.9237,-2.4857,0.78627,2.84526
233;0.0174848,-0.0611636,-0.860675,-0.391217,-0.588352,-0.665293,0.847469,0.844853,-0.74983,-0.697138;-7.59039,1.00912,-1.63183,-0.634003
234;-0.758544,0.428053,-0.839007,-0.473397,-0.543779,-0.186188,0.909074,0.303788,-0.90232,-0.295751;0.0845701,-2.61023,-1.97198,6.95949
235;-0.746413,0.425446,-0.69562,-0.473397,-0.885381,-0.464918,0.934367,0.7846,-0.559173,-0.330648;-2.88971,-1.44917,-1.37872,6.7877
236;-0.541784,0.51116,-0.840439,-0.739214,-0.937498,-0.644257,0.811638,0.85978,-0.754573,-0.284282;-1.27741,-1.07165,-3.03555,5.46696
237;-0.393433,0.00503019,-0.799426,-0.424248,-0.910458,-0.526,0.951842,0.771592,-0.611859,-0.305388;-4.90417,-0.171327,-3.15621,3.24105
238;-0.0215019,0.161769,-0.519219,-0.640768,-0.727948,-0.337467,0.949561,0.683483,-0.594554,0.0902245;-1.26082,0.00337503,-2.61518,0.844022
239;0.0927615,0.149035,-0.644306,-0.640768,-0.822216,-0.197541,0.946388,0.445653,-0.497355,0.0916453;-0.522711,1.56963,-4.46877,-0.0497489
240;-0.724005,-0.0885304,-0.668028,-0.0185534,-0.638256,-0.0600308,0.939209,0.167773,-0.43427,-0.435938;-4.82096,-0.537714,-1.30387,5.64125
241;-0.664353,-0.101565,0.0465367,-0.0185534,-0.367724,-0.372937,0.934478,0.740662,-0.027092,-0.432279;-8.53423,-1.24588,5.35484,4.74467
242;0.572559,0.699954,-0.0494474,-0.280988,-0.320467,-0.332665,0.784364,0.974976,0.126148,-0.556736;-6.78841,3.77926,4.983,-4.4162
243;-0.19915,0.532507,-0.853514,0.455636,-0.828873,0.0177821,0.125717,0.78071,-0.74304,-0.920484;-5.44162,0.294356,0.173555,2.78762
244;-0.478392,0.558046,-0.811068,0.455636,-0.467952,-0.28732,0.820174,0.945399,-0.572337,-0.826961;-9.3676,-2.19172,3.43755,3.13981
245;-0.555731,-0.137748,-0.894048,0.0210667,-0.886814,-0.481164,0.796106,0.746546,-0.931994,-0.70902;-7.18742,-1.07417,-2.42112,4.7425
246;-0.711143,-0.108254,-0.892996,0.0210667,-0.312073,-0.504936,0.900517,0.777575,-0.876366,-0.701421;-8.81742,-3.57626,1.43998,4.33032
247;-0.484473,-0.148665,-0.897422,0.0210667,-0.409245,-0.550452,0.887809,0.829992,-0.887239,-0.733231;-9.26291,-2.40913,0.60791,2.69899
248;-0.529747,-0.141864,-0.907315,0.0210667,-0.349204,-0.48306,0.890407,0.749114,-0.903587,-0.729518;-8.80317,-2.64621,0.715285,3.0402
249;-0.502104,-0.146068,-0.887343,0.0210667,-0.359785,-0.497032,0.894208,0.767539,-0.877302,-0.730281;-8.99111,-2.46461,0.776354,2.8134
250;-0.507053,-0.145328,-0.889927,0.0210667,-0.356269,-0.488531,0.888035,0.756433,-0.883824,-0.731393;-8.89804,-2.4845,0.754245,2.87064
251;-0.505412,-0.145574,-0.887123,0.0210667,-0.353823,-0.49006,0.889598,0.758455,-0.879933,-0.729585;-8.9237,-2.4857,0.78627,2.84526
252;0.0174848,-0.0611636,-0.860675,-0.391217,-0.588352,-0.665293,0.847469,0.844853,-0.74983,-0.697138;-7.59039,1.00912,-1.63183,-0.634003
253;-0.758544,0.428053,-0.839007,-0.473397,-0.543779,-0.186188,0.909074,0.303788,-0.90232,-0.295751;0.0845701,-2.61023,-1.97198,6.95949
254;-0.746413,0.425446,-0.69562,-0.473397,-0.885381,-0.464918,0.934367,0.7846,-0.559173,-0.330648;-2.88971,-1.44917,-1.37872,6.7877
255;-0.541784,0.51116,-0.840439,-0.739214,-0.937498,-0.644257,0.811638,0.85978,-0.754573,-0.284282;-1.27741,-1.07165,-3.03555,5.46696
256;-0.393433,0.00503019,-0.799426,-0.424248,-0.910458,-0.526,0.951842,0.771592,-0.611859,-0.305388;-4.90417,-0.171327,-3.15621,3.24105
257;-0.0215019,0.161769,-0.519219,-0.640768,-0.727948,-0.337467,0.949561,0.683483,-0.594554,0.0902245;-1.26082,0.00337503,-2.61518,0.844022
258;0.0927615,0.149035,-0.644306,-0.640768,-0.822216,-0.197541,0.946388,0.445653,-0.497355,0.0916453;-0.522711,1.56963,-4.46877,-0.0497489
259;-0.724005,-0.0885304,-0.668028,-0.0185534,-0.638256,-0.0600308,0.939209,0.167773,-0.43427,-0.435938;-4.82096,-0.537714,-1.30387,5.64125
260;-0.664353,-0.101565,0.0465367,-0.0185534,-0.367724,-0.372937,0.934478,0.740662,-0.027092,-0.432279;-8.53423,-1.24588,5.35484,4.74467
261;0.572559,0.699954,-0.0494474,-0.280988,-0.320467,-0.332665,0.784364,0.974976,0.126148,-0.556736;-6.78841,3.77926,4.983,-4.4162
262;-0.19915,0.532507,-0.853514,0.455636,-0.828873,0.0177821,0.125717,0.78071,-0.74304,-0.920484;-5.44162,0.294356,0.173555,2.78762
263;-0.478392,0.558046,-0.811068,0.455636,-0.467952,-0.28732,0.820174,0.945399,-0.572337,-0.826961;-9.3676,-2.19172,3.43755,3.13981
264;-0.555731,-0.137748,-0.894048,0.0210667,-0.886814,-0.481164,0.796106,0.746546,-0.931994,-0.70902;-7.18742,-1.07417,-2.42112,4.7425
265;-0.711143,-0.108254,-0.892996,0.0210667,-0.312073,-0.504936,0.900517,0.777575,-0.876366,-0.701421;-8.81742,-3.57626,1.43998,4.33032
266;-0.484473,-0.148665,-0.897422,0.0210667,-0.409245,-0.550452,0.887809,0.829992,-0.887239,-0.733231;-9.26291,-2.40913,0.60791,2.69899
267;-0.529747,-0.141864,-0.907315,0.0210667,-0.349204,-0.48306,0.890407,0.749114,-0.903587,-0.729518;-8.80317,-2.64621,0.715285,3.0402
268;-0.502104,-0.146068,-0.887343,0.0210667,-0.359785,-0.497032,0.894208,0.767539,-0.877302,-0.730281;-8.99111,-2.46461,0.776354,2.8134
269;-0.507053,-0.145328,-0.889927,0.0210667,-0.356269,-0.488531,0.888035,0.756433,-0.883824,-0.731393;-8.89804,-2.4845,0.754245,2.87064
270;-0.505412,-0.145574,-0.887123,0.0210667,-0.353823,-0.49006,0.889598,0.758455,-0.879933,-0.729585;-8.9237,-2.4857,0.78627,2.84526
271;0.0174848,-0.0611636,-0.860675,-0.391217,-0.588352,-0.665293,0.847469,0.844853,-0.74983,-0.697138;-7.59039,1.00912,-1.63183,-0.634003
272;-0.758544,0.428053,-0.839007,-0.473397,-0.543779,-0.186188,0.909074,0.303788,-0.90232,-0.295751;0.0845701,-2.61023,-1.97198,6.95949
273;-0.746413,0.425446,-0.69562,-0.473397,-0.885381,-0.464918,0.934367,0.7846,-0.559173,-0.330648;-2.88971,-1.44917,-1.37872,6.7877
274;-0.541784,0.51116,-0.840439,-0.739214,-0.937498,-0.644257,0.811638,0.85978,-0.754573,-0.284282;-1.27741,-1.07165,-3.03555,5.46696
275;-0.393433,0.00503019,-0.799426,-0.424248,-0.910458,-0.526,0.951842,0.771592,-0.611859,-0.305388;-4.90417,-0.171327,-3.15621,3.24105
276;-0.0215019,0.161769,-0.519219,-0.640768,-0.727948,-0.337467,0.949561,0.683483,-0.594554,0.0902245;-1.26082,0.00337503,-2.61518,0.844022
277;0.0927615,0.149035,-0.644306,-0.640768,-0.822216,-0.197541,0.946388,0.445653,-0.497355,0.0916453;-0.522711,1.56963,-4.46877,-0.0497489
278;-0.724005,-0.0885304,-0.668028,-0.0185534,-0.638256,-0.0600308,0.939209,0.167773,-0.43427,-0.435938;-4.82096,-0.537714,-1.30387,5.64125
279;-0.664353,-0.101565,0.0465367,-0.0185534,-0.367724,-0.372937,0.934478,0.740662,-0.027092,-0.432279;-8.53423,-1.24588,5.35484,4.74467
280;0.572559,0.699954,-0.0494474,-0.280988,-0.320467,-0.332665,0.784364,0.974976,0.126148,-0.556736;-6.78841,3.77926,4.983,-4.4162
281;-0.19915,0.532507,-0.853514,0.455636,-0.828873,0.0177821,0.125717,0.78071,-0.74304,-0.920484;-5.44162,0.294356,0.173555,2.78762
282;-0.478392,0.558046,-0.811068,0.455636,-0.467952,-0.28732,0.820174,0.945399,-0.572337,-0.826961;-9.3676,-2.19172,3.43755,3.13981
283;-0.555731,-0.137748,-0.894048,0.0210667,-0.886814,-0.481164,0.796106,0.746546,-0.931994,-0.70902;-7.18742,-1.07417,-2.42112,4.7425
284;-0.711143,-0.108254,-0.892996,0.0210667,-0.312073,-0.504936,0.900517,0.777575,-0.876366,-0.701421;-8.81742,-3.57626,1.43998,4.33032
285;-0.484473,-0.148665,-0.897422,0.0210667,-0.409245,-0.550452,0.887809,0.829992,-0.887239,-0.733231;-9.26291,-2.40913,0.60791,2.69899
286;-0.529747,-0.141864,-0.907315,0.0210667,-0.349204,-0.48306,0.890407,0.749114,-0.903587,-0.729518;-8.80317,-2.64621,0.715285,3.0402
287;-0.502104,-0.146068,-0.887343,0.0210667,-0.359785,-0.497032,0.894208,0.767539,-0.877302,-0.730281;-8.99111,-2.46461,0.776354,2.8134
288;-0.507053,-0.145328,-0.889927,0.0210667,-0.356269,-0.488531,0.888035,0.756433,-0.883824,-0.731393;-8.89804,-2.4845,0.754245,2.87064
289;-0.505412,-0.145574,-0.887123,0.0210667,-0.353823,-0.49006,0.889598,0.758455,-0.879933,-0.729585;-8.9237,-2.4857,0.78627,2.84526
290;0.0174848,-0.0611636,-0.860675,-0.391217,-0.588352,-0.665293,0.847469,0.844853,-0.74983,-0.697138;-7.59039,1.00912,-1.63183,-0.634003
291;-0.758544,0.428053,-0.839007,-0.473397,-0.543779,-0.186188,0.909074,0.303788,-0.90232,-0.295751;0.0845701,-2.61023,-1.97198,6.95949
292;-0.746413,0.425446,-0.69562,-0.473397,-0.885381,-0.464918,0.934367,0.7846,-0.559173,-0.330648;-2.88971,-1.44917,-1.37872,6.7877
293;-0.541784,0.51116,-0.840439,-0.739214,-0.937498,-0.644257,0.811638,0.85978,-0.754573,-0.284282;-1.27741,-1.07165,-3.03555,5.46696
294;-0.393433,0.00503019,-0.799426,-0.424248,-0.910458,-0.526,0.951842,0.771592,-0.611859,-0.305388;-4.90417,-0.171327,-3.15621,3.24105
295;-0.0215019,0.161769,-0.519219,-0.640768,-0.727948,-0.337467,0.949561,0.683483,-0.594554,0.0902245;-1.26082,0.00337503,-2.61518,0.844022
296;0.0927615,0.149035,-0.644306,-0.640768,-0.822216,-0.197541,0.946388,0.445653,-0.497355,0.0916453;-0.522711,1.56963,-4.46877,-0.0497489
297;-0.724005,-0.0885304,-0.668028,-0.0185534,-0.638256,-0.0600308,0.939209,0.167773,-0.43427,-0.435938;-4.82096,-0.537714,-1.30387,5.64125
298;-0.664353,-0.101565,0.0465367,-0.0185534,-0.367724,-0.372937,0.934478,0.740662,-0.027092,-0.432279;-8.53423,-1.24588,5.35484,4.74467
299;0.572559,0.699954,-0.0494474,-0.280988,-0.320467,-0.332665,0.784364,0.974976,0.126148,-0.556736;-6.78841,3.77926,4.983,-4.4162
