0.317
0.335
0.370
0.350
0.357
0.372
0.365
0.368
0.387
0.377
0.398
0.373
0.373
0.372
0.367
0.397
0.387
0.410
0.385
0.380
0.373
0.372
0.380
0.388
0.385
0.383
0.397
0.392
0.370
0.363
0.378
0.385
0.393
0.365
0.368
0.363
0.363
0.375
0.375
0.427
0.377
0.393
0.377
0.383
0.398
0.407
0.393
0.395
0.407
0.405
0.400
0.403
0.407
0.417
0.410
0.402
0.422
0.413
0.408
0.402
0.412
0.427
0.415
0.407
0.412
0.413
0.417
0.405
0.420
0.412
0.432
0.427
0.422
0.422
0.402
0.428
0.422
0.418
0.418
0.417
0.413
0.413
0.422
0.422
0.408
0.430
0.432
0.430
0.408
0.407
0.408
0.435
0.425
0.417
0.402
0.418
0.418
0.417
0.413
0.407
0.408
0.417
0.412
0.412
0.423
0.422
0.422
0.415
0.418
0.407
0.408
0.413
0.407
0.410
0.405
0.412
0.412
0.407
0.437
0.430
0.420
0.413
0.427
0.425
0.405
0.420
0.417
0.407
0.418
0.428
0.430
0.413
0.417
0.423
0.417
0.403
0.418
0.435
0.412
0.423
0.418
0.415
0.408
0.415
0.422
0.408
0.423
0.407
0.417
0.410
0.402
0.415
0.415
0.410
0.425
0.410
0.415
0.412
0.412
0.413
0.428
0.408
0.442
0.415
0.430
0.417
0.423
0.418
0.428
0.420
0.413
0.422
0.437
0.428
0.428
0.432
0.442
0.433
0.418
0.423
0.415
0.412
0.420
0.423
0.442
0.428
0.428
0.427
0.403
0.422
0.415
0.417
0.418
0.413
0.430
0.450
0.415
0.410
0.435
0.423
0.420
0.422
0.413
0.422
0.427
0.432
0.417
0.422
0.415
0.447
0.423
0.418
0.423
0.428
0.420
0.403
0.423
0.417
0.428
0.437
0.408
0.417
0.417
0.430
0.415
0.415
0.422
0.413
0.423
0.408
0.427
0.417
0.427
0.413
0.415
0.423
0.418
0.415
0.418
0.420
0.413
0.407
0.415
0.422
0.442
0.438
0.433
0.430
0.433
0.420
0.427
0.417
0.422
0.425
0.420
0.418
0.420
0.417
0.420
0.413
0.430
0.433
0.417
0.415
0.413
0.445
0.417
0.432
0.427
0.415
0.418
0.418
0.418
0.412
0.425
0.413
0.422
0.418
0.430
0.420
0.435
0.418
0.418
0.437
0.420
0.423
0.433
0.423
0.413
0.415
0.420
0.408
0.430
0.427
0.430
0.427
0.415
0.443
0.412
0.423
0.427
0.433
0.417
0.418
0.422
0.428
0.420
0.413
0.422
0.440
0.420
0.413
0.427
0.417
0.425
0.415
0.412
0.420
0.418
0.435
0.420
0.422
0.433
0.423
0.415
0.417
0.427
0.418
0.443
0.422
0.418
0.425
0.435
0.423
0.432
0.427
0.422
0.422
0.422
0.418
0.435
0.438
0.408
0.423
0.417
0.417
0.422
0.415
0.422
0.428
0.420
0.420
0.412
0.413
0.433
0.417
0.420
0.418
0.417
0.433
0.415
0.418
0.420
0.420
0.418
0.428
0.438
0.415
0.412
0.425
0.425
0.432
0.418
0.413
0.420
0.408
0.437
0.415
0.422
0.418
0.412
0.410
0.412
0.430
0.425
0.423
0.422
0.417
0.435
0.410
0.432
0.417
0.410
0.432
0.420
0.410
0.428
0.422
0.410
0.427
0.425
0.417
0.412
0.417
0.425
0.423
0.412
0.415
0.427
0.433
0.420
0.432
0.430
0.422
0.415
0.428
0.412
0.410
0.418
0.425
0.417
0.418
0.418
0.418
0.427
0.420
0.428
0.423
0.427
0.425
0.413
0.413
0.412
0.423
0.413
0.407
0.412
0.413
0.422
0.418
0.413
0.408
0.418
0.417
0.417
0.422
0.408
0.417
0.435
0.428
0.410
0.422
0.432
0.422
0.423
0.425
0.422
0.417
0.418
0.425
0.418
0.413
0.418
0.415
0.425
0.422
0.425
0.440
0.417
0.413
0.443
0.418
0.410
0.413
0.420
0.425
0.427
0.408
0.433
0.430
0.422
0.433
0.412
0.422
0.418
0.423
0.428
0.427
0.428
0.437
0.422
0.432
0.415
0.420
0.413
0.415
0.418
0.435
0.422
0.425
