0.337
0.312
0.300
0.327
0.333
0.347
0.328
0.328
0.333
0.327
0.363
0.360
0.348
0.353
0.355
0.382
0.385
0.385
0.393
0.388
0.390
0.400
0.395
0.402
0.397
0.393
0.392
0.400
0.403
0.400
0.393
0.395
0.403
0.390
0.402
0.413
0.390
0.390
0.397
0.397
0.392
0.395
0.400
0.410
0.395
0.393
0.400
0.415
0.397
0.402
0.405
0.402
0.392
0.405
0.402
0.398
0.408
0.402
0.398
0.397
0.398
0.398
0.397
0.398
0.398
0.397
0.395
0.393
0.395
0.402
0.403
0.397
0.403
0.388
0.395
0.385
0.413
0.407
0.408
0.398
0.405
0.410
0.405
0.393
0.390
0.395
0.408
0.400
0.403
0.402
0.407
0.397
0.407
0.400
0.400
0.390
0.400
0.398
0.393
0.407
0.405
0.425
0.403
0.397
0.405
0.413
0.410
0.397
0.425
0.393
0.405
0.397
0.400
0.410
0.407
0.403
0.405
0.408
0.402
0.405
0.398
0.398
0.407
0.407
0.405
0.398
0.393
0.397
0.393
0.393
0.407
0.397
0.410
0.403
0.403
0.400
0.403
0.398
0.392
0.398
0.398
0.402
0.418
0.417
0.403
0.395
0.400
0.405
0.405
0.407
0.393
0.407
0.405
0.407
0.398
0.405
0.398
0.420
0.402
0.397
0.395
0.400
0.395
0.398
0.407
0.402
0.398
0.398
0.423
0.400
0.407
0.390
0.407
0.398
0.395
0.412
0.405
0.395
0.400
0.385
0.412
0.398
0.393
0.395
0.405
0.403
0.412
0.407
0.405
0.412
0.400
0.410
0.400
0.413
0.437
0.428
0.425
0.415
0.432
0.423
0.427
0.430
0.453
0.438
0.442
0.438
0.453
0.440
0.448
0.442
0.445
0.450
0.452
0.447
0.450
0.452
0.443
0.453
0.472
0.452
0.457
0.452
0.452
0.453
0.457
0.450
0.453
0.452
0.463
0.473
0.462
0.460
0.462
0.450
0.463
0.458
0.448
0.460
0.457
0.445
0.462
0.452
0.465
0.470
0.455
0.452
0.468
0.462
0.468
0.473
0.452
0.465
0.452
0.455
0.470
0.465
0.455
0.463
0.462
0.455
0.465
0.470
0.473
0.460
0.463
0.465
0.463
0.458
0.455
0.458
0.458
0.457
0.450
0.455
0.465
0.457
0.465
0.462
0.460
0.460
0.463
0.482
0.485
0.483
0.473
0.467
0.477
0.495
0.492
0.493
0.493
0.490
0.497
0.498
0.497
0.502
0.500
0.493
0.493
0.493
0.512
0.497
0.503
0.517
0.503
0.507
0.518
0.503
0.505
0.502
0.500
0.508
0.507
0.495
0.502
0.500
0.498
0.503
0.500
0.513
0.500
0.502
0.502
0.497
0.507
0.500
0.497
0.500
0.505
0.488
0.500
0.518
0.503
0.505
0.502
0.498
0.502
0.507
0.495
0.502
0.505
0.513
0.497
0.505
0.495
0.498
0.500
0.500
0.497
0.498
0.502
0.507
0.495
0.497
0.507
0.495
0.500
0.493
0.500
0.505
0.503
0.510
0.505
0.503
0.505
0.512
0.505
0.510
0.498
0.503
0.495
0.508
0.500
0.507
0.497
0.498
0.498
0.498
0.502
0.518
0.502
0.505
0.502
0.492
0.493
0.500
0.495
0.503
0.517
0.502
0.510
0.500
0.502
0.502
0.497
0.495
0.502
0.498
0.505
0.503
0.502
0.500
0.498
0.505
0.495
0.500
0.520
0.523
0.517
0.500
0.503
0.493
0.495
0.503
0.502
0.492
0.495
0.492
0.508
0.507
0.498
0.505
0.498
0.495
0.500
0.513
0.500
0.508
0.502
0.512
0.498
0.502
0.498
0.508
0.502
0.500
0.508
0.495
0.502
0.498
0.502
0.502
0.505
0.522
0.508
0.508
0.508
0.507
0.508
0.510
0.505
0.502
0.502
0.500
0.497
0.512
0.505
0.507
0.507
0.500
0.507
0.508
0.507
0.513
0.510
0.510
0.507
0.510
0.518
0.505
0.500
0.513
0.503
0.517
0.508
0.508
0.500
0.505
0.502
0.502
0.503
0.527
0.505
0.510
0.507
0.513
0.510
0.510
0.505
0.510
0.508
0.522
0.508
0.505
0.507
0.512
0.507
0.520
0.513
0.510
