-0.225
-0.075
-0.020
0.005
-0.000
-0.006
0.011
0.057
0.064
0.084
0.115
0.113
0.092
0.120
0.136
0.149
0.141
0.140
0.156
0.161
0.159
0.164
0.144
0.165
0.151
0.164
0.182
0.169
0.155
0.180
0.176
0.172
0.164
0.149
0.171
0.153
0.162
0.169
0.153
0.167
0.166
0.165
0.151
0.180
0.164
0.169
0.168
0.179
0.173
0.185
0.186
0.171
0.165
0.174
0.166
0.191
0.195
0.177
0.177
0.190
0.187
0.192
0.187
0.184
0.197
0.201
0.193
0.188
0.202
0.201
0.196
0.193
0.196
0.185
0.199
0.188
0.195
0.190
0.194
0.199
0.200
0.192
0.207
0.198
0.205
0.194
0.190
0.191
0.199
0.203
0.184
0.181
0.182
0.189
0.182
0.194
0.196
0.202
0.210
0.196
0.194
0.191
0.201
0.203
0.197
0.197
0.181
0.195
0.200
0.196
0.186
0.193
0.178
0.189
0.190
0.184
0.197
0.182
0.191
0.198
0.185
0.189
0.183
0.196
0.201
0.197
0.199
0.199
0.207
0.200
0.211
0.188
0.188
0.191
0.192
0.185
0.184
0.181
0.205
0.181
0.183
0.196
0.197
0.199
0.184
0.207
0.195
0.212
0.190
0.190
0.195
0.192
0.200
0.199
0.196
0.197
0.202
0.197
0.202
0.205
0.207
0.204
0.191
0.204
0.192
0.200
0.197
0.187
0.208
0.177
0.192
0.193
0.191
0.199
0.201
0.209
0.199
0.195
0.214
0.196
0.185
0.207
0.205
0.203
0.205
0.199
0.192
0.209
0.207
0.193
0.180
0.206
0.198
0.195
0.188
0.198
0.200
0.195
0.196
0.191
0.196
0.203
0.209
0.201
0.202
0.186
0.189
0.191
0.201
0.193
0.205
0.210
0.206
0.206
0.197
0.190
0.197
0.202
0.196
0.210
0.213
0.199
0.211
0.217
0.204
0.198
0.196
0.214
0.206
0.214
0.200
0.201
0.205
0.209
0.204
0.209
0.198
0.206
0.205
0.207
0.200
0.207
0.212
0.204
0.205
0.207
0.202
0.211
0.208
0.199
0.213
0.197
0.194
0.193
0.203
0.187
0.191
0.203
0.189
0.192
0.194
0.192
0.179
0.205
0.184
0.196
0.194
0.204
0.200
0.196
0.206
0.203
0.191
0.203
0.202
0.198
0.201
0.201
0.185
0.199
0.215
0.205
0.198
0.200
0.204
0.206
0.221
0.206
0.211
0.212
0.217
0.196
0.208
0.202
0.208
0.208
0.210
0.215
0.211
0.202
0.209
0.200
0.206
0.198
0.195
0.208
0.200
0.207
0.213
0.209
0.212
0.208
0.197
0.205
0.211
0.198
0.215
0.202
0.207
0.203
0.210
0.210
0.217
0.210
0.206
0.215
0.214
0.210
0.212
0.204
0.206
0.201
0.210
0.200
0.212
0.213
0.210
0.207
0.204
0.203
0.203
0.206
0.201
0.208
0.205
0.206
0.199
0.211
0.206
0.208
0.197
0.208
0.209
0.204
0.196
0.208
0.211
0.211
0.200
0.207
0.203
0.206
0.202
0.206
0.201
0.203
0.201
0.200
0.215
0.208
0.199
0.196
0.214
0.197
0.205
0.210
0.206
0.208
0.207
0.204
0.195
0.199
0.219
0.217
0.200
0.199
0.207
0.203
0.210
0.206
0.208
0.202
0.218
0.214
0.221
0.212
0.206
0.210
0.209
0.200
0.200
0.204
0.199
0.210
0.213
0.204
0.206
0.201
0.208
0.211
0.216
0.208
0.211
0.209
0.217
0.205
0.209
0.202
0.210
0.209
0.215
0.206
0.211
0.213
0.209
0.212
0.205
0.212
0.212
0.200
0.211
0.200
0.200
0.212
0.194
0.207
0.203
0.213
0.204
0.215
0.208
0.210
0.207
0.192
0.212
0.217
0.206
0.215
0.203
0.200
0.203
0.206
0.211
0.208
0.208
0.201
0.209
0.214
0.209
0.215
0.201
0.202
0.199
0.201
0.197
0.209
0.207
0.199
0.203
0.198
0.209
0.208
0.215
0.208
0.201
0.219
0.214
0.213
0.217
0.203
0.208
0.213
0.209
0.210
0.199
0.200
0.210
0.205
0.215
0.189
0.208
0.201
0.189
0.203
0.203
0.195
0.184
0.199
0.195
0.200
