0.117
0.133
0.270
0.237
0.260
0.253
0.277
0.283
0.277
0.337
0.320
0.307
0.310
0.350
0.303
0.303
0.320
0.330
0.353
0.327
0.300
0.320
0.320
0.313
0.297
0.320
0.340
0.310
0.343
0.340
0.343
0.333
0.307
0.330
0.303
0.327
0.343
0.303
0.303
0.290
0.313
0.327
0.347
0.317
0.340
0.333
0.337
0.333
0.310
0.363
0.307
0.343
0.337
0.300
0.323
0.317
0.303
0.333
0.313
0.307
0.327
0.327
0.327
0.337
0.317
0.320
0.330
0.307
0.333
0.317
0.313
0.310
0.333
0.317
0.320
0.337
0.317
0.317
0.343
0.337
0.297
0.293
0.317
0.330
0.320
0.323
0.320
0.330
0.347
0.330
0.317
0.317
0.343
0.310
0.330
0.310
0.343
0.350
0.367
0.327
0.337
0.333
0.323
0.313
0.340
0.323
0.350
0.333
0.333
0.347
0.337
0.337
0.313
0.310
0.300
0.303
0.303
0.347
0.313
0.303
0.313
0.293
0.337
0.320
0.307
0.333
0.353
0.317
0.330
0.340
0.323
0.350
0.337
0.320
0.310
0.327
0.337
0.290
0.337
0.313
0.327
0.310
0.310
0.333
0.327
0.343
0.317
0.313
0.353
0.323
0.330
0.330
0.313
0.307
0.347
0.330
0.347
0.293
0.330
0.343
0.340
0.317
0.317
0.333
0.320
0.310
0.360
0.323
0.373
0.307
0.340
0.327
0.300
0.340
0.313
0.320
0.350
0.340
0.327
0.317
0.327
0.327
0.300
0.313
0.317
0.330
0.313
0.310
0.320
0.320
0.320
0.320
0.363
0.323
0.323
0.353
0.370
0.337
0.347
0.303
0.337
0.360
0.307
0.317
0.320
0.313
0.310
0.303
0.337
0.323
0.323
0.300
0.320
0.370
0.337
0.310
0.323
0.320
0.320
0.343
0.290
0.320
0.333
0.333
0.320
0.333
0.303
0.340
0.343
0.320
0.323
0.303
0.353
0.320
0.337
0.323
0.323
0.317
0.330
0.320
0.337
0.323
0.337
0.337
0.307
0.303
0.323
0.307
0.350
0.313
0.310
0.347
0.307
0.313
0.293
0.327
0.347
0.347
0.350
0.307
0.333
0.323
0.343
0.350
0.330
0.323
0.320
0.350
0.343
0.330
0.350
0.330
0.333
0.313
0.320
0.300
0.317
0.337
0.340
0.337
0.323
0.317
0.343
0.297
0.330
0.307
0.333
0.313
0.310
0.340
0.303
0.293
0.327
0.333
0.323
0.310
0.337
0.363
0.327
0.343
0.313
0.310
0.333
0.343
0.327
0.303
0.337
0.310
0.340
0.313
0.330
0.347
0.313
0.327
0.317
0.327
0.340
0.323
0.310
0.307
0.317
0.317
0.330
0.327
0.337
0.310
0.323
0.310
0.333
0.317
0.307
0.337
0.307
0.320
0.307
0.317
0.333
0.317
0.363
0.337
0.297
0.297
0.310
0.333
0.320
0.337
0.350
0.320
0.307
0.337
0.313
0.310
0.307
0.347
0.357
0.327
0.313
0.337
0.347
0.333
0.317
0.330
0.323
0.337
0.343
0.320
0.340
0.330
0.320
0.347
0.327
0.313
0.310
0.310
0.323
0.307
0.300
0.313
0.340
0.337
0.317
0.327
0.320
0.300
0.323
0.313
0.330
0.327
0.327
0.360
0.313
0.327
0.327
0.323
0.343
0.337
0.333
0.310
0.317
0.333
0.350
0.337
0.337
0.337
0.333
0.337
0.333
0.327
0.297
0.290
0.330
0.337
0.337
0.340
0.333
0.337
0.310
0.290
0.333
0.330
0.353
0.367
0.303
0.343
0.320
0.313
0.343
0.337
0.337
0.337
0.323
0.350
0.333
0.327
0.337
0.317
0.343
0.327
0.323
0.333
0.317
0.333
0.323
0.340
0.357
0.343
0.323
0.337
0.340
0.360
0.317
0.297
0.330
0.313
0.303
0.337
0.327
0.313
0.343
0.337
0.353
0.320
0.327
0.313
0.303
0.310
0.333
0.320
0.313
0.317
0.327
0.333
0.330
0.337
0.330
0.317
0.327
0.350
0.317
0.337
0.357
0.343
0.330
0.327
0.320
0.317
0.313
0.317
0.313
0.337
0.347
0.290
0.337
0.310
0.333
0.320
0.333
0.327
0.337
0.313
