Passo;Reservat rio (Ativa  es);Sa da (Ativa  es)
0;-0.536886,-0.0473261,-0.460836,0.124298,0.180835,-0.370787,-0.107208,0.309852,0.000551054,-0.0725146,-0.432094,0.525227,-0.246201,0.476327,0.404657,0.464808,0.0340396,-0.379324,0.479172,-0.342557,-0.222045,0.493043,0.531728,-0.0836046,-0.174375;-4.27949,-7.93874,-1.40393,3.26776
1;-0.536886,-0.0307129,-0.415766,-0.790667,-0.110496,0.0944825,0.0778552,0.44993,-0.706797,0.423159,0.152717,0.591259,0.310617,0.376762,0.404657,0.518659,-0.470078,-0.437414,0.543293,-0.161832,-0.284112,0.33482,0.363532,-0.215297,-0.574099;-6.92022,-8.95224,-3.16967,3.17269
2;-0.536886,-0.133042,-0.238825,-0.705302,0.279079,0.724035,-0.0583056,0.476795,-0.656452,0.289201,0.355442,0.585114,0.237674,0.504564,0.404657,0.440445,-0.448334,-0.185649,-0.189009,-0.136487,-0.141155,0.304965,0.564867,-0.173645,-0.46214;-4.3718,-7.22912,-2.74559,1.05403
3;-0.536886,-0.0794751,-0.292222,-0.700076,0.400733,0.71089,-0.115878,0.475654,-0.709749,0.421413,-0.305488,0.560332,0.247878,0.351551,0.404657,0.486529,-0.145798,-0.209252,-0.494789,-0.408159,-0.160363,0.262219,0.787847,-0.16571,-0.46094;-3.07069,-5.61866,-0.967894,2.13749
4;-0.536886,-0.146614,-0.535607,-0.616485,-0.0248604,0.697201,-0.212006,0.459612,-0.807396,0.524125,-0.483571,0.567921,0.293626,0.34879,0.404657,0.505318,-0.125677,-0.366461,-0.2325,-0.505763,-0.157683,0.115233,0.77692,-0.154313,-0.417147;-2.65561,-5.07673,-1.10897,2.53176
5;-0.536886,-0.210281,-0.605628,-0.758959,-0.144923,0.67013,-0.35714,0.458534,-0.810138,0.546312,-0.322145,0.601304,0.312565,0.230984,0.404657,0.548487,-0.393474,-0.441842,-0.0288522,-0.422706,-0.145639,0.062889,0.744524,-0.114825,-0.312262;-2.34284,-5.37638,-2.1629,2.23135
6;-0.771677,-0.552159,-0.317636,-0.638175,0.150839,0.758664,-0.741285,0.333395,-0.567025,0.776305,0.0692001,0.752766,-0.269198,0.21841,0.377226,0.342074,-0.450504,-0.659502,0.0487166,-0.0335779,-0.175369,0.428136,0.469946,0.194408,-0.315754;-4.27062,-3.84474,-5.00151,1.82199
7;-0.771677,-0.639896,-0.160115,-0.700727,0.395318,0.81556,-0.470646,0.399745,-0.215479,0.814939,-0.2764,0.725552,0.00820873,-0.337213,0.377226,0.517225,-0.228324,-0.806249,0.00151218,-0.00223103,-0.322082,0.258708,0.553852,0.0966631,-0.641363;-4.37861,-3.72796,-3.28644,4.1979
8;0.0371508,-0.411368,0.0445938,0.0684344,0.0516528,0.991562,-0.123424,0.262861,-0.0439693,0.794004,-0.931202,0.63341,0.360459,0.576511,0.439027,0.830097,-0.173079,-0.807183,0.332926,-0.784039,0.584667,-0.440334,0.5556,-0.160029,-0.250227;3.68169,-5.29346,-1.44223,2.46323
9;-0.451169,-0.151825,-0.321951,0.391664,0.1912,0.538498,-0.671957,0.64265,-0.728162,0.501477,-0.153225,0.851297,-0.939764,0.620384,0.619875,0.386854,-0.00694514,-0.603759,0.937001,-0.43739,0.73466,-0.299734,-0.288387,0.145252,0.149821;-0.216456,-6.28342,-5.84766,2.08064
10;0.102391,0.0849511,0.106436,-0.0507816,0.726761,0.847765,-0.313076,0.326125,-0.0992164,0.758475,-0.0502528,0.917212,-0.709155,0.662207,0.388245,0.634461,-0.150125,-0.709868,0.956945,-0.470167,0.671063,-0.12167,-0.26195,0.0909858,0.401082;4.14413,-8.72374,-4.59878,0.735435
11;-0.0613999,0.295279,-0.0638289,0.441704,0.540158,0.262447,0.317995,0.720106,-0.495221,-0.190765,0.449363,0.752385,-0.822615,0.672997,0.639416,0.703447,-0.13578,-0.376901,0.90075,-0.501854,0.595516,-0.322007,0.189863,-0.234398,0.0162232;-1.49627,-10.5885,-1.60155,1.0677
12;-0.0613999,0.608563,0.363695,0.494079,0.737093,0.214734,0.0423155,0.743249,-0.758342,-0.140684,0.487857,0.76738,-0.804739,0.901492,0.639416,0.478282,-0.276379,0.277833,0.741589,-0.518656,0.575426,-0.0126023,-0.139311,-0.181967,0.254268;-0.954647,-10.7911,-2.59502,-0.307699
13;-0.451169,0.247513,0.513275,0.841684,0.820533,0.0863692,0.0367882,0.66418,-0.0079206,0.181467,0.645726,0.831915,-0.934083,0.930406,0.619875,0.314256,0.196078,-0.121359,0.889202,-0.294772,0.554455,0.755655,-0.51211,0.0292316,0.0129641;-4.60562,-11.7631,-4.63302,2.75696
14;-0.0407694,0.0178337,0.0695061,0.722065,0.63621,0.687125,0.79509,0.779177,0.679252,-0.138031,-0.135561,0.612166,-0.618764,0.960759,0.617806,0.479771,0.411208,-0.215625,0.971977,-0.669981,0.653207,0.286039,-0.338958,0.124021,-0.663761;-3.78678,-13.4734,-1.45926,1.94018
15;0.422758,0.158424,-0.0987166,-0.0923602,0.539114,0.927261,0.424668,0.180308,-0.189532,0.0815363,-0.303626,0.872323,-0.369484,0.987068,0.75007,0.543543,0.618988,-0.21566,0.993455,-0.908052,0.904851,-0.466074,0.578112,0.376358,0.120206;2.54508,-12.67,0.0409814,-0.405349
16;0.102391,0.360325,-0.095693,0.216251,0.674833,0.536887,-0.594589,0.0249068,-0.754671,0.571057,0.445285,0.909502,-0.922707,0.95682,0.388245,0.137593,0.0455915,0.0941274,0.724507,-0.4522,0.747095,0.294396,-0.00603011,0.13591,0.580106;3.81696,-9.14324,-3.25492,-2.25717
17;-0.0613999,0.341827,-0.265154,0.17029,0.735824,-0.243056,0.720821,0.71365,-0.295915,0.0408936,0.130999,0.770097,-0.818268,0.670378,0.639416,0.772158,-0.266382,-0.375889,0.633412,-0.568803,0.557104,0.381064,0.0352433,-0.338761,-0.295508;-4.78737,-11.3151,-0.991754,2.29073
18;-0.0613999,0.560146,0.626896,0.173702,0.621605,0.427332,0.631136,0.74719,-0.727479,-0.355271,0.245932,0.784087,-0.813907,0.950284,0.639416,0.281918,-0.389552,0.441369,0.842536,-0.593194,0.576209,-0.123094,-0.397257,-0.359585,-0.372365;-6.06885,-12.3508,-1.24322,-2.03187
19;-0.153181,0.0899897,0.493918,0.462195,-0.16249,0.314544,0.0443382,0.477733,0.419714,-0.654597,0.500018,0.0020827,0.304017,0.966872,0.401849,0.347037,0.508464,0.424084,0.8622,-0.52482,-0.248857,0.765955,0.834521,0.250116,0.0917743;-2.13379,-13.8836,-0.654425,1.63546
20;-0.153181,0.192983,-0.851188,-0.281199,0.00881769,0.144915,0.503993,0.45228,-0.581504,0.088604,0.148007,0.0297952,0.549396,0.836029,0.401849,0.597888,0.406195,0.104127,0.0404318,-0.519035,0.0470183,0.761936,0.779443,0.0122517,-0.700896;-3.43292,-10.8758,0.275815,3.56452
21;-0.153181,-0.0612862,-0.778504,-0.901942,-0.226527,0.659873,0.4489,0.457784,-0.690113,-0.112685,-0.387741,0.300631,0.485256,0.929104,0.401849,0.391964,-0.56758,0.271568,0.045576,-0.719806,0.112695,0.313696,0.740086,0.0133512,-0.68499;-4.70495,-10.3595,0.0793795,-1.7752
22;-0.501831,-0.0750751,0.447095,-0.756222,-0.21964,0.937252,0.0564812,0.581508,0.21173,0.119472,-0.711488,0.566322,-0.430717,0.912184,0.656191,0.57569,-0.8029,-0.171783,0.109387,-0.63661,0.518149,0.734922,0.216968,-0.158541,-0.458928;-7.75381,-8.80545,-4.05491,-0.344064
23;0.422758,0.262958,0.342518,0.107656,0.208225,0.994206,0.618708,0.386539,-0.638052,0.678772,-0.797617,0.852163,-0.0289544,0.952793,0.75007,0.761961,0.855943,-0.766257,0.955427,-0.953142,0.913625,-0.675914,0.572531,0.26639,-0.315694;1.32641,-9.74347,0.437884,3.73927
24;0.422758,-0.154163,-0.736691,0.561007,0.151576,0.876387,-0.635901,0.0083305,-0.842513,0.390118,0.146481,0.858023,-0.639625,0.988391,0.75007,0.608898,0.754772,-0.438084,0.975728,-0.909219,0.929852,-0.794046,0.628142,0.577727,0.797635;9.26865,-7.15271,-2.17993,-0.213022
25;0.499114,0.0991848,-0.702249,-0.437193,0.545253,0.537113,-0.704931,0.168256,-0.616931,0.651694,-0.356402,0.835737,-0.76192,0.886843,0.385394,0.726142,-0.395584,-0.46559,0.851065,-0.786134,0.794858,-0.267972,0.199514,0.487029,0.71479;8.23554,-7.87182,-4.26688,-1.62125
26;-0.451169,0.0015242,0.18039,-0.216684,0.525862,0.187296,-0.425569,0.561127,-0.481629,0.385603,0.56008,0.888874,-0.96172,0.584834,0.619875,0.63195,-0.680027,-0.699716,0.857171,-0.253852,0.562396,0.25613,-0.42657,0.0987974,0.120676;-3.78539,-8.76021,-7.34433,1.63794
27;-0.0407694,0.0859773,0.494392,0.660147,0.600257,0.927159,0.399005,0.801479,0.43232,0.0790729,-0.166868,0.653724,-0.60731,0.884641,0.617806,0.652615,0.13065,-0.543051,0.925394,-0.677056,0.648917,-0.307885,-0.328296,0.255563,-0.373351;-1.14025,-10.068,-3.25875,1.98817
28;0.422758,0.0594419,-0.112172,0.537761,0.523842,0.922933,-0.182038,0.198665,-0.345013,0.233142,-0.12833,0.849441,-0.326294,0.978397,0.75007,0.679946,0.812293,-0.470819,0.9942,-0.9113,0.905409,-0.698164,0.65852,0.506741,0.603617;7.80069,-10.058,-1.11743,1.13166
29;0.102391,0.195222,-0.5773,0.171071,0.734649,0.0929109,-0.75941,0.0117916,-0.826737,0.725682,0.441233,0.909985,-0.915238,0.874061,0.388245,0.443768,0.0327846,-0.255793,0.815631,-0.45196,0.752193,0.0393921,-0.000669865,0.197632,0.694088;5.49522,-7.94101,-4.59166,-0.16399
30;-0.0613999,0.277462,-0.351095,-0.323522,0.734558,-0.174711,0.47702,0.714076,-0.53057,0.105807,0.155333,0.807904,-0.810711,0.501324,0.639416,0.807476,-0.633344,-0.473615,0.700043,-0.543361,0.558491,0.0769655,-0.207639,-0.275598,-0.106602;-3.75499,-10.4466,-2.90001,1.39741
31;-0.0613999,0.591749,0.712174,0.271476,0.631653,0.667188,0.442486,0.757988,-0.634146,-0.379467,0.284566,0.790892,-0.80751,0.920385,0.639416,0.403084,-0.468001,0.287807,0.828282,-0.575456,0.577567,-0.194473,-0.362774,-0.285072,-0.120457;-3.80124,-11.7851,-1.69584,-2.11956
32;-0.153181,0.0864154,0.452308,0.567781,-0.136811,0.19324,-0.0735613,0.481832,0.297301,-0.600864,0.602865,-0.0156936,0.325745,0.957752,0.401849,0.435745,0.567722,0.313734,0.875093,-0.528982,-0.24724,0.688679,0.872552,0.268336,0.166045;-1.17096,-13.4197,-0.982956,2.48796
33;-0.153181,0.149823,-0.884528,-0.30567,0.0785848,0.0574905,0.411199,0.449075,-0.651976,0.151348,0.184018,0.0384592,0.554508,0.804765,0.401849,0.638669,0.370439,0.0666373,0.028624,-0.515217,0.0528587,0.712347,0.754769,0.0333862,-0.662407;-2.93077,-10.4842,-0.192268,3.86863
34;-0.153181,-0.0890323,-0.790038,-0.906989,-0.203173,0.674455,0.39555,0.4597,-0.698602,-0.0899159,-0.425556,0.306939,0.490627,0.912876,0.401849,0.434639,-0.586668,0.221876,0.0485096,-0.722099,0.114054,0.273697,0.72227,0.0269154,-0.665661;-4.25752,-10.1181,-0.124447,-1.6037
35;-0.501831,-0.0857555,0.430985,-0.761385,-0.243969,0.938748,0.00106594,0.582365,0.188702,0.130717,-0.7077,0.567953,-0.426361,0.900789,0.656191,0.59529,-0.806958,-0.222673,0.17345,-0.635904,0.519206,0.710954,0.225941,-0.147852,-0.434509;-7.49503,-8.9217,-4.22677,-0.19838
36;0.422758,0.258414,0.312803,0.0950978,0.210688,0.994249,0.59708,0.386773,-0.653026,0.692292,-0.773431,0.85308,-0.0251826,0.947739,0.75007,0.775226,0.847722,-0.781615,0.954929,-0.950712,0.913819,-0.689699,0.570979,0.272473,-0.297731;1.51922,-9.68734,0.31406,3.77818
37;0.422758,-0.158873,-0.740625,0.542428,0.167601,0.878124,-0.646971,0.00888838,-0.845636,0.396413,0.150169,0.859648,-0.638559,0.987904,0.75007,0.616426,0.742542,-0.443272,0.974844,-0.909253,0.929989,-0.799924,0.629195,0.580235,0.801895;9.33088,-7.17302,-2.25083,-0.217657
38;0.499114,0.0990083,-0.700792,-0.442189,0.547013,0.547683,-0.709682,0.169062,-0.621749,0.654406,-0.356398,0.835984,-0.761533,0.884154,0.385394,0.729038,-0.398528,-0.47051,0.847894,-0.786271,0.794964,-0.273295,0.202802,0.488255,0.716896;8.27982,-7.84497,-4.27288,-1.62996
39;-0.451169,0.000958367,0.179742,-0.211971,0.525864,0.190907,-0.431302,0.561264,-0.485818,0.388526,0.560864,0.88881,-0.961684,0.58227,0.619875,0.633494,-0.678895,-0.701402,0.855846,-0.255051,0.562467,0.250116,-0.421408,0.10024,0.125576;-3.72608,-8.71945,-7.33784,1.64112
40;-0.0407694,0.083742,0.490984,0.661799,0.600597,0.926578,0.392556,0.801451,0.427569,0.0837827,-0.16682,0.653801,-0.606849,0.883555,0.617806,0.654429,0.130352,-0.545222,0.925056,-0.677346,0.648922,-0.309968,-0.326412,0.2571,-0.368585;-1.09183,-10.0354,-3.27232,2.00085
41;0.422758,0.056789,-0.116113,0.535028,0.523865,0.922747,-0.185376,0.198685,-0.347897,0.236342,-0.129671,0.849638,-0.325749,0.978102,0.75007,0.681871,0.811226,-0.47425,0.994198,-0.911323,0.905431,-0.699387,0.65836,0.507164,0.604495;7.81973,-10.0434,-1.13361,1.14284
42;0.102391,0.194085,-0.578289,0.165359,0.734229,0.0958225,-0.760374,0.011864,-0.827253,0.726244,0.440209,0.910126,-0.915212,0.872941,0.388245,0.445262,0.0290819,-0.25854,0.815799,-0.451961,0.752257,0.0358427,-0.000849366,0.197953,0.694328;5.49998,-7.93334,-4.60469,-0.172578
43;-0.0613999,0.278056,-0.348886,-0.323622,0.734237,-0.170213,0.473799,0.714199,-0.531446,0.106081,0.156047,0.807976,-0.810671,0.500082,0.639416,0.807665,-0.633924,-0.474488,0.699165,-0.543313,0.558496,0.074206,-0.206155,-0.2747,-0.103584;-3.72698,-10.4319,-2.90372,1.38967
44;-0.0613999,0.591669,0.711426,0.275759,0.631945,0.666787,0.440073,0.758005,-0.635007,-0.377787,0.285378,0.790719,-0.807399,0.920068,0.639416,0.40457,-0.466218,0.285954,0.827637,-0.575693,0.577574,-0.195697,-0.36054,-0.284378,-0.117739;-3.77101,-11.7665,-1.69465,-2.10623
45;-0.153181,0.0848771,0.449875,0.567527,-0.136269,0.189737,-0.0757945,0.481739,0.294314,-0.599568,0.602974,-0.0155378,0.326007,0.957589,0.401849,0.436822,0.567347,0.312615,0.875178,-0.52917,-0.247212,0.687526,0.872518,0.268647,0.167147;-1.16026,-13.4092,-0.991926,2.49828
46;-0.153181,0.14922,-0.884792,-0.308696,0.0786583,0.0580411,0.409741,0.449096,-0.652528,0.15216,0.1826,0.0389658,0.554609,0.803714,0.401849,0.639407,0.368445,0.0652018,0.0289498,-0.515192,0.0529292,0.711793,0.75394,0.0337012,-0.662021;-2.92669,-10.4819,-0.20108,3.86848
47;-0.153181,-0.0889538,-0.789765,-0.90694,-0.204097,0.675758,0.394933,0.459807,-0.698586,-0.0897745,-0.425273,0.306989,0.490711,0.912605,0.401849,0.435305,-0.586881,0.220296,0.0490032,-0.722036,0.114081,0.272448,0.722387,0.0270668,-0.665457;-4.2518,-10.1146,-0.127438,-1.60191
48;-0.501831,-0.0858347,0.430781,-0.761056,-0.243788,0.938742,-0.000418838,0.582374,0.188015,0.131005,-0.707069,0.567914,-0.426325,0.900709,0.656191,0.59552,-0.806908,-0.22301,0.173465,-0.635786,0.519223,0.710247,0.226542,-0.147518,-0.433536;-7.48514,-8.91809,-4.23032,-0.197009
49;0.422758,0.258228,0.311922,0.0950691,0.211097,0.994245,0.596489,0.38677,-0.653441,0.692741,-0.773397,0.853092,-0.0250811,0.947613,0.75007,0.775556,0.847667,-0.781947,0.954859,-0.950711,0.913821,-0.689879,0.571018,0.272652,-0.297141;1.52604,-9.68539,0.312367,3.77956
50;0.422758,-0.159091,-0.740796,0.541787,0.167624,0.878118,-0.647166,0.00889213,-0.845732,0.396619,0.15014,0.859696,-0.638521,0.98789,0.75007,0.61663,0.742177,-0.443599,0.974848,-0.909258,0.929993,-0.800059,0.629229,0.580267,0.801938;9.33105,-7.17274,-2.25286,-0.217479
51;0.499114,0.0990081,-0.700708,-0.442456,0.546999,0.54807,-0.709805,0.169086,-0.621882,0.654458,-0.356459,0.835995,-0.761528,0.884083,0.385394,0.729089,-0.398664,-0.470626,0.84781,-0.78627,0.794967,-0.273607,0.202801,0.488283,0.716931;8.28083,-7.84381,-4.27346,-1.63067
52;-0.451169,0.000975342,0.179776,-0.21175,0.525834,0.191101,-0.431566,0.56127,-0.485853,0.388565,0.560894,0.888807,-0.961684,0.582206,0.619875,0.633534,-0.678842,-0.70146,0.855822,-0.255082,0.562468,0.249971,-0.421231,0.100324,0.125866;-3.72338,-8.71833,-7.33776,1.64107
53;-0.0407694,0.0836867,0.490827,0.661881,0.60061,0.926546,0.392393,0.80145,0.427415,0.0839698,-0.166758,0.653797,-0.606826,0.883513,0.617806,0.654513,0.130389,-0.545333,0.925048,-0.677351,0.648922,-0.310031,-0.326314,0.257138,-0.368463;-1.09034,-10.0345,-3.27261,2.00156
54;0.422758,0.0566809,-0.116257,0.534916,0.523896,0.922738,-0.185494,0.198682,-0.348037,0.236446,-0.129684,0.849648,-0.325736,0.978095,0.75007,0.681919,0.811177,-0.474318,0.994198,-0.911324,0.905432,-0.699447,0.658353,0.507177,0.604523;7.82033,-10.043,-1.13415,1.14302
55;0.102391,0.194052,-0.578314,0.16515,0.734225,0.0959412,-0.760412,0.0118673,-0.827265,0.726263,0.440151,0.910131,-0.915211,0.872898,0.388245,0.445315,0.028947,-0.258624,0.81579,-0.451961,0.752259,0.0357728,-0.000851136,0.197969,0.694343;5.50016,-7.93317,-4.60507,-0.172904
56;-0.0613999,0.278078,-0.348808,-0.323622,0.734219,-0.170052,0.473727,0.714203,-0.531479,0.106094,0.156069,0.807978,-0.810669,0.500039,0.639416,0.807672,-0.633937,-0.474528,0.699138,-0.543315,0.558496,0.0741166,-0.206094,-0.274682,-0.103527;-3.7263,-10.4315,-2.90368,1.38943
57;-0.0613999,0.591664,0.711409,0.275907,0.631954,0.666777,0.439993,0.758006,-0.635042,-0.377738,0.285412,0.790713,-0.807397,0.920062,0.639416,0.404603,-0.466155,0.285917,0.827613,-0.5757,0.577575,-0.195748,-0.360461,-0.284355,-0.11765;-3.77004,-11.7659,-1.69458,-2.10588
58;-0.153181,0.0848282,0.449792,0.567524,-0.136247,0.189617,-0.0758742,0.481735,0.294224,-0.599523,0.602969,-0.0155343,0.326015,0.957584,0.401849,0.436858,0.567339,0.31258,0.875178,-0.529177,-0.247211,0.6875,0.872517,0.26866,0.167193;-1.15984,-13.4089,-0.992224,2.49865
59;-0.153181,0.149198,-0.884802,-0.3088,0.0786548,0.0580526,0.409703,0.449096,-0.652546,0.15219,0.182551,0.0389831,0.554613,0.803678,0.401849,0.639433,0.368378,0.0651469,0.0289702,-0.515192,0.0529314,0.711775,0.753912,0.0337082,-0.662015;-2.92664,-10.4818,-0.201358,3.86851
60;-0.153181,-0.0889518,-0.789754,-0.906939,-0.204129,0.675803,0.394912,0.459811,-0.698586,-0.0897741,-0.425258,0.306991,0.490713,0.912597,0.401849,0.435322,-0.58689,0.22025,0.0490209,-0.722032,0.114082,0.272403,0.722388,0.0270717,-0.665451;-4.25163,-10.1145,-0.127548,-1.60189
61;-0.501831,-0.0858351,0.430776,-0.761044,-0.243778,0.938742,-0.000469286,0.582375,0.187999,0.131014,-0.707049,0.567913,-0.426324,0.900706,0.656191,0.595528,-0.806906,-0.22302,0.173462,-0.635781,0.519223,0.710227,0.226563,-0.147506,-0.433501;-7.48479,-8.91797,-4.23044,-0.196962
62;0.422758,0.258222,0.311892,0.0950711,0.21111,0.994245,0.596472,0.38677,-0.653456,0.692757,-0.773397,0.853092,-0.0250775,0.947609,0.75007,0.775567,0.847666,-0.781959,0.954856,-0.950712,0.913821,-0.689885,0.57102,0.272657,-0.297124;1.52626,-9.68532,0.312325,3.77961
63;0.422758,-0.159099,-0.740801,0.541765,0.167624,0.878118,-0.647173,0.0088922,-0.845736,0.396625,0.150139,0.859698,-0.638519,0.987889,0.75007,0.616636,0.742165,-0.443609,0.974848,-0.909259,0.929993,-0.800064,0.62923,0.580268,0.801939;9.33105,-7.17273,-2.25293,-0.217479
64;0.499114,0.0990085,-0.700705,-0.442465,0.546999,0.548084,-0.709809,0.169087,-0.621886,0.654459,-0.356462,0.835995,-0.761528,0.884081,0.385394,0.729091,-0.398668,-0.47063,0.847807,-0.78627,0.794968,-0.273617,0.202801,0.488284,0.716932;8.28087,-7.84377,-4.27348,-1.6307
65;-0.451169,0.000975914,0.179777,-0.211743,0.525832,0.191108,-0.431573,0.561271,-0.485854,0.388566,0.560895,0.888806,-0.961684,0.582204,0.619875,0.633535,-0.67884,-0.701462,0.855822,-0.255083,0.562468,0.249966,-0.421225,0.100327,0.125875;-3.7233,-8.71829,-7.33776,1.64107
66;-0.0407694,0.0836848,0.490822,0.661884,0.600611,0.926545,0.392388,0.80145,0.42741,0.0839757,-0.166755,0.653797,-0.606825,0.883511,0.617806,0.654515,0.13039,-0.545336,0.925048,-0.677352,0.648922,-0.310033,-0.326311,0.257139,-0.368459;-1.09029,-10.0344,-3.27262,2.00159
67;0.422758,0.0566775,-0.116262,0.534913,0.523897,0.922737,-0.185498,0.198682,-0.348042,0.236449,-0.129684,0.849648,-0.325735,0.978095,0.75007,0.681921,0.811175,-0.47432,0.994198,-0.911324,0.905432,-0.699449,0.658353,0.507177,0.604524;7.82035,-10.043,-1.13417,1.14302
68;0.102391,0.194051,-0.578315,0.165143,0.734225,0.0959449,-0.760414,0.0118675,-0.827265,0.726264,0.44015,0.910132,-0.915211,0.872897,0.388245,0.445316,0.0289426,-0.258626,0.81579,-0.451961,0.752259,0.0357705,-0.00085118,0.19797,0.694343;5.50017,-7.93316,-4.60508,-0.172915
69;-0.0613999,0.278079,-0.348805,-0.323623,0.734219,-0.170046,0.473725,0.714204,-0.53148,0.106095,0.15607,0.807978,-0.810669,0.500038,0.639416,0.807672,-0.633937,-0.474529,0.699137,-0.543315,0.558496,0.0741136,-0.206092,-0.274682,-0.103525;-3.72628,-10.4315,-2.90368,1.38943
70;-0.0613999,0.591664,0.711409,0.275912,0.631954,0.666777,0.43999,0.758006,-0.635043,-0.377736,0.285413,0.790713,-0.807396,0.920061,0.639416,0.404604,-0.466153,0.285915,0.827612,-0.575701,0.577575,-0.19575,-0.360459,-0.284354,-0.117647;-3.77001,-11.7659,-1.69458,-2.10587
71;-0.153181,0.0848266,0.449789,0.567524,-0.136246,0.189613,-0.0758768,0.481735,0.294221,-0.599521,0.602968,-0.0155342,0.326016,0.957584,0.401849,0.436859,0.567339,0.312579,0.875178,-0.529177,-0.247211,0.6875,0.872517,0.26866,0.167195;-1.15983,-13.4089,-0.992234,2.49866
72;-0.153181,0.149197,-0.884803,-0.308803,0.0786547,0.058053,0.409701,0.449096,-0.652547,0.152191,0.18255,0.0389836,0.554613,0.803676,0.401849,0.639434,0.368375,0.0651451,0.0289708,-0.515192,0.0529315,0.711775,0.753911,0.0337085,-0.662014;-2.92664,-10.4818,-0.201367,3.86851
73;-0.153181,-0.0889517,-0.789753,-0.906939,-0.20413,0.675805,0.394911,0.459811,-0.698586,-0.0897741,-0.425257,0.306991,0.490713,0.912597,0.401849,0.435323,-0.586891,0.220248,0.0490214,-0.722032,0.114082,0.272402,0.722388,0.0270719,-0.665451;-4.25162,-10.1145,-0.127551,-1.60189
74;-0.501831,-0.0858351,0.430776,-0.761043,-0.243778,0.938742,-0.000470883,0.582375,0.187998,0.131014,-0.707048,0.567913,-0.426324,0.900706,0.656191,0.595528,-0.806906,-0.223021,0.173461,-0.635781,0.519223,0.710226,0.226564,-0.147506,-0.4335;-7.48478,-8.91797,-4.23045,-0.19696
75;0.422758,0.258222,0.311891,0.0950711,0.211111,0.994245,0.596471,0.38677,-0.653456,0.692757,-0.773397,0.853092,-0.0250774,0.947609,0.75007,0.775567,0.847666,-0.781959,0.954856,-0.950712,0.913821,-0.689885,0.57102,0.272657,-0.297123;1.52627,-9.68532,0.312323,3.77961
76;0.422758,-0.159099,-0.740801,0.541764,0.167624,0.878118,-0.647173,0.0088922,-0.845736,0.396625,0.150139,0.859698,-0.638519,0.987889,0.75007,0.616636,0.742164,-0.443609,0.974848,-0.909259,0.929993,-0.800064,0.62923,0.580268,0.801939;9.33105,-7.17273,-2.25294,-0.217478
77;0.499114,0.0990085,-0.700705,-0.442465,0.546999,0.548084,-0.709809,0.169087,-0.621886,0.65446,-0.356462,0.835995,-0.761528,0.884081,0.385394,0.729091,-0.398669,-0.47063,0.847807,-0.78627,0.794968,-0.273617,0.202801,0.488284,0.716932;8.28087,-7.84377,-4.27348,-1.6307
78;-0.451169,0.000975932,0.179777,-0.211742,0.525832,0.191108,-0.431574,0.561271,-0.485854,0.388566,0.560895,0.888806,-0.961684,0.582204,0.619875,0.633535,-0.67884,-0.701462,0.855822,-0.255084,0.562468,0.249966,-0.421225,0.100327,0.125875;-3.7233,-8.71829,-7.33776,1.64107
79;-0.0407694,0.0836848,0.490822,0.661884,0.600611,0.926545,0.392387,0.80145,0.42741,0.0839759,-0.166755,0.653797,-0.606825,0.883511,0.617806,0.654515,0.13039,-0.545336,0.925048,-0.677352,0.648922,-0.310033,-0.326311,0.257139,-0.368459;-1.09029,-10.0344,-3.27262,2.00159
80;0.422758,0.0566774,-0.116262,0.534913,0.523897,0.922737,-0.185498,0.198682,-0.348042,0.236449,-0.129684,0.849648,-0.325735,0.978095,0.75007,0.681921,0.811175,-0.47432,0.994198,-0.911324,0.905432,-0.699449,0.658353,0.507177,0.604524;7.82035,-10.043,-1.13417,1.14302
81;0.102391,0.194051,-0.578315,0.165143,0.734225,0.095945,-0.760414,0.0118675,-0.827265,0.726264,0.44015,0.910132,-0.915211,0.872897,0.388245,0.445317,0.0289424,-0.258626,0.81579,-0.451961,0.752259,0.0357704,-0.000851181,0.19797,0.694343;5.50017,-7.93316,-4.60508,-0.172915
82;-0.0613999,0.278079,-0.348805,-0.323623,0.734218,-0.170046,0.473725,0.714204,-0.53148,0.106095,0.15607,0.807978,-0.810669,0.500038,0.639416,0.807672,-0.633937,-0.474529,0.699137,-0.543315,0.558496,0.0741135,-0.206092,-0.274682,-0.103525;-3.72628,-10.4315,-2.90368,1.38943
83;-0.0613999,0.591664,0.711409,0.275912,0.631954,0.666777,0.43999,0.758006,-0.635043,-0.377736,0.285413,0.790713,-0.807396,0.920061,0.639416,0.404604,-0.466153,0.285915,0.827612,-0.575701,0.577575,-0.19575,-0.360459,-0.284354,-0.117647;-3.77001,-11.7659,-1.69458,-2.10587
84;-0.153181,0.0848265,0.449789,0.567524,-0.136246,0.189613,-0.0758768,0.481735,0.294221,-0.599521,0.602968,-0.0155342,0.326016,0.957584,0.401849,0.436859,0.567339,0.312579,0.875178,-0.529177,-0.247211,0.6875,0.872517,0.26866,0.167195;-1.15982,-13.4089,-0.992234,2.49866
85;-0.153181,0.149197,-0.884803,-0.308803,0.0786547,0.058053,0.409701,0.449096,-0.652547,0.152191,0.18255,0.0389837,0.554613,0.803676,0.401849,0.639434,0.368375,0.0651451,0.0289708,-0.515192,0.0529315,0.711775,0.753911,0.0337085,-0.662014;-2.92664,-10.4818,-0.201367,3.86851
86;-0.153181,-0.0889517,-0.789753,-0.906939,-0.20413,0.675805,0.394911,0.459811,-0.698586,-0.0897741,-0.425257,0.306991,0.490713,0.912597,0.401849,0.435323,-0.586891,0.220248,0.0490214,-0.722032,0.114082,0.272402,0.722388,0.0270719,-0.665451;-4.25162,-10.1145,-0.127551,-1.60189
87;-0.501831,-0.0858351,0.430776,-0.761043,-0.243778,0.938742,-0.000470936,0.582375,0.187998,0.131014,-0.707048,0.567913,-0.426324,0.900706,0.656191,0.595528,-0.806906,-0.223021,0.173461,-0.635781,0.519223,0.710226,0.226564,-0.147506,-0.4335;-7.48478,-8.91797,-4.23045,-0.19696
88;0.422758,0.258222,0.311891,0.0950711,0.211111,0.994245,0.596471,0.38677,-0.653456,0.692757,-0.773397,0.853092,-0.0250774,0.947609,0.75007,0.775567,0.847666,-0.781959,0.954856,-0.950712,0.913821,-0.689885,0.57102,0.272657,-0.297123;1.52627,-9.68532,0.312323,3.77961
89;0.422758,-0.159099,-0.740801,0.541764,0.167624,0.878118,-0.647173,0.0088922,-0.845736,0.396625,0.150139,0.859698,-0.638519,0.987889,0.75007,0.616636,0.742164,-0.443609,0.974848,-0.909259,0.929993,-0.800064,0.62923,0.580268,0.801939;9.33105,-7.17273,-2.25294,-0.217478
90;0.499114,0.0990085,-0.700705,-0.442465,0.546999,0.548084,-0.709809,0.169087,-0.621886,0.65446,-0.356462,0.835995,-0.761528,0.884081,0.385394,0.729091,-0.398669,-0.47063,0.847807,-0.78627,0.794968,-0.273617,0.202801,0.488284,0.716932;8.28087,-7.84377,-4.27348,-1.6307
91;-0.451169,0.000975933,0.179777,-0.211742,0.525832,0.191108,-0.431574,0.561271,-0.485854,0.388566,0.560895,0.888806,-0.961684,0.582204,0.619875,0.633535,-0.67884,-0.701462,0.855822,-0.255084,0.562468,0.249966,-0.421225,0.100327,0.125875;-3.7233,-8.71829,-7.33776,1.64107
92;-0.0407694,0.0836848,0.490822,0.661884,0.600611,0.926545,0.392387,0.80145,0.42741,0.0839759,-0.166755,0.653797,-0.606825,0.883511,0.617806,0.654515,0.13039,-0.545336,0.925048,-0.677352,0.648922,-0.310033,-0.326311,0.257139,-0.368459;-1.09029,-10.0344,-3.27262,2.00159
93;0.422758,0.0566774,-0.116262,0.534913,0.523897,0.922737,-0.185498,0.198682,-0.348042,0.236449,-0.129684,0.849648,-0.325735,0.978095,0.75007,0.681921,0.811175,-0.47432,0.994198,-0.911324,0.905432,-0.699449,0.658353,0.507177,0.604524;7.82035,-10.043,-1.13417,1.14302
94;0.102391,0.194051,-0.578315,0.165143,0.734225,0.095945,-0.760414,0.0118675,-0.827265,0.726264,0.44015,0.910132,-0.915211,0.872897,0.388245,0.445317,0.0289424,-0.258627,0.81579,-0.451961,0.752259,0.0357704,-0.000851181,0.19797,0.694343;5.50017,-7.93316,-4.60508,-0.172915
95;-0.0613999,0.278079,-0.348805,-0.323623,0.734218,-0.170046,0.473725,0.714204,-0.53148,0.106095,0.15607,0.807978,-0.810669,0.500038,0.639416,0.807672,-0.633937,-0.474529,0.699137,-0.543315,0.558496,0.0741135,-0.206092,-0.274682,-0.103525;-3.72628,-10.4315,-2.90368,1.38943
96;-0.0613999,0.591664,0.711409,0.275912,0.631954,0.666777,0.43999,0.758006,-0.635043,-0.377736,0.285413,0.790713,-0.807396,0.920061,0.639416,0.404604,-0.466153,0.285915,0.827612,-0.575701,0.577575,-0.19575,-0.360459,-0.284354,-0.117647;-3.77001,-11.7659,-1.69458,-2.10587
97;-0.153181,0.0848265,0.449789,0.567524,-0.136246,0.189613,-0.0758769,0.481735,0.294221,-0.599521,0.602968,-0.0155342,0.326016,0.957584,0.401849,0.436859,0.567339,0.312579,0.875178,-0.529177,-0.247211,0.6875,0.872517,0.26866,0.167195;-1.15982,-13.4089,-0.992234,2.49866
98;-0.153181,0.149197,-0.884803,-0.308803,0.0786547,0.058053,0.409701,0.449096,-0.652547,0.152191,0.18255,0.0389837,0.554613,0.803676,0.401849,0.639434,0.368375,0.0651451,0.0289708,-0.515192,0.0529315,0.711775,0.753911,0.0337085,-0.662014;-2.92664,-10.4818,-0.201367,3.86851
99;-0.153181,-0.0889517,-0.789753,-0.906939,-0.20413,0.675805,0.394911,0.459811,-0.698586,-0.0897741,-0.425257,0.306991,0.490713,0.912597,0.401849,0.435323,-0.586891,0.220248,0.0490215,-0.722032,0.114082,0.272402,0.722388,0.0270719,-0.665451;-4.25162,-10.1145,-0.127551,-1.60189
100;-0.501831,-0.0858351,0.430776,-0.761043,-0.243778,0.938742,-0.000470938,0.582375,0.187998,0.131014,-0.707048,0.567913,-0.426324,0.900706,0.656191,0.595528,-0.806906,-0.223021,0.173461,-0.635781,0.519223,0.710226,0.226564,-0.147506,-0.4335;-7.48478,-8.91797,-4.23045,-0.19696
101;0.422758,0.258222,0.311891,0.0950711,0.211111,0.994245,0.596471,0.38677,-0.653456,0.692757,-0.773397,0.853092,-0.0250774,0.947609,0.75007,0.775567,0.847666,-0.781959,0.954856,-0.950712,0.913821,-0.689885,0.57102,0.272657,-0.297123;1.52627,-9.68532,0.312323,3.77961
102;0.422758,-0.159099,-0.740801,0.541764,0.167624,0.878118,-0.647173,0.0088922,-0.845736,0.396625,0.150139,0.859698,-0.638519,0.987889,0.75007,0.616636,0.742164,-0.443609,0.974848,-0.909259,0.929993,-0.800064,0.62923,0.580268,0.801939;9.33105,-7.17273,-2.25294,-0.217478
103;0.499114,0.0990085,-0.700705,-0.442465,0.546999,0.548084,-0.709809,0.169087,-0.621886,0.65446,-0.356462,0.835995,-0.761528,0.884081,0.385394,0.729091,-0.398669,-0.47063,0.847807,-0.78627,0.794968,-0.273617,0.202801,0.488284,0.716932;8.28087,-7.84377,-4.27348,-1.6307
104;-0.451169,0.000975933,0.179777,-0.211742,0.525832,0.191108,-0.431574,0.561271,-0.485854,0.388566,0.560895,0.888806,-0.961684,0.582204,0.619875,0.633535,-0.67884,-0.701462,0.855822,-0.255084,0.562468,0.249966,-0.421225,0.100327,0.125875;-3.7233,-8.71829,-7.33776,1.64107
105;-0.0407694,0.0836848,0.490822,0.661884,0.600611,0.926545,0.392387,0.80145,0.42741,0.0839759,-0.166755,0.653797,-0.606825,0.883511,0.617806,0.654515,0.13039,-0.545336,0.925048,-0.677352,0.648922,-0.310033,-0.326311,0.257139,-0.368459;-1.09029,-10.0344,-3.27262,2.00159
106;0.422758,0.0566774,-0.116262,0.534913,0.523897,0.922737,-0.185498,0.198682,-0.348042,0.236449,-0.129684,0.849648,-0.325735,0.978095,0.75007,0.681921,0.811175,-0.47432,0.994198,-0.911324,0.905432,-0.699449,0.658353,0.507177,0.604524;7.82035,-10.043,-1.13417,1.14302
107;0.102391,0.194051,-0.578315,0.165143,0.734225,0.095945,-0.760414,0.0118675,-0.827265,0.726264,0.44015,0.910132,-0.915211,0.872897,0.388245,0.445317,0.0289424,-0.258627,0.81579,-0.451961,0.752259,0.0357704,-0.000851181,0.19797,0.694343;5.50017,-7.93316,-4.60508,-0.172915
108;-0.0613999,0.278079,-0.348805,-0.323623,0.734218,-0.170046,0.473725,0.714204,-0.53148,0.106095,0.15607,0.807978,-0.810669,0.500038,0.639416,0.807672,-0.633937,-0.474529,0.699137,-0.543315,0.558496,0.0741135,-0.206092,-0.274682,-0.103525;-3.72628,-10.4315,-2.90368,1.38943
109;-0.0613999,0.591664,0.711409,0.275912,0.631954,0.666777,0.43999,0.758006,-0.635043,-0.377736,0.285413,0.790713,-0.807396,0.920061,0.639416,0.404604,-0.466153,0.285915,0.827612,-0.575701,0.577575,-0.19575,-0.360459,-0.284354,-0.117647;-3.77001,-11.7659,-1.69458,-2.10587
110;-0.153181,0.0848265,0.449789,0.567524,-0.136246,0.189613,-0.0758769,0.481735,0.294221,-0.599521,0.602968,-0.0155342,0.326016,0.957584,0.401849,0.436859,0.567339,0.312579,0.875178,-0.529177,-0.247211,0.6875,0.872517,0.26866,0.167195;-1.15982,-13.4089,-0.992234,2.49866
111;-0.153181,0.149197,-0.884803,-0.308803,0.0786547,0.058053,0.409701,0.449096,-0.652547,0.152191,0.18255,0.0389837,0.554613,0.803676,0.401849,0.639434,0.368375,0.0651451,0.0289708,-0.515192,0.0529315,0.711775,0.753911,0.0337085,-0.662014;-2.92664,-10.4818,-0.201367,3.86851
112;-0.153181,-0.0889517,-0.789753,-0.906939,-0.20413,0.675805,0.394911,0.459811,-0.698586,-0.0897741,-0.425257,0.306991,0.490713,0.912597,0.401849,0.435323,-0.586891,0.220248,0.0490215,-0.722032,0.114082,0.272402,0.722388,0.0270719,-0.665451;-4.25162,-10.1145,-0.127551,-1.60189
113;-0.501831,-0.0858351,0.430776,-0.761043,-0.243778,0.938742,-0.000470938,0.582375,0.187998,0.131014,-0.707048,0.567913,-0.426324,0.900706,0.656191,0.595528,-0.806906,-0.223021,0.173461,-0.635781,0.519223,0.710226,0.226564,-0.147506,-0.4335;-7.48478,-8.91797,-4.23045,-0.19696
114;0.422758,0.258222,0.311891,0.0950711,0.211111,0.994245,0.596471,0.38677,-0.653456,0.692757,-0.773397,0.853092,-0.0250774,0.947609,0.75007,0.775567,0.847666,-0.781959,0.954856,-0.950712,0.913821,-0.689885,0.57102,0.272657,-0.297123;1.52627,-9.68532,0.312323,3.77961
115;0.422758,-0.159099,-0.740801,0.541764,0.167624,0.878118,-0.647173,0.0088922,-0.845736,0.396625,0.150139,0.859698,-0.638519,0.987889,0.75007,0.616636,0.742164,-0.443609,0.974848,-0.909259,0.929993,-0.800064,0.62923,0.580268,0.801939;9.33105,-7.17273,-2.25294,-0.217478
116;0.499114,0.0990085,-0.700705,-0.442465,0.546999,0.548084,-0.709809,0.169087,-0.621886,0.65446,-0.356462,0.835995,-0.761528,0.884081,0.385394,0.729091,-0.398669,-0.47063,0.847807,-0.78627,0.794968,-0.273617,0.202801,0.488284,0.716932;8.28087,-7.84377,-4.27348,-1.6307
117;-0.451169,0.000975933,0.179777,-0.211742,0.525832,0.191108,-0.431574,0.561271,-0.485854,0.388566,0.560895,0.888806,-0.961684,0.582204,0.619875,0.633535,-0.67884,-0.701462,0.855822,-0.255084,0.562468,0.249966,-0.421225,0.100327,0.125875;-3.7233,-8.71829,-7.33776,1.64107
118;-0.0407694,0.0836848,0.490822,0.661884,0.600611,0.926545,0.392387,0.80145,0.42741,0.0839759,-0.166755,0.653797,-0.606825,0.883511,0.617806,0.654515,0.13039,-0.545336,0.925048,-0.677352,0.648922,-0.310033,-0.326311,0.257139,-0.368459;-1.09029,-10.0344,-3.27262,2.00159
119;0.422758,0.0566774,-0.116262,0.534913,0.523897,0.922737,-0.185498,0.198682,-0.348042,0.236449,-0.129684,0.849648,-0.325735,0.978095,0.75007,0.681921,0.811175,-0.47432,0.994198,-0.911324,0.905432,-0.699449,0.658353,0.507177,0.604524;7.82035,-10.043,-1.13417,1.14302
120;0.102391,0.194051,-0.578315,0.165143,0.734225,0.095945,-0.760414,0.0118675,-0.827265,0.726264,0.44015,0.910132,-0.915211,0.872897,0.388245,0.445317,0.0289424,-0.258627,0.81579,-0.451961,0.752259,0.0357704,-0.000851181,0.19797,0.694343;5.50017,-7.93316,-4.60508,-0.172915
121;-0.0613999,0.278079,-0.348805,-0.323623,0.734218,-0.170046,0.473725,0.714204,-0.53148,0.106095,0.15607,0.807978,-0.810669,0.500038,0.639416,0.807672,-0.633937,-0.474529,0.699137,-0.543315,0.558496,0.0741135,-0.206092,-0.274682,-0.103525;-3.72628,-10.4315,-2.90368,1.38943
122;-0.0613999,0.591664,0.711409,0.275912,0.631954,0.666777,0.43999,0.758006,-0.635043,-0.377736,0.285413,0.790713,-0.807396,0.920061,0.639416,0.404604,-0.466153,0.285915,0.827612,-0.575701,0.577575,-0.19575,-0.360459,-0.284354,-0.117647;-3.77001,-11.7659,-1.69458,-2.10587
123;-0.153181,0.0848265,0.449789,0.567524,-0.136246,0.189613,-0.0758769,0.481735,0.294221,-0.599521,0.602968,-0.0155342,0.326016,0.957584,0.401849,0.436859,0.567339,0.312579,0.875178,-0.529177,-0.247211,0.6875,0.872517,0.26866,0.167195;-1.15982,-13.4089,-0.992234,2.49866
124;-0.153181,0.149197,-0.884803,-0.308803,0.0786547,0.058053,0.409701,0.449096,-0.652547,0.152191,0.18255,0.0389837,0.554613,0.803676,0.401849,0.639434,0.368375,0.0651451,0.0289708,-0.515192,0.0529315,0.711775,0.753911,0.0337085,-0.662014;-2.92664,-10.4818,-0.201367,3.86851
125;-0.153181,-0.0889517,-0.789753,-0.906939,-0.20413,0.675805,0.394911,0.459811,-0.698586,-0.0897741,-0.425257,0.306991,0.490713,0.912597,0.401849,0.435323,-0.586891,0.220248,0.0490215,-0.722032,0.114082,0.272402,0.722388,0.0270719,-0.665451;-4.25162,-10.1145,-0.127551,-1.60189
126;-0.501831,-0.0858351,0.430776,-0.761043,-0.243778,0.938742,-0.000470938,0.582375,0.187998,0.131014,-0.707048,0.567913,-0.426324,0.900706,0.656191,0.595528,-0.806906,-0.223021,0.173461,-0.635781,0.519223,0.710226,0.226564,-0.147506,-0.4335;-7.48478,-8.91797,-4.23045,-0.19696
127;0.422758,0.258222,0.311891,0.0950711,0.211111,0.994245,0.596471,0.38677,-0.653456,0.692757,-0.773397,0.853092,-0.0250774,0.947609,0.75007,0.775567,0.847666,-0.781959,0.954856,-0.950712,0.913821,-0.689885,0.57102,0.272657,-0.297123;1.52627,-9.68532,0.312323,3.77961
128;0.422758,-0.159099,-0.740801,0.541764,0.167624,0.878118,-0.647173,0.0088922,-0.845736,0.396625,0.150139,0.859698,-0.638519,0.987889,0.75007,0.616636,0.742164,-0.443609,0.974848,-0.909259,0.929993,-0.800064,0.62923,0.580268,0.801939;9.33105,-7.17273,-2.25294,-0.217478
129;0.499114,0.0990085,-0.700705,-0.442465,0.546999,0.548084,-0.709809,0.169087,-0.621886,0.65446,-0.356462,0.835995,-0.761528,0.884081,0.385394,0.729091,-0.398669,-0.47063,0.847807,-0.78627,0.794968,-0.273617,0.202801,0.488284,0.716932;8.28087,-7.84377,-4.27348,-1.6307
130;-0.451169,0.000975933,0.179777,-0.211742,0.525832,0.191108,-0.431574,0.561271,-0.485854,0.388566,0.560895,0.888806,-0.961684,0.582204,0.619875,0.633535,-0.67884,-0.701462,0.855822,-0.255084,0.562468,0.249966,-0.421225,0.100327,0.125875;-3.7233,-8.71829,-7.33776,1.64107
131;-0.0407694,0.0836848,0.490822,0.661884,0.600611,0.926545,0.392387,0.80145,0.42741,0.0839759,-0.166755,0.653797,-0.606825,0.883511,0.617806,0.654515,0.13039,-0.545336,0.925048,-0.677352,0.648922,-0.310033,-0.326311,0.257139,-0.368459;-1.09029,-10.0344,-3.27262,2.00159
132;0.422758,0.0566774,-0.116262,0.534913,0.523897,0.922737,-0.185498,0.198682,-0.348042,0.236449,-0.129684,0.849648,-0.325735,0.978095,0.75007,0.681921,0.811175,-0.47432,0.994198,-0.911324,0.905432,-0.699449,0.658353,0.507177,0.604524;7.82035,-10.043,-1.13417,1.14302
133;0.102391,0.194051,-0.578315,0.165143,0.734225,0.095945,-0.760414,0.0118675,-0.827265,0.726264,0.44015,0.910132,-0.915211,0.872897,0.388245,0.445317,0.0289424,-0.258627,0.81579,-0.451961,0.752259,0.0357704,-0.000851181,0.19797,0.694343;5.50017,-7.93316,-4.60508,-0.172915
134;-0.0613999,0.278079,-0.348805,-0.323623,0.734218,-0.170046,0.473725,0.714204,-0.53148,0.106095,0.15607,0.807978,-0.810669,0.500038,0.639416,0.807672,-0.633937,-0.474529,0.699137,-0.543315,0.558496,0.0741135,-0.206092,-0.274682,-0.103525;-3.72628,-10.4315,-2.90368,1.38943
135;-0.0613999,0.591664,0.711409,0.275912,0.631954,0.666777,0.43999,0.758006,-0.635043,-0.377736,0.285413,0.790713,-0.807396,0.920061,0.639416,0.404604,-0.466153,0.285915,0.827612,-0.575701,0.577575,-0.19575,-0.360459,-0.284354,-0.117647;-3.77001,-11.7659,-1.69458,-2.10587
136;-0.153181,0.0848265,0.449789,0.567524,-0.136246,0.189613,-0.0758769,0.481735,0.294221,-0.599521,0.602968,-0.0155342,0.326016,0.957584,0.401849,0.436859,0.567339,0.312579,0.875178,-0.529177,-0.247211,0.6875,0.872517,0.26866,0.167195;-1.15982,-13.4089,-0.992234,2.49866
137;-0.153181,0.149197,-0.884803,-0.308803,0.0786547,0.058053,0.409701,0.449096,-0.652547,0.152191,0.18255,0.0389837,0.554613,0.803676,0.401849,0.639434,0.368375,0.0651451,0.0289708,-0.515192,0.0529315,0.711775,0.753911,0.0337085,-0.662014;-2.92664,-10.4818,-0.201367,3.86851
138;-0.153181,-0.0889517,-0.789753,-0.906939,-0.20413,0.675805,0.394911,0.459811,-0.698586,-0.0897741,-0.425257,0.306991,0.490713,0.912597,0.401849,0.435323,-0.586891,0.220248,0.0490215,-0.722032,0.114082,0.272402,0.722388,0.0270719,-0.665451;-4.25162,-10.1145,-0.127551,-1.60189
139;-0.501831,-0.0858351,0.430776,-0.761043,-0.243778,0.938742,-0.000470938,0.582375,0.187998,0.131014,-0.707048,0.567913,-0.426324,0.900706,0.656191,0.595528,-0.806906,-0.223021,0.173461,-0.635781,0.519223,0.710226,0.226564,-0.147506,-0.4335;-7.48478,-8.91797,-4.23045,-0.19696
140;0.422758,0.258222,0.311891,0.0950711,0.211111,0.994245,0.596471,0.38677,-0.653456,0.692757,-0.773397,0.853092,-0.0250774,0.947609,0.75007,0.775567,0.847666,-0.781959,0.954856,-0.950712,0.913821,-0.689885,0.57102,0.272657,-0.297123;1.52627,-9.68532,0.312323,3.77961
141;0.422758,-0.159099,-0.740801,0.541764,0.167624,0.878118,-0.647173,0.0088922,-0.845736,0.396625,0.150139,0.859698,-0.638519,0.987889,0.75007,0.616636,0.742164,-0.443609,0.974848,-0.909259,0.929993,-0.800064,0.62923,0.580268,0.801939;9.33105,-7.17273,-2.25294,-0.217478
142;0.499114,0.0990085,-0.700705,-0.442465,0.546999,0.548084,-0.709809,0.169087,-0.621886,0.65446,-0.356462,0.835995,-0.761528,0.884081,0.385394,0.729091,-0.398669,-0.47063,0.847807,-0.78627,0.794968,-0.273617,0.202801,0.488284,0.716932;8.28087,-7.84377,-4.27348,-1.6307
143;-0.451169,0.000975933,0.179777,-0.211742,0.525832,0.191108,-0.431574,0.561271,-0.485854,0.388566,0.560895,0.888806,-0.961684,0.582204,0.619875,0.633535,-0.67884,-0.701462,0.855822,-0.255084,0.562468,0.249966,-0.421225,0.100327,0.125875;-3.7233,-8.71829,-7.33776,1.64107
144;-0.0407694,0.0836848,0.490822,0.661884,0.600611,0.926545,0.392387,0.80145,0.42741,0.0839759,-0.166755,0.653797,-0.606825,0.883511,0.617806,0.654515,0.13039,-0.545336,0.925048,-0.677352,0.648922,-0.310033,-0.326311,0.257139,-0.368459;-1.09029,-10.0344,-3.27262,2.00159
145;0.422758,0.0566774,-0.116262,0.534913,0.523897,0.922737,-0.185498,0.198682,-0.348042,0.236449,-0.129684,0.849648,-0.325735,0.978095,0.75007,0.681921,0.811175,-0.47432,0.994198,-0.911324,0.905432,-0.699449,0.658353,0.507177,0.604524;7.82035,-10.043,-1.13417,1.14302
146;0.102391,0.194051,-0.578315,0.165143,0.734225,0.095945,-0.760414,0.0118675,-0.827265,0.726264,0.44015,0.910132,-0.915211,0.872897,0.388245,0.445317,0.0289424,-0.258627,0.81579,-0.451961,0.752259,0.0357704,-0.000851181,0.19797,0.694343;5.50017,-7.93316,-4.60508,-0.172915
147;-0.0613999,0.278079,-0.348805,-0.323623,0.734218,-0.170046,0.473725,0.714204,-0.53148,0.106095,0.15607,0.807978,-0.810669,0.500038,0.639416,0.807672,-0.633937,-0.474529,0.699137,-0.543315,0.558496,0.0741135,-0.206092,-0.274682,-0.103525;-3.72628,-10.4315,-2.90368,1.38943
148;-0.0613999,0.591664,0.711409,0.275912,0.631954,0.666777,0.43999,0.758006,-0.635043,-0.377736,0.285413,0.790713,-0.807396,0.920061,0.639416,0.404604,-0.466153,0.285915,0.827612,-0.575701,0.577575,-0.19575,-0.360459,-0.284354,-0.117647;-3.77001,-11.7659,-1.69458,-2.10587
149;-0.153181,0.0848265,0.449789,0.567524,-0.136246,0.189613,-0.0758769,0.481735,0.294221,-0.599521,0.602968,-0.0155342,0.326016,0.957584,0.401849,0.436859,0.567339,0.312579,0.875178,-0.529177,-0.247211,0.6875,0.872517,0.26866,0.167195;-1.15982,-13.4089,-0.992234,2.49866
150;-0.153181,0.149197,-0.884803,-0.308803,0.0786547,0.058053,0.409701,0.449096,-0.652547,0.152191,0.18255,0.0389837,0.554613,0.803676,0.401849,0.639434,0.368375,0.0651451,0.0289708,-0.515192,0.0529315,0.711775,0.753911,0.0337085,-0.662014;-2.92664,-10.4818,-0.201367,3.86851
151;-0.153181,-0.0889517,-0.789753,-0.906939,-0.20413,0.675805,0.394911,0.459811,-0.698586,-0.0897741,-0.425257,0.306991,0.490713,0.912597,0.401849,0.435323,-0.586891,0.220248,0.0490215,-0.722032,0.114082,0.272402,0.722388,0.0270719,-0.665451;-4.25162,-10.1145,-0.127551,-1.60189
152;-0.501831,-0.0858351,0.430776,-0.761043,-0.243778,0.938742,-0.000470938,0.582375,0.187998,0.131014,-0.707048,0.567913,-0.426324,0.900706,0.656191,0.595528,-0.806906,-0.223021,0.173461,-0.635781,0.519223,0.710226,0.226564,-0.147506,-0.4335;-7.48478,-8.91797,-4.23045,-0.19696
153;0.422758,0.258222,0.311891,0.0950711,0.211111,0.994245,0.596471,0.38677,-0.653456,0.692757,-0.773397,0.853092,-0.0250774,0.947609,0.75007,0.775567,0.847666,-0.781959,0.954856,-0.950712,0.913821,-0.689885,0.57102,0.272657,-0.297123;1.52627,-9.68532,0.312323,3.77961
154;0.422758,-0.159099,-0.740801,0.541764,0.167624,0.878118,-0.647173,0.0088922,-0.845736,0.396625,0.150139,0.859698,-0.638519,0.987889,0.75007,0.616636,0.742164,-0.443609,0.974848,-0.909259,0.929993,-0.800064,0.62923,0.580268,0.801939;9.33105,-7.17273,-2.25294,-0.217478
155;0.499114,0.0990085,-0.700705,-0.442465,0.546999,0.548084,-0.709809,0.169087,-0.621886,0.65446,-0.356462,0.835995,-0.761528,0.884081,0.385394,0.729091,-0.398669,-0.47063,0.847807,-0.78627,0.794968,-0.273617,0.202801,0.488284,0.716932;8.28087,-7.84377,-4.27348,-1.6307
156;-0.451169,0.000975933,0.179777,-0.211742,0.525832,0.191108,-0.431574,0.561271,-0.485854,0.388566,0.560895,0.888806,-0.961684,0.582204,0.619875,0.633535,-0.67884,-0.701462,0.855822,-0.255084,0.562468,0.249966,-0.421225,0.100327,0.125875;-3.7233,-8.71829,-7.33776,1.64107
157;-0.0407694,0.0836848,0.490822,0.661884,0.600611,0.926545,0.392387,0.80145,0.42741,0.0839759,-0.166755,0.653797,-0.606825,0.883511,0.617806,0.654515,0.13039,-0.545336,0.925048,-0.677352,0.648922,-0.310033,-0.326311,0.257139,-0.368459;-1.09029,-10.0344,-3.27262,2.00159
158;0.422758,0.0566774,-0.116262,0.534913,0.523897,0.922737,-0.185498,0.198682,-0.348042,0.236449,-0.129684,0.849648,-0.325735,0.978095,0.75007,0.681921,0.811175,-0.47432,0.994198,-0.911324,0.905432,-0.699449,0.658353,0.507177,0.604524;7.82035,-10.043,-1.13417,1.14302
159;0.102391,0.194051,-0.578315,0.165143,0.734225,0.095945,-0.760414,0.0118675,-0.827265,0.726264,0.44015,0.910132,-0.915211,0.872897,0.388245,0.445317,0.0289424,-0.258627,0.81579,-0.451961,0.752259,0.0357704,-0.000851181,0.19797,0.694343;5.50017,-7.93316,-4.60508,-0.172915
160;-0.0613999,0.278079,-0.348805,-0.323623,0.734218,-0.170046,0.473725,0.714204,-0.53148,0.106095,0.15607,0.807978,-0.810669,0.500038,0.639416,0.807672,-0.633937,-0.474529,0.699137,-0.543315,0.558496,0.0741135,-0.206092,-0.274682,-0.103525;-3.72628,-10.4315,-2.90368,1.38943
161;-0.0613999,0.591664,0.711409,0.275912,0.631954,0.666777,0.43999,0.758006,-0.635043,-0.377736,0.285413,0.790713,-0.807396,0.920061,0.639416,0.404604,-0.466153,0.285915,0.827612,-0.575701,0.577575,-0.19575,-0.360459,-0.284354,-0.117647;-3.77001,-11.7659,-1.69458,-2.10587
162;-0.153181,0.0848265,0.449789,0.567524,-0.136246,0.189613,-0.0758769,0.481735,0.294221,-0.599521,0.602968,-0.0155342,0.326016,0.957584,0.401849,0.436859,0.567339,0.312579,0.875178,-0.529177,-0.247211,0.6875,0.872517,0.26866,0.167195;-1.15982,-13.4089,-0.992234,2.49866
163;-0.153181,0.149197,-0.884803,-0.308803,0.0786547,0.058053,0.409701,0.449096,-0.652547,0.152191,0.18255,0.0389837,0.554613,0.803676,0.401849,0.639434,0.368375,0.0651451,0.0289708,-0.515192,0.0529315,0.711775,0.753911,0.0337085,-0.662014;-2.92664,-10.4818,-0.201367,3.86851
164;-0.153181,-0.0889517,-0.789753,-0.906939,-0.20413,0.675805,0.394911,0.459811,-0.698586,-0.0897741,-0.425257,0.306991,0.490713,0.912597,0.401849,0.435323,-0.586891,0.220248,0.0490215,-0.722032,0.114082,0.272402,0.722388,0.0270719,-0.665451;-4.25162,-10.1145,-0.127551,-1.60189
165;-0.501831,-0.0858351,0.430776,-0.761043,-0.243778,0.938742,-0.000470938,0.582375,0.187998,0.131014,-0.707048,0.567913,-0.426324,0.900706,0.656191,0.595528,-0.806906,-0.223021,0.173461,-0.635781,0.519223,0.710226,0.226564,-0.147506,-0.4335;-7.48478,-8.91797,-4.23045,-0.19696
166;0.422758,0.258222,0.311891,0.0950711,0.211111,0.994245,0.596471,0.38677,-0.653456,0.692757,-0.773397,0.853092,-0.0250774,0.947609,0.75007,0.775567,0.847666,-0.781959,0.954856,-0.950712,0.913821,-0.689885,0.57102,0.272657,-0.297123;1.52627,-9.68532,0.312323,3.77961
167;0.422758,-0.159099,-0.740801,0.541764,0.167624,0.878118,-0.647173,0.0088922,-0.845736,0.396625,0.150139,0.859698,-0.638519,0.987889,0.75007,0.616636,0.742164,-0.443609,0.974848,-0.909259,0.929993,-0.800064,0.62923,0.580268,0.801939;9.33105,-7.17273,-2.25294,-0.217478
168;0.499114,0.0990085,-0.700705,-0.442465,0.546999,0.548084,-0.709809,0.169087,-0.621886,0.65446,-0.356462,0.835995,-0.761528,0.884081,0.385394,0.729091,-0.398669,-0.47063,0.847807,-0.78627,0.794968,-0.273617,0.202801,0.488284,0.716932;8.28087,-7.84377,-4.27348,-1.6307
169;-0.451169,0.000975933,0.179777,-0.211742,0.525832,0.191108,-0.431574,0.561271,-0.485854,0.388566,0.560895,0.888806,-0.961684,0.582204,0.619875,0.633535,-0.67884,-0.701462,0.855822,-0.255084,0.562468,0.249966,-0.421225,0.100327,0.125875;-3.7233,-8.71829,-7.33776,1.64107
170;-0.0407694,0.0836848,0.490822,0.661884,0.600611,0.926545,0.392387,0.80145,0.42741,0.0839759,-0.166755,0.653797,-0.606825,0.883511,0.617806,0.654515,0.13039,-0.545336,0.925048,-0.677352,0.648922,-0.310033,-0.326311,0.257139,-0.368459;-1.09029,-10.0344,-3.27262,2.00159
171;0.422758,0.0566774,-0.116262,0.534913,0.523897,0.922737,-0.185498,0.198682,-0.348042,0.236449,-0.129684,0.849648,-0.325735,0.978095,0.75007,0.681921,0.811175,-0.47432,0.994198,-0.911324,0.905432,-0.699449,0.658353,0.507177,0.604524;7.82035,-10.043,-1.13417,1.14302
172;0.102391,0.194051,-0.578315,0.165143,0.734225,0.095945,-0.760414,0.0118675,-0.827265,0.726264,0.44015,0.910132,-0.915211,0.872897,0.388245,0.445317,0.0289424,-0.258627,0.81579,-0.451961,0.752259,0.0357704,-0.000851181,0.19797,0.694343;5.50017,-7.93316,-4.60508,-0.172915
173;-0.0613999,0.278079,-0.348805,-0.323623,0.734218,-0.170046,0.473725,0.714204,-0.53148,0.106095,0.15607,0.807978,-0.810669,0.500038,0.639416,0.807672,-0.633937,-0.474529,0.699137,-0.543315,0.558496,0.0741135,-0.206092,-0.274682,-0.103525;-3.72628,-10.4315,-2.90368,1.38943
174;-0.0613999,0.591664,0.711409,0.275912,0.631954,0.666777,0.43999,0.758006,-0.635043,-0.377736,0.285413,0.790713,-0.807396,0.920061,0.639416,0.404604,-0.466153,0.285915,0.827612,-0.575701,0.577575,-0.19575,-0.360459,-0.284354,-0.117647;-3.77001,-11.7659,-1.69458,-2.10587
175;-0.153181,0.0848265,0.449789,0.567524,-0.136246,0.189613,-0.0758769,0.481735,0.294221,-0.599521,0.602968,-0.0155342,0.326016,0.957584,0.401849,0.436859,0.567339,0.312579,0.875178,-0.529177,-0.247211,0.6875,0.872517,0.26866,0.167195;-1.15982,-13.4089,-0.992234,2.49866
176;-0.153181,0.149197,-0.884803,-0.308803,0.0786547,0.058053,0.409701,0.449096,-0.652547,0.152191,0.18255,0.0389837,0.554613,0.803676,0.401849,0.639434,0.368375,0.0651451,0.0289708,-0.515192,0.0529315,0.711775,0.753911,0.0337085,-0.662014;-2.92664,-10.4818,-0.201367,3.86851
177;-0.153181,-0.0889517,-0.789753,-0.906939,-0.20413,0.675805,0.394911,0.459811,-0.698586,-0.0897741,-0.425257,0.306991,0.490713,0.912597,0.401849,0.435323,-0.586891,0.220248,0.0490215,-0.722032,0.114082,0.272402,0.722388,0.0270719,-0.665451;-4.25162,-10.1145,-0.127551,-1.60189
178;-0.501831,-0.0858351,0.430776,-0.761043,-0.243778,0.938742,-0.000470938,0.582375,0.187998,0.131014,-0.707048,0.567913,-0.426324,0.900706,0.656191,0.595528,-0.806906,-0.223021,0.173461,-0.635781,0.519223,0.710226,0.226564,-0.147506,-0.4335;-7.48478,-8.91797,-4.23045,-0.19696
179;0.422758,0.258222,0.311891,0.0950711,0.211111,0.994245,0.596471,0.38677,-0.653456,0.692757,-0.773397,0.853092,-0.0250774,0.947609,0.75007,0.775567,0.847666,-0.781959,0.954856,-0.950712,0.913821,-0.689885,0.57102,0.272657,-0.297123;1.52627,-9.68532,0.312323,3.77961
180;0.422758,-0.159099,-0.740801,0.541764,0.167624,0.878118,-0.647173,0.0088922,-0.845736,0.396625,0.150139,0.859698,-0.638519,0.987889,0.75007,0.616636,0.742164,-0.443609,0.974848,-0.909259,0.929993,-0.800064,0.62923,0.580268,0.801939;9.33105,-7.17273,-2.25294,-0.217478
181;0.499114,0.0990085,-0.700705,-0.442465,0.546999,0.548084,-0.709809,0.169087,-0.621886,0.65446,-0.356462,0.835995,-0.761528,0.884081,0.385394,0.729091,-0.398669,-0.47063,0.847807,-0.78627,0.794968,-0.273617,0.202801,0.488284,0.716932;8.28087,-7.84377,-4.27348,-1.6307
182;-0.451169,0.000975933,0.179777,-0.211742,0.525832,0.191108,-0.431574,0.561271,-0.485854,0.388566,0.560895,0.888806,-0.961684,0.582204,0.619875,0.633535,-0.67884,-0.701462,0.855822,-0.255084,0.562468,0.249966,-0.421225,0.100327,0.125875;-3.7233,-8.71829,-7.33776,1.64107
183;-0.0407694,0.0836848,0.490822,0.661884,0.600611,0.926545,0.392387,0.80145,0.42741,0.0839759,-0.166755,0.653797,-0.606825,0.883511,0.617806,0.654515,0.13039,-0.545336,0.925048,-0.677352,0.648922,-0.310033,-0.326311,0.257139,-0.368459;-1.09029,-10.0344,-3.27262,2.00159
184;0.422758,0.0566774,-0.116262,0.534913,0.523897,0.922737,-0.185498,0.198682,-0.348042,0.236449,-0.129684,0.849648,-0.325735,0.978095,0.75007,0.681921,0.811175,-0.47432,0.994198,-0.911324,0.905432,-0.699449,0.658353,0.507177,0.604524;7.82035,-10.043,-1.13417,1.14302
185;0.102391,0.194051,-0.578315,0.165143,0.734225,0.095945,-0.760414,0.0118675,-0.827265,0.726264,0.44015,0.910132,-0.915211,0.872897,0.388245,0.445317,0.0289424,-0.258627,0.81579,-0.451961,0.752259,0.0357704,-0.000851181,0.19797,0.694343;5.50017,-7.93316,-4.60508,-0.172915
186;-0.0613999,0.278079,-0.348805,-0.323623,0.734218,-0.170046,0.473725,0.714204,-0.53148,0.106095,0.15607,0.807978,-0.810669,0.500038,0.639416,0.807672,-0.633937,-0.474529,0.699137,-0.543315,0.558496,0.0741135,-0.206092,-0.274682,-0.103525;-3.72628,-10.4315,-2.90368,1.38943
187;-0.0613999,0.591664,0.711409,0.275912,0.631954,0.666777,0.43999,0.758006,-0.635043,-0.377736,0.285413,0.790713,-0.807396,0.920061,0.639416,0.404604,-0.466153,0.285915,0.827612,-0.575701,0.577575,-0.19575,-0.360459,-0.284354,-0.117647;-3.77001,-11.7659,-1.69458,-2.10587
188;-0.153181,0.0848265,0.449789,0.567524,-0.136246,0.189613,-0.0758769,0.481735,0.294221,-0.599521,0.602968,-0.0155342,0.326016,0.957584,0.401849,0.436859,0.567339,0.312579,0.875178,-0.529177,-0.247211,0.6875,0.872517,0.26866,0.167195;-1.15982,-13.4089,-0.992234,2.49866
189;-0.153181,0.149197,-0.884803,-0.308803,0.0786547,0.058053,0.409701,0.449096,-0.652547,0.152191,0.18255,0.0389837,0.554613,0.803676,0.401849,0.639434,0.368375,0.0651451,0.0289708,-0.515192,0.0529315,0.711775,0.753911,0.0337085,-0.662014;-2.92664,-10.4818,-0.201367,3.86851
190;-0.153181,-0.0889517,-0.789753,-0.906939,-0.20413,0.675805,0.394911,0.459811,-0.698586,-0.0897741,-0.425257,0.306991,0.490713,0.912597,0.401849,0.435323,-0.586891,0.220248,0.0490215,-0.722032,0.114082,0.272402,0.722388,0.0270719,-0.665451;-4.25162,-10.1145,-0.127551,-1.60189
191;-0.501831,-0.0858351,0.430776,-0.761043,-0.243778,0.938742,-0.000470938,0.582375,0.187998,0.131014,-0.707048,0.567913,-0.426324,0.900706,0.656191,0.595528,-0.806906,-0.223021,0.173461,-0.635781,0.519223,0.710226,0.226564,-0.147506,-0.4335;-7.48478,-8.91797,-4.23045,-0.19696
192;0.422758,0.258222,0.311891,0.0950711,0.211111,0.994245,0.596471,0.38677,-0.653456,0.692757,-0.773397,0.853092,-0.0250774,0.947609,0.75007,0.775567,0.847666,-0.781959,0.954856,-0.950712,0.913821,-0.689885,0.57102,0.272657,-0.297123;1.52627,-9.68532,0.312323,3.77961
193;0.422758,-0.159099,-0.740801,0.541764,0.167624,0.878118,-0.647173,0.0088922,-0.845736,0.396625,0.150139,0.859698,-0.638519,0.987889,0.75007,0.616636,0.742164,-0.443609,0.974848,-0.909259,0.929993,-0.800064,0.62923,0.580268,0.801939;9.33105,-7.17273,-2.25294,-0.217478
194;0.499114,0.0990085,-0.700705,-0.442465,0.546999,0.548084,-0.709809,0.169087,-0.621886,0.65446,-0.356462,0.835995,-0.761528,0.884081,0.385394,0.729091,-0.398669,-0.47063,0.847807,-0.78627,0.794968,-0.273617,0.202801,0.488284,0.716932;8.28087,-7.84377,-4.27348,-1.6307
195;-0.451169,0.000975933,0.179777,-0.211742,0.525832,0.191108,-0.431574,0.561271,-0.485854,0.388566,0.560895,0.888806,-0.961684,0.582204,0.619875,0.633535,-0.67884,-0.701462,0.855822,-0.255084,0.562468,0.249966,-0.421225,0.100327,0.125875;-3.7233,-8.71829,-7.33776,1.64107
196;-0.0407694,0.0836848,0.490822,0.661884,0.600611,0.926545,0.392387,0.80145,0.42741,0.0839759,-0.166755,0.653797,-0.606825,0.883511,0.617806,0.654515,0.13039,-0.545336,0.925048,-0.677352,0.648922,-0.310033,-0.326311,0.257139,-0.368459;-1.09029,-10.0344,-3.27262,2.00159
197;0.422758,0.0566774,-0.116262,0.534913,0.523897,0.922737,-0.185498,0.198682,-0.348042,0.236449,-0.129684,0.849648,-0.325735,0.978095,0.75007,0.681921,0.811175,-0.47432,0.994198,-0.911324,0.905432,-0.699449,0.658353,0.507177,0.604524;7.82035,-10.043,-1.13417,1.14302
198;0.102391,0.194051,-0.578315,0.165143,0.734225,0.095945,-0.760414,0.0118675,-0.827265,0.726264,0.44015,0.910132,-0.915211,0.872897,0.388245,0.445317,0.0289424,-0.258627,0.81579,-0.451961,0.752259,0.0357704,-0.000851181,0.19797,0.694343;5.50017,-7.93316,-4.60508,-0.172915
199;-0.0613999,0.278079,-0.348805,-0.323623,0.734218,-0.170046,0.473725,0.714204,-0.53148,0.106095,0.15607,0.807978,-0.810669,0.500038,0.639416,0.807672,-0.633937,-0.474529,0.699137,-0.543315,0.558496,0.0741135,-0.206092,-0.274682,-0.103525;-3.72628,-10.4315,-2.90368,1.38943
200;-0.0613999,0.591664,0.711409,0.275912,0.631954,0.666777,0.43999,0.758006,-0.635043,-0.377736,0.285413,0.790713,-0.807396,0.920061,0.639416,0.404604,-0.466153,0.285915,0.827612,-0.575701,0.577575,-0.19575,-0.360459,-0.284354,-0.117647;-3.77001,-11.7659,-1.69458,-2.10587
201;-0.153181,0.0848265,0.449789,0.567524,-0.136246,0.189613,-0.0758769,0.481735,0.294221,-0.599521,0.602968,-0.0155342,0.326016,0.957584,0.401849,0.436859,0.567339,0.312579,0.875178,-0.529177,-0.247211,0.6875,0.872517,0.26866,0.167195;-1.15982,-13.4089,-0.992234,2.49866
202;-0.153181,0.149197,-0.884803,-0.308803,0.0786547,0.058053,0.409701,0.449096,-0.652547,0.152191,0.18255,0.0389837,0.554613,0.803676,0.401849,0.639434,0.368375,0.0651451,0.0289708,-0.515192,0.0529315,0.711775,0.753911,0.0337085,-0.662014;-2.92664,-10.4818,-0.201367,3.86851
203;-0.153181,-0.0889517,-0.789753,-0.906939,-0.20413,0.675805,0.394911,0.459811,-0.698586,-0.0897741,-0.425257,0.306991,0.490713,0.912597,0.401849,0.435323,-0.586891,0.220248,0.0490215,-0.722032,0.114082,0.272402,0.722388,0.0270719,-0.665451;-4.25162,-10.1145,-0.127551,-1.60189
204;-0.501831,-0.0858351,0.430776,-0.761043,-0.243778,0.938742,-0.000470938,0.582375,0.187998,0.131014,-0.707048,0.567913,-0.426324,0.900706,0.656191,0.595528,-0.806906,-0.223021,0.173461,-0.635781,0.519223,0.710226,0.226564,-0.147506,-0.4335;-7.48478,-8.91797,-4.23045,-0.19696
205;0.422758,0.258222,0.311891,0.0950711,0.211111,0.994245,0.596471,0.38677,-0.653456,0.692757,-0.773397,0.853092,-0.0250774,0.947609,0.75007,0.775567,0.847666,-0.781959,0.954856,-0.950712,0.913821,-0.689885,0.57102,0.272657,-0.297123;1.52627,-9.68532,0.312323,3.77961
206;0.422758,-0.159099,-0.740801,0.541764,0.167624,0.878118,-0.647173,0.0088922,-0.845736,0.396625,0.150139,0.859698,-0.638519,0.987889,0.75007,0.616636,0.742164,-0.443609,0.974848,-0.909259,0.929993,-0.800064,0.62923,0.580268,0.801939;9.33105,-7.17273,-2.25294,-0.217478
207;0.499114,0.0990085,-0.700705,-0.442465,0.546999,0.548084,-0.709809,0.169087,-0.621886,0.65446,-0.356462,0.835995,-0.761528,0.884081,0.385394,0.729091,-0.398669,-0.47063,0.847807,-0.78627,0.794968,-0.273617,0.202801,0.488284,0.716932;8.28087,-7.84377,-4.27348,-1.6307
208;-0.451169,0.000975933,0.179777,-0.211742,0.525832,0.191108,-0.431574,0.561271,-0.485854,0.388566,0.560895,0.888806,-0.961684,0.582204,0.619875,0.633535,-0.67884,-0.701462,0.855822,-0.255084,0.562468,0.249966,-0.421225,0.100327,0.125875;-3.7233,-8.71829,-7.33776,1.64107
209;-0.0407694,0.0836848,0.490822,0.661884,0.600611,0.926545,0.392387,0.80145,0.42741,0.0839759,-0.166755,0.653797,-0.606825,0.883511,0.617806,0.654515,0.13039,-0.545336,0.925048,-0.677352,0.648922,-0.310033,-0.326311,0.257139,-0.368459;-1.09029,-10.0344,-3.27262,2.00159
210;0.422758,0.0566774,-0.116262,0.534913,0.523897,0.922737,-0.185498,0.198682,-0.348042,0.236449,-0.129684,0.849648,-0.325735,0.978095,0.75007,0.681921,0.811175,-0.47432,0.994198,-0.911324,0.905432,-0.699449,0.658353,0.507177,0.604524;7.82035,-10.043,-1.13417,1.14302
211;0.102391,0.194051,-0.578315,0.165143,0.734225,0.095945,-0.760414,0.0118675,-0.827265,0.726264,0.44015,0.910132,-0.915211,0.872897,0.388245,0.445317,0.0289424,-0.258627,0.81579,-0.451961,0.752259,0.0357704,-0.000851181,0.19797,0.694343;5.50017,-7.93316,-4.60508,-0.172915
212;-0.0613999,0.278079,-0.348805,-0.323623,0.734218,-0.170046,0.473725,0.714204,-0.53148,0.106095,0.15607,0.807978,-0.810669,0.500038,0.639416,0.807672,-0.633937,-0.474529,0.699137,-0.543315,0.558496,0.0741135,-0.206092,-0.274682,-0.103525;-3.72628,-10.4315,-2.90368,1.38943
213;-0.0613999,0.591664,0.711409,0.275912,0.631954,0.666777,0.43999,0.758006,-0.635043,-0.377736,0.285413,0.790713,-0.807396,0.920061,0.639416,0.404604,-0.466153,0.285915,0.827612,-0.575701,0.577575,-0.19575,-0.360459,-0.284354,-0.117647;-3.77001,-11.7659,-1.69458,-2.10587
214;-0.153181,0.0848265,0.449789,0.567524,-0.136246,0.189613,-0.0758769,0.481735,0.294221,-0.599521,0.602968,-0.0155342,0.326016,0.957584,0.401849,0.436859,0.567339,0.312579,0.875178,-0.529177,-0.247211,0.6875,0.872517,0.26866,0.167195;-1.15982,-13.4089,-0.992234,2.49866
215;-0.153181,0.149197,-0.884803,-0.308803,0.0786547,0.058053,0.409701,0.449096,-0.652547,0.152191,0.18255,0.0389837,0.554613,0.803676,0.401849,0.639434,0.368375,0.0651451,0.0289708,-0.515192,0.0529315,0.711775,0.753911,0.0337085,-0.662014;-2.92664,-10.4818,-0.201367,3.86851
216;-0.153181,-0.0889517,-0.789753,-0.906939,-0.20413,0.675805,0.394911,0.459811,-0.698586,-0.0897741,-0.425257,0.306991,0.490713,0.912597,0.401849,0.435323,-0.586891,0.220248,0.0490215,-0.722032,0.114082,0.272402,0.722388,0.0270719,-0.665451;-4.25162,-10.1145,-0.127551,-1.60189
217;-0.501831,-0.0858351,0.430776,-0.761043,-0.243778,0.938742,-0.000470938,0.582375,0.187998,0.131014,-0.707048,0.567913,-0.426324,0.900706,0.656191,0.595528,-0.806906,-0.223021,0.173461,-0.635781,0.519223,0.710226,0.226564,-0.147506,-0.4335;-7.48478,-8.91797,-4.23045,-0.19696
218;0.422758,0.258222,0.311891,0.0950711,0.211111,0.994245,0.596471,0.38677,-0.653456,0.692757,-0.773397,0.853092,-0.0250774,0.947609,0.75007,0.775567,0.847666,-0.781959,0.954856,-0.950712,0.913821,-0.689885,0.57102,0.272657,-0.297123;1.52627,-9.68532,0.312323,3.77961
219;0.422758,-0.159099,-0.740801,0.541764,0.167624,0.878118,-0.647173,0.0088922,-0.845736,0.396625,0.150139,0.859698,-0.638519,0.987889,0.75007,0.616636,0.742164,-0.443609,0.974848,-0.909259,0.929993,-0.800064,0.62923,0.580268,0.801939;9.33105,-7.17273,-2.25294,-0.217478
220;0.499114,0.0990085,-0.700705,-0.442465,0.546999,0.548084,-0.709809,0.169087,-0.621886,0.65446,-0.356462,0.835995,-0.761528,0.884081,0.385394,0.729091,-0.398669,-0.47063,0.847807,-0.78627,0.794968,-0.273617,0.202801,0.488284,0.716932;8.28087,-7.84377,-4.27348,-1.6307
221;-0.451169,0.000975933,0.179777,-0.211742,0.525832,0.191108,-0.431574,0.561271,-0.485854,0.388566,0.560895,0.888806,-0.961684,0.582204,0.619875,0.633535,-0.67884,-0.701462,0.855822,-0.255084,0.562468,0.249966,-0.421225,0.100327,0.125875;-3.7233,-8.71829,-7.33776,1.64107
222;-0.0407694,0.0836848,0.490822,0.661884,0.600611,0.926545,0.392387,0.80145,0.42741,0.0839759,-0.166755,0.653797,-0.606825,0.883511,0.617806,0.654515,0.13039,-0.545336,0.925048,-0.677352,0.648922,-0.310033,-0.326311,0.257139,-0.368459;-1.09029,-10.0344,-3.27262,2.00159
223;0.422758,0.0566774,-0.116262,0.534913,0.523897,0.922737,-0.185498,0.198682,-0.348042,0.236449,-0.129684,0.849648,-0.325735,0.978095,0.75007,0.681921,0.811175,-0.47432,0.994198,-0.911324,0.905432,-0.699449,0.658353,0.507177,0.604524;7.82035,-10.043,-1.13417,1.14302
224;0.102391,0.194051,-0.578315,0.165143,0.734225,0.095945,-0.760414,0.0118675,-0.827265,0.726264,0.44015,0.910132,-0.915211,0.872897,0.388245,0.445317,0.0289424,-0.258627,0.81579,-0.451961,0.752259,0.0357704,-0.000851181,0.19797,0.694343;5.50017,-7.93316,-4.60508,-0.172915
225;-0.0613999,0.278079,-0.348805,-0.323623,0.734218,-0.170046,0.473725,0.714204,-0.53148,0.106095,0.15607,0.807978,-0.810669,0.500038,0.639416,0.807672,-0.633937,-0.474529,0.699137,-0.543315,0.558496,0.0741135,-0.206092,-0.274682,-0.103525;-3.72628,-10.4315,-2.90368,1.38943
226;-0.0613999,0.591664,0.711409,0.275912,0.631954,0.666777,0.43999,0.758006,-0.635043,-0.377736,0.285413,0.790713,-0.807396,0.920061,0.639416,0.404604,-0.466153,0.285915,0.827612,-0.575701,0.577575,-0.19575,-0.360459,-0.284354,-0.117647;-3.77001,-11.7659,-1.69458,-2.10587
227;-0.153181,0.0848265,0.449789,0.567524,-0.136246,0.189613,-0.0758769,0.481735,0.294221,-0.599521,0.602968,-0.0155342,0.326016,0.957584,0.401849,0.436859,0.567339,0.312579,0.875178,-0.529177,-0.247211,0.6875,0.872517,0.26866,0.167195;-1.15982,-13.4089,-0.992234,2.49866
228;-0.153181,0.149197,-0.884803,-0.308803,0.0786547,0.058053,0.409701,0.449096,-0.652547,0.152191,0.18255,0.0389837,0.554613,0.803676,0.401849,0.639434,0.368375,0.0651451,0.0289708,-0.515192,0.0529315,0.711775,0.753911,0.0337085,-0.662014;-2.92664,-10.4818,-0.201367,3.86851
229;-0.153181,-0.0889517,-0.789753,-0.906939,-0.20413,0.675805,0.394911,0.459811,-0.698586,-0.0897741,-0.425257,0.306991,0.490713,0.912597,0.401849,0.435323,-0.586891,0.220248,0.0490215,-0.722032,0.114082,0.272402,0.722388,0.0270719,-0.665451;-4.25162,-10.1145,-0.127551,-1.60189
230;-0.501831,-0.0858351,0.430776,-0.761043,-0.243778,0.938742,-0.000470938,0.582375,0.187998,0.131014,-0.707048,0.567913,-0.426324,0.900706,0.656191,0.595528,-0.806906,-0.223021,0.173461,-0.635781,0.519223,0.710226,0.226564,-0.147506,-0.4335;-7.48478,-8.91797,-4.23045,-0.19696
231;0.422758,0.258222,0.311891,0.0950711,0.211111,0.994245,0.596471,0.38677,-0.653456,0.692757,-0.773397,0.853092,-0.0250774,0.947609,0.75007,0.775567,0.847666,-0.781959,0.954856,-0.950712,0.913821,-0.689885,0.57102,0.272657,-0.297123;1.52627,-9.68532,0.312323,3.77961
232;0.422758,-0.159099,-0.740801,0.541764,0.167624,0.878118,-0.647173,0.0088922,-0.845736,0.396625,0.150139,0.859698,-0.638519,0.987889,0.75007,0.616636,0.742164,-0.443609,0.974848,-0.909259,0.929993,-0.800064,0.62923,0.580268,0.801939;9.33105,-7.17273,-2.25294,-0.217478
233;0.499114,0.0990085,-0.700705,-0.442465,0.546999,0.548084,-0.709809,0.169087,-0.621886,0.65446,-0.356462,0.835995,-0.761528,0.884081,0.385394,0.729091,-0.398669,-0.47063,0.847807,-0.78627,0.794968,-0.273617,0.202801,0.488284,0.716932;8.28087,-7.84377,-4.27348,-1.6307
234;-0.451169,0.000975933,0.179777,-0.211742,0.525832,0.191108,-0.431574,0.561271,-0.485854,0.388566,0.560895,0.888806,-0.961684,0.582204,0.619875,0.633535,-0.67884,-0.701462,0.855822,-0.255084,0.562468,0.249966,-0.421225,0.100327,0.125875;-3.7233,-8.71829,-7.33776,1.64107
235;-0.0407694,0.0836848,0.490822,0.661884,0.600611,0.926545,0.392387,0.80145,0.42741,0.0839759,-0.166755,0.653797,-0.606825,0.883511,0.617806,0.654515,0.13039,-0.545336,0.925048,-0.677352,0.648922,-0.310033,-0.326311,0.257139,-0.368459;-1.09029,-10.0344,-3.27262,2.00159
236;0.422758,0.0566774,-0.116262,0.534913,0.523897,0.922737,-0.185498,0.198682,-0.348042,0.236449,-0.129684,0.849648,-0.325735,0.978095,0.75007,0.681921,0.811175,-0.47432,0.994198,-0.911324,0.905432,-0.699449,0.658353,0.507177,0.604524;7.82035,-10.043,-1.13417,1.14302
237;0.102391,0.194051,-0.578315,0.165143,0.734225,0.095945,-0.760414,0.0118675,-0.827265,0.726264,0.44015,0.910132,-0.915211,0.872897,0.388245,0.445317,0.0289424,-0.258627,0.81579,-0.451961,0.752259,0.0357704,-0.000851181,0.19797,0.694343;5.50017,-7.93316,-4.60508,-0.172915
238;-0.0613999,0.278079,-0.348805,-0.323623,0.734218,-0.170046,0.473725,0.714204,-0.53148,0.106095,0.15607,0.807978,-0.810669,0.500038,0.639416,0.807672,-0.633937,-0.474529,0.699137,-0.543315,0.558496,0.0741135,-0.206092,-0.274682,-0.103525;-3.72628,-10.4315,-2.90368,1.38943
239;-0.0613999,0.591664,0.711409,0.275912,0.631954,0.666777,0.43999,0.758006,-0.635043,-0.377736,0.285413,0.790713,-0.807396,0.920061,0.639416,0.404604,-0.466153,0.285915,0.827612,-0.575701,0.577575,-0.19575,-0.360459,-0.284354,-0.117647;-3.77001,-11.7659,-1.69458,-2.10587
240;-0.153181,0.0848265,0.449789,0.567524,-0.136246,0.189613,-0.0758769,0.481735,0.294221,-0.599521,0.602968,-0.0155342,0.326016,0.957584,0.401849,0.436859,0.567339,0.312579,0.875178,-0.529177,-0.247211,0.6875,0.872517,0.26866,0.167195;-1.15982,-13.4089,-0.992234,2.49866
241;-0.153181,0.149197,-0.884803,-0.308803,0.0786547,0.058053,0.409701,0.449096,-0.652547,0.152191,0.18255,0.0389837,0.554613,0.803676,0.401849,0.639434,0.368375,0.0651451,0.0289708,-0.515192,0.0529315,0.711775,0.753911,0.0337085,-0.662014;-2.92664,-10.4818,-0.201367,3.86851
242;-0.153181,-0.0889517,-0.789753,-0.906939,-0.20413,0.675805,0.394911,0.459811,-0.698586,-0.0897741,-0.425257,0.306991,0.490713,0.912597,0.401849,0.435323,-0.586891,0.220248,0.0490215,-0.722032,0.114082,0.272402,0.722388,0.0270719,-0.665451;-4.25162,-10.1145,-0.127551,-1.60189
243;-0.501831,-0.0858351,0.430776,-0.761043,-0.243778,0.938742,-0.000470938,0.582375,0.187998,0.131014,-0.707048,0.567913,-0.426324,0.900706,0.656191,0.595528,-0.806906,-0.223021,0.173461,-0.635781,0.519223,0.710226,0.226564,-0.147506,-0.4335;-7.48478,-8.91797,-4.23045,-0.19696
244;0.422758,0.258222,0.311891,0.0950711,0.211111,0.994245,0.596471,0.38677,-0.653456,0.692757,-0.773397,0.853092,-0.0250774,0.947609,0.75007,0.775567,0.847666,-0.781959,0.954856,-0.950712,0.913821,-0.689885,0.57102,0.272657,-0.297123;1.52627,-9.68532,0.312323,3.77961
245;0.422758,-0.159099,-0.740801,0.541764,0.167624,0.878118,-0.647173,0.0088922,-0.845736,0.396625,0.150139,0.859698,-0.638519,0.987889,0.75007,0.616636,0.742164,-0.443609,0.974848,-0.909259,0.929993,-0.800064,0.62923,0.580268,0.801939;9.33105,-7.17273,-2.25294,-0.217478
246;0.499114,0.0990085,-0.700705,-0.442465,0.546999,0.548084,-0.709809,0.169087,-0.621886,0.65446,-0.356462,0.835995,-0.761528,0.884081,0.385394,0.729091,-0.398669,-0.47063,0.847807,-0.78627,0.794968,-0.273617,0.202801,0.488284,0.716932;8.28087,-7.84377,-4.27348,-1.6307
247;-0.451169,0.000975933,0.179777,-0.211742,0.525832,0.191108,-0.431574,0.561271,-0.485854,0.388566,0.560895,0.888806,-0.961684,0.582204,0.619875,0.633535,-0.67884,-0.701462,0.855822,-0.255084,0.562468,0.249966,-0.421225,0.100327,0.125875;-3.7233,-8.71829,-7.33776,1.64107
248;-0.0407694,0.0836848,0.490822,0.661884,0.600611,0.926545,0.392387,0.80145,0.42741,0.0839759,-0.166755,0.653797,-0.606825,0.883511,0.617806,0.654515,0.13039,-0.545336,0.925048,-0.677352,0.648922,-0.310033,-0.326311,0.257139,-0.368459;-1.09029,-10.0344,-3.27262,2.00159
249;0.422758,0.0566774,-0.116262,0.534913,0.523897,0.922737,-0.185498,0.198682,-0.348042,0.236449,-0.129684,0.849648,-0.325735,0.978095,0.75007,0.681921,0.811175,-0.47432,0.994198,-0.911324,0.905432,-0.699449,0.658353,0.507177,0.604524;7.82035,-10.043,-1.13417,1.14302
250;0.102391,0.194051,-0.578315,0.165143,0.734225,0.095945,-0.760414,0.0118675,-0.827265,0.726264,0.44015,0.910132,-0.915211,0.872897,0.388245,0.445317,0.0289424,-0.258627,0.81579,-0.451961,0.752259,0.0357704,-0.000851181,0.19797,0.694343;5.50017,-7.93316,-4.60508,-0.172915
251;-0.0613999,0.278079,-0.348805,-0.323623,0.734218,-0.170046,0.473725,0.714204,-0.53148,0.106095,0.15607,0.807978,-0.810669,0.500038,0.639416,0.807672,-0.633937,-0.474529,0.699137,-0.543315,0.558496,0.0741135,-0.206092,-0.274682,-0.103525;-3.72628,-10.4315,-2.90368,1.38943
252;-0.0613999,0.591664,0.711409,0.275912,0.631954,0.666777,0.43999,0.758006,-0.635043,-0.377736,0.285413,0.790713,-0.807396,0.920061,0.639416,0.404604,-0.466153,0.285915,0.827612,-0.575701,0.577575,-0.19575,-0.360459,-0.284354,-0.117647;-3.77001,-11.7659,-1.69458,-2.10587
253;-0.153181,0.0848265,0.449789,0.567524,-0.136246,0.189613,-0.0758769,0.481735,0.294221,-0.599521,0.602968,-0.0155342,0.326016,0.957584,0.401849,0.436859,0.567339,0.312579,0.875178,-0.529177,-0.247211,0.6875,0.872517,0.26866,0.167195;-1.15982,-13.4089,-0.992234,2.49866
254;-0.153181,0.149197,-0.884803,-0.308803,0.0786547,0.058053,0.409701,0.449096,-0.652547,0.152191,0.18255,0.0389837,0.554613,0.803676,0.401849,0.639434,0.368375,0.0651451,0.0289708,-0.515192,0.0529315,0.711775,0.753911,0.0337085,-0.662014;-2.92664,-10.4818,-0.201367,3.86851
255;-0.153181,-0.0889517,-0.789753,-0.906939,-0.20413,0.675805,0.394911,0.459811,-0.698586,-0.0897741,-0.425257,0.306991,0.490713,0.912597,0.401849,0.435323,-0.586891,0.220248,0.0490215,-0.722032,0.114082,0.272402,0.722388,0.0270719,-0.665451;-4.25162,-10.1145,-0.127551,-1.60189
256;-0.501831,-0.0858351,0.430776,-0.761043,-0.243778,0.938742,-0.000470938,0.582375,0.187998,0.131014,-0.707048,0.567913,-0.426324,0.900706,0.656191,0.595528,-0.806906,-0.223021,0.173461,-0.635781,0.519223,0.710226,0.226564,-0.147506,-0.4335;-7.48478,-8.91797,-4.23045,-0.19696
257;0.422758,0.258222,0.311891,0.0950711,0.211111,0.994245,0.596471,0.38677,-0.653456,0.692757,-0.773397,0.853092,-0.0250774,0.947609,0.75007,0.775567,0.847666,-0.781959,0.954856,-0.950712,0.913821,-0.689885,0.57102,0.272657,-0.297123;1.52627,-9.68532,0.312323,3.77961
258;0.422758,-0.159099,-0.740801,0.541764,0.167624,0.878118,-0.647173,0.0088922,-0.845736,0.396625,0.150139,0.859698,-0.638519,0.987889,0.75007,0.616636,0.742164,-0.443609,0.974848,-0.909259,0.929993,-0.800064,0.62923,0.580268,0.801939;9.33105,-7.17273,-2.25294,-0.217478
259;0.499114,0.0990085,-0.700705,-0.442465,0.546999,0.548084,-0.709809,0.169087,-0.621886,0.65446,-0.356462,0.835995,-0.761528,0.884081,0.385394,0.729091,-0.398669,-0.47063,0.847807,-0.78627,0.794968,-0.273617,0.202801,0.488284,0.716932;8.28087,-7.84377,-4.27348,-1.6307
260;-0.451169,0.000975933,0.179777,-0.211742,0.525832,0.191108,-0.431574,0.561271,-0.485854,0.388566,0.560895,0.888806,-0.961684,0.582204,0.619875,0.633535,-0.67884,-0.701462,0.855822,-0.255084,0.562468,0.249966,-0.421225,0.100327,0.125875;-3.7233,-8.71829,-7.33776,1.64107
261;-0.0407694,0.0836848,0.490822,0.661884,0.600611,0.926545,0.392387,0.80145,0.42741,0.0839759,-0.166755,0.653797,-0.606825,0.883511,0.617806,0.654515,0.13039,-0.545336,0.925048,-0.677352,0.648922,-0.310033,-0.326311,0.257139,-0.368459;-1.09029,-10.0344,-3.27262,2.00159
262;0.422758,0.0566774,-0.116262,0.534913,0.523897,0.922737,-0.185498,0.198682,-0.348042,0.236449,-0.129684,0.849648,-0.325735,0.978095,0.75007,0.681921,0.811175,-0.47432,0.994198,-0.911324,0.905432,-0.699449,0.658353,0.507177,0.604524;7.82035,-10.043,-1.13417,1.14302
263;0.102391,0.194051,-0.578315,0.165143,0.734225,0.095945,-0.760414,0.0118675,-0.827265,0.726264,0.44015,0.910132,-0.915211,0.872897,0.388245,0.445317,0.0289424,-0.258627,0.81579,-0.451961,0.752259,0.0357704,-0.000851181,0.19797,0.694343;5.50017,-7.93316,-4.60508,-0.172915
264;-0.0613999,0.278079,-0.348805,-0.323623,0.734218,-0.170046,0.473725,0.714204,-0.53148,0.106095,0.15607,0.807978,-0.810669,0.500038,0.639416,0.807672,-0.633937,-0.474529,0.699137,-0.543315,0.558496,0.0741135,-0.206092,-0.274682,-0.103525;-3.72628,-10.4315,-2.90368,1.38943
265;-0.0613999,0.591664,0.711409,0.275912,0.631954,0.666777,0.43999,0.758006,-0.635043,-0.377736,0.285413,0.790713,-0.807396,0.920061,0.639416,0.404604,-0.466153,0.285915,0.827612,-0.575701,0.577575,-0.19575,-0.360459,-0.284354,-0.117647;-3.77001,-11.7659,-1.69458,-2.10587
266;-0.153181,0.0848265,0.449789,0.567524,-0.136246,0.189613,-0.0758769,0.481735,0.294221,-0.599521,0.602968,-0.0155342,0.326016,0.957584,0.401849,0.436859,0.567339,0.312579,0.875178,-0.529177,-0.247211,0.6875,0.872517,0.26866,0.167195;-1.15982,-13.4089,-0.992234,2.49866
267;-0.153181,0.149197,-0.884803,-0.308803,0.0786547,0.058053,0.409701,0.449096,-0.652547,0.152191,0.18255,0.0389837,0.554613,0.803676,0.401849,0.639434,0.368375,0.0651451,0.0289708,-0.515192,0.0529315,0.711775,0.753911,0.0337085,-0.662014;-2.92664,-10.4818,-0.201367,3.86851
268;-0.153181,-0.0889517,-0.789753,-0.906939,-0.20413,0.675805,0.394911,0.459811,-0.698586,-0.0897741,-0.425257,0.306991,0.490713,0.912597,0.401849,0.435323,-0.586891,0.220248,0.0490215,-0.722032,0.114082,0.272402,0.722388,0.0270719,-0.665451;-4.25162,-10.1145,-0.127551,-1.60189
269;-0.501831,-0.0858351,0.430776,-0.761043,-0.243778,0.938742,-0.000470938,0.582375,0.187998,0.131014,-0.707048,0.567913,-0.426324,0.900706,0.656191,0.595528,-0.806906,-0.223021,0.173461,-0.635781,0.519223,0.710226,0.226564,-0.147506,-0.4335;-7.48478,-8.91797,-4.23045,-0.19696
270;0.422758,0.258222,0.311891,0.0950711,0.211111,0.994245,0.596471,0.38677,-0.653456,0.692757,-0.773397,0.853092,-0.0250774,0.947609,0.75007,0.775567,0.847666,-0.781959,0.954856,-0.950712,0.913821,-0.689885,0.57102,0.272657,-0.297123;1.52627,-9.68532,0.312323,3.77961
271;0.422758,-0.159099,-0.740801,0.541764,0.167624,0.878118,-0.647173,0.0088922,-0.845736,0.396625,0.150139,0.859698,-0.638519,0.987889,0.75007,0.616636,0.742164,-0.443609,0.974848,-0.909259,0.929993,-0.800064,0.62923,0.580268,0.801939;9.33105,-7.17273,-2.25294,-0.217478
272;0.499114,0.0990085,-0.700705,-0.442465,0.546999,0.548084,-0.709809,0.169087,-0.621886,0.65446,-0.356462,0.835995,-0.761528,0.884081,0.385394,0.729091,-0.398669,-0.47063,0.847807,-0.78627,0.794968,-0.273617,0.202801,0.488284,0.716932;8.28087,-7.84377,-4.27348,-1.6307
273;-0.451169,0.000975933,0.179777,-0.211742,0.525832,0.191108,-0.431574,0.561271,-0.485854,0.388566,0.560895,0.888806,-0.961684,0.582204,0.619875,0.633535,-0.67884,-0.701462,0.855822,-0.255084,0.562468,0.249966,-0.421225,0.100327,0.125875;-3.7233,-8.71829,-7.33776,1.64107
274;-0.0407694,0.0836848,0.490822,0.661884,0.600611,0.926545,0.392387,0.80145,0.42741,0.0839759,-0.166755,0.653797,-0.606825,0.883511,0.617806,0.654515,0.13039,-0.545336,0.925048,-0.677352,0.648922,-0.310033,-0.326311,0.257139,-0.368459;-1.09029,-10.0344,-3.27262,2.00159
275;0.422758,0.0566774,-0.116262,0.534913,0.523897,0.922737,-0.185498,0.198682,-0.348042,0.236449,-0.129684,0.849648,-0.325735,0.978095,0.75007,0.681921,0.811175,-0.47432,0.994198,-0.911324,0.905432,-0.699449,0.658353,0.507177,0.604524;7.82035,-10.043,-1.13417,1.14302
276;0.102391,0.194051,-0.578315,0.165143,0.734225,0.095945,-0.760414,0.0118675,-0.827265,0.726264,0.44015,0.910132,-0.915211,0.872897,0.388245,0.445317,0.0289424,-0.258627,0.81579,-0.451961,0.752259,0.0357704,-0.000851181,0.19797,0.694343;5.50017,-7.93316,-4.60508,-0.172915
277;-0.0613999,0.278079,-0.348805,-0.323623,0.734218,-0.170046,0.473725,0.714204,-0.53148,0.106095,0.15607,0.807978,-0.810669,0.500038,0.639416,0.807672,-0.633937,-0.474529,0.699137,-0.543315,0.558496,0.0741135,-0.206092,-0.274682,-0.103525;-3.72628,-10.4315,-2.90368,1.38943
278;-0.0613999,0.591664,0.711409,0.275912,0.631954,0.666777,0.43999,0.758006,-0.635043,-0.377736,0.285413,0.790713,-0.807396,0.920061,0.639416,0.404604,-0.466153,0.285915,0.827612,-0.575701,0.577575,-0.19575,-0.360459,-0.284354,-0.117647;-3.77001,-11.7659,-1.69458,-2.10587
279;-0.153181,0.0848265,0.449789,0.567524,-0.136246,0.189613,-0.0758769,0.481735,0.294221,-0.599521,0.602968,-0.0155342,0.326016,0.957584,0.401849,0.436859,0.567339,0.312579,0.875178,-0.529177,-0.247211,0.6875,0.872517,0.26866,0.167195;-1.15982,-13.4089,-0.992234,2.49866
280;-0.153181,0.149197,-0.884803,-0.308803,0.0786547,0.058053,0.409701,0.449096,-0.652547,0.152191,0.18255,0.0389837,0.554613,0.803676,0.401849,0.639434,0.368375,0.0651451,0.0289708,-0.515192,0.0529315,0.711775,0.753911,0.0337085,-0.662014;-2.92664,-10.4818,-0.201367,3.86851
281;-0.153181,-0.0889517,-0.789753,-0.906939,-0.20413,0.675805,0.394911,0.459811,-0.698586,-0.0897741,-0.425257,0.306991,0.490713,0.912597,0.401849,0.435323,-0.586891,0.220248,0.0490215,-0.722032,0.114082,0.272402,0.722388,0.0270719,-0.665451;-4.25162,-10.1145,-0.127551,-1.60189
282;-0.501831,-0.0858351,0.430776,-0.761043,-0.243778,0.938742,-0.000470938,0.582375,0.187998,0.131014,-0.707048,0.567913,-0.426324,0.900706,0.656191,0.595528,-0.806906,-0.223021,0.173461,-0.635781,0.519223,0.710226,0.226564,-0.147506,-0.4335;-7.48478,-8.91797,-4.23045,-0.19696
283;0.422758,0.258222,0.311891,0.0950711,0.211111,0.994245,0.596471,0.38677,-0.653456,0.692757,-0.773397,0.853092,-0.0250774,0.947609,0.75007,0.775567,0.847666,-0.781959,0.954856,-0.950712,0.913821,-0.689885,0.57102,0.272657,-0.297123;1.52627,-9.68532,0.312323,3.77961
284;0.422758,-0.159099,-0.740801,0.541764,0.167624,0.878118,-0.647173,0.0088922,-0.845736,0.396625,0.150139,0.859698,-0.638519,0.987889,0.75007,0.616636,0.742164,-0.443609,0.974848,-0.909259,0.929993,-0.800064,0.62923,0.580268,0.801939;9.33105,-7.17273,-2.25294,-0.217478
285;0.499114,0.0990085,-0.700705,-0.442465,0.546999,0.548084,-0.709809,0.169087,-0.621886,0.65446,-0.356462,0.835995,-0.761528,0.884081,0.385394,0.729091,-0.398669,-0.47063,0.847807,-0.78627,0.794968,-0.273617,0.202801,0.488284,0.716932;8.28087,-7.84377,-4.27348,-1.6307
286;-0.451169,0.000975933,0.179777,-0.211742,0.525832,0.191108,-0.431574,0.561271,-0.485854,0.388566,0.560895,0.888806,-0.961684,0.582204,0.619875,0.633535,-0.67884,-0.701462,0.855822,-0.255084,0.562468,0.249966,-0.421225,0.100327,0.125875;-3.7233,-8.71829,-7.33776,1.64107
287;-0.0407694,0.0836848,0.490822,0.661884,0.600611,0.926545,0.392387,0.80145,0.42741,0.0839759,-0.166755,0.653797,-0.606825,0.883511,0.617806,0.654515,0.13039,-0.545336,0.925048,-0.677352,0.648922,-0.310033,-0.326311,0.257139,-0.368459;-1.09029,-10.0344,-3.27262,2.00159
288;0.422758,0.0566774,-0.116262,0.534913,0.523897,0.922737,-0.185498,0.198682,-0.348042,0.236449,-0.129684,0.849648,-0.325735,0.978095,0.75007,0.681921,0.811175,-0.47432,0.994198,-0.911324,0.905432,-0.699449,0.658353,0.507177,0.604524;7.82035,-10.043,-1.13417,1.14302
289;0.102391,0.194051,-0.578315,0.165143,0.734225,0.095945,-0.760414,0.0118675,-0.827265,0.726264,0.44015,0.910132,-0.915211,0.872897,0.388245,0.445317,0.0289424,-0.258627,0.81579,-0.451961,0.752259,0.0357704,-0.000851181,0.19797,0.694343;5.50017,-7.93316,-4.60508,-0.172915
290;-0.0613999,0.278079,-0.348805,-0.323623,0.734218,-0.170046,0.473725,0.714204,-0.53148,0.106095,0.15607,0.807978,-0.810669,0.500038,0.639416,0.807672,-0.633937,-0.474529,0.699137,-0.543315,0.558496,0.0741135,-0.206092,-0.274682,-0.103525;-3.72628,-10.4315,-2.90368,1.38943
291;-0.0613999,0.591664,0.711409,0.275912,0.631954,0.666777,0.43999,0.758006,-0.635043,-0.377736,0.285413,0.790713,-0.807396,0.920061,0.639416,0.404604,-0.466153,0.285915,0.827612,-0.575701,0.577575,-0.19575,-0.360459,-0.284354,-0.117647;-3.77001,-11.7659,-1.69458,-2.10587
292;-0.153181,0.0848265,0.449789,0.567524,-0.136246,0.189613,-0.0758769,0.481735,0.294221,-0.599521,0.602968,-0.0155342,0.326016,0.957584,0.401849,0.436859,0.567339,0.312579,0.875178,-0.529177,-0.247211,0.6875,0.872517,0.26866,0.167195;-1.15982,-13.4089,-0.992234,2.49866
293;-0.153181,0.149197,-0.884803,-0.308803,0.0786547,0.058053,0.409701,0.449096,-0.652547,0.152191,0.18255,0.0389837,0.554613,0.803676,0.401849,0.639434,0.368375,0.0651451,0.0289708,-0.515192,0.0529315,0.711775,0.753911,0.0337085,-0.662014;-2.92664,-10.4818,-0.201367,3.86851
294;-0.153181,-0.0889517,-0.789753,-0.906939,-0.20413,0.675805,0.394911,0.459811,-0.698586,-0.0897741,-0.425257,0.306991,0.490713,0.912597,0.401849,0.435323,-0.586891,0.220248,0.0490215,-0.722032,0.114082,0.272402,0.722388,0.0270719,-0.665451;-4.25162,-10.1145,-0.127551,-1.60189
295;-0.501831,-0.0858351,0.430776,-0.761043,-0.243778,0.938742,-0.000470938,0.582375,0.187998,0.131014,-0.707048,0.567913,-0.426324,0.900706,0.656191,0.595528,-0.806906,-0.223021,0.173461,-0.635781,0.519223,0.710226,0.226564,-0.147506,-0.4335;-7.48478,-8.91797,-4.23045,-0.19696
296;0.422758,0.258222,0.311891,0.0950711,0.211111,0.994245,0.596471,0.38677,-0.653456,0.692757,-0.773397,0.853092,-0.0250774,0.947609,0.75007,0.775567,0.847666,-0.781959,0.954856,-0.950712,0.913821,-0.689885,0.57102,0.272657,-0.297123;1.52627,-9.68532,0.312323,3.77961
297;0.422758,-0.159099,-0.740801,0.541764,0.167624,0.878118,-0.647173,0.0088922,-0.845736,0.396625,0.150139,0.859698,-0.638519,0.987889,0.75007,0.616636,0.742164,-0.443609,0.974848,-0.909259,0.929993,-0.800064,0.62923,0.580268,0.801939;9.33105,-7.17273,-2.25294,-0.217478
298;0.499114,0.0990085,-0.700705,-0.442465,0.546999,0.548084,-0.709809,0.169087,-0.621886,0.65446,-0.356462,0.835995,-0.761528,0.884081,0.385394,0.729091,-0.398669,-0.47063,0.847807,-0.78627,0.794968,-0.273617,0.202801,0.488284,0.716932;8.28087,-7.84377,-4.27348,-1.6307
299;-0.451169,0.000975933,0.179777,-0.211742,0.525832,0.191108,-0.431574,0.561271,-0.485854,0.388566,0.560895,0.888806,-0.961684,0.582204,0.619875,0.633535,-0.67884,-0.701462,0.855822,-0.255084,0.562468,0.249966,-0.421225,0.100327,0.125875;-3.7233,-8.71829,-7.33776,1.64107
