-0.206
-0.086
-0.009
-0.003
0.025
-0.003
0.022
0.012
0.025
0.038
0.051
0.017
0.028
0.041
0.038
0.042
0.060
0.023
0.059
0.044
0.037
0.050
0.052
0.080
0.085
0.064
0.085
0.084
0.100
0.060
0.045
0.071
0.053
0.040
0.081
0.033
0.071
0.101
0.108
0.102
0.083
0.123
0.116
0.139
0.135
0.141
0.158
0.138
0.080
0.127
0.116
0.114
0.143
0.126
0.148
0.156
0.119
0.127
0.143
0.121
0.148
0.133
0.130
0.128
0.142
0.124
0.157
0.150
0.152
0.148
0.147
0.149
0.143
0.146
0.139
0.156
0.153
0.132
0.116
0.132
0.150
0.129
0.122
0.143
0.156
0.166
0.150
0.144
0.152
0.152
0.178
0.155
0.117
0.120
0.145
0.167
0.158
0.162
0.171
0.159
0.141
0.099
0.142
0.136
0.142
0.154
0.134
0.141
0.135
0.134
0.120
0.114
0.122
0.147
0.169
0.143
0.127
0.124
0.164
0.160
0.153
0.163
0.136
0.155
0.144
0.149
0.135
0.141
0.139
0.147
0.169
0.169
0.174
0.168
0.179
0.168
0.117
0.149
0.159
0.166
0.150
0.161
0.134
0.161
0.147
0.163
0.151
0.149
0.186
0.118
0.158
0.134
0.132
0.149
0.169
0.141
0.130
0.167
0.164
0.139
0.156
0.156
0.154
0.151
0.173
0.173
0.149
0.154
0.145
0.142
0.160
0.137
0.144
0.149
0.146
0.167
0.151
0.153
0.166
0.141
0.136
0.167
0.157
0.144
0.166
0.128
0.168
0.130
0.130
0.144
0.178
0.164
0.184
0.175
0.193
0.160
0.176
0.165
0.152
0.143
0.175
0.156
0.133
0.143
0.159
0.158
0.165
0.149
0.161
0.153
0.158
0.177
0.173
0.146
0.174
0.163
0.144
0.169
0.132
0.151
0.165
0.149
0.169
0.158
0.176
0.173
0.170
0.180
0.141
0.148
0.144
0.159
0.194
0.178
0.176
0.173
0.156
0.145
0.137
0.182
0.172
0.176
0.161
0.156
0.177
0.163
0.172
0.180
0.164
0.171
0.199
0.169
0.174
0.177
0.176
0.146
0.158
0.157
0.152
0.150
0.150
0.164
0.163
0.165
0.160
0.166
0.174
0.179
0.167
0.178
0.151
0.171
0.168
0.156
0.146
0.162
0.157
0.124
0.129
0.155
0.180
0.167
0.200
0.182
0.172
0.175
0.181
0.167
0.159
0.166
0.166
0.154
0.190
0.195
0.196
0.177
0.156
0.190
0.185
0.217
0.201
0.189
0.177
0.189
0.195
0.181
0.172
0.165
0.170
0.183
0.186
0.148
0.142
0.195
0.173
0.172
0.210
0.226
0.182
0.185
0.152
0.152
0.159
0.152
0.171
0.178
0.164
0.136
0.150
0.148
0.172
0.167
0.179
0.191
0.175
0.176
0.193
0.210
0.217
0.180
0.204
0.214
0.195
0.196
0.211
0.186
0.188
0.186
0.208
0.226
0.207
0.174
0.198
0.179
0.193
0.159
0.177
0.194
0.186
0.185
0.187
0.208
0.193
0.171
0.194
0.165
0.165
0.192
0.190
0.180
0.206
0.200
0.222
0.200
0.226
0.230
0.223
0.237
0.188
0.210
0.244
0.232
0.196
0.227
0.203
0.217
0.176
0.185
0.202
0.208
0.166
0.186
0.192
0.203
0.177
0.192
0.206
0.203
0.186
0.213
0.170
0.178
0.189
0.207
0.194
0.233
0.199
0.206
0.184
0.195
0.208
0.186
0.193
0.210
0.210
0.191
0.182
0.205
0.203
0.208
0.226
0.223
0.209
0.209
0.219
0.228
0.214
0.211
0.210
0.224
0.222
0.199
0.211
0.229
0.208
0.229
0.202
0.217
0.207
0.214
0.231
0.226
0.197
0.179
0.207
0.218
0.216
0.222
0.196
0.205
0.205
0.185
0.198
0.196
0.219
0.221
0.204
0.198
0.188
0.173
0.179
0.199
0.197
0.197
0.199
0.201
0.203
0.203
0.209
0.212
0.197
0.198
0.221
0.210
0.202
0.213
0.222
0.234
0.220
0.199
0.215
0.226
0.210
0.193
0.192
0.198
0.205
0.224
0.203
0.219
0.189
0.184
0.189
0.182
0.197
0.217
0.217
0.231
0.202
0.217
