Passo;Reservat rio (Ativa  es);Sa da (Ativa  es)
0;-0.528388,0.424395,-0.147988,0.536083,-0.342733;0.00913514,0.782671,-0.789976,1.0192
1;-0.641441,0.424395,-0.147988,0.5659,-0.353659;-0.00810451,0.75748,-0.764579,0.961628
2;-0.64467,0.424395,-0.147988,0.5659,-0.353659;-0.0088275,0.755886,-0.763946,0.959509
3;-0.64467,0.424395,-0.147988,0.5659,-0.353659;-0.0088275,0.755886,-0.763946,0.959509
4;-0.64467,0.424395,-0.147988,0.5659,-0.353659;-0.0088275,0.755886,-0.763946,0.959509
5;-0.64467,0.424395,-0.147988,0.5659,-0.353659;-0.0088275,0.755886,-0.763946,0.959509
6;-0.521947,0.560867,-0.0295507,0.490214,-0.449126;-0.0639978,0.730047,-0.716895,0.906878
7;-0.556066,0.560867,-0.0295507,0.463741,-0.452312;-0.0868949,0.688754,-0.707857,0.865405
8;-0.966484,0.768247,0.378835,0.0125363,-0.791913;-0.487551,0.0629462,-0.248179,-0.000251419
9;-0.725593,0.483329,-0.153408,0.70296,-0.650582;-0.16476,0.897363,-0.665367,0.903662
10;-0.863003,0.604667,-0.335827,0.677504,-0.801368;-0.424631,0.824041,-0.775938,0.827562
11;-0.88117,0.604667,-0.335827,0.705053,-0.802637;-0.415699,0.84149,-0.772963,0.833957
12;-0.804723,0.333057,-0.267484,0.829048,-0.576717;-0.0820129,0.999648,-0.70445,1.00985
13;-0.760764,0.333057,-0.267484,0.822761,-0.571381;-0.0719692,1.01425,-0.714976,1.03621
14;-0.66861,0.483329,-0.153408,0.785731,-0.643167;-0.105896,1.00248,-0.682847,0.999861
15;-0.86767,0.723834,0.251528,0.701377,-0.228612;0.186574,0.662953,-0.601568,0.776724
16;-0.729454,0.799313,0.359722,0.570111,-0.339703;0.110494,0.608254,-0.528777,0.69476
17;-0.59893,0.483329,-0.153408,0.705747,-0.651107;-0.135335,0.962642,-0.690119,0.988524
18;-0.86307,0.604667,-0.335827,0.677504,-0.801368;-0.424646,0.824008,-0.775925,0.827518
19;-0.88117,0.604667,-0.335827,0.705053,-0.802637;-0.415699,0.84149,-0.772963,0.833957
20;-0.804723,0.333057,-0.267484,0.829048,-0.576717;-0.0820129,0.999648,-0.70445,1.00985
21;-0.760764,0.333057,-0.267484,0.822761,-0.571381;-0.0719692,1.01425,-0.714976,1.03621
22;-0.759629,0.333057,-0.267484,0.822761,-0.571381;-0.0717151,1.01481,-0.715199,1.03696
23;-0.759629,0.333057,-0.267484,0.822761,-0.571381;-0.0717151,1.01481,-0.715199,1.03696
24;-0.759629,0.333057,-0.267484,0.822761,-0.571381;-0.0717151,1.01481,-0.715199,1.03696
25;-0.759629,0.333057,-0.267484,0.822761,-0.571381;-0.0717151,1.01481,-0.715199,1.03696
26;-0.759629,0.333057,-0.267484,0.822761,-0.571381;-0.0717151,1.01481,-0.715199,1.03696
27;-0.759629,0.333057,-0.267484,0.822761,-0.571381;-0.0717151,1.01481,-0.715199,1.03696
28;-0.759629,0.333057,-0.267484,0.822761,-0.571381;-0.0717151,1.01481,-0.715199,1.03696
29;-0.759629,0.333057,-0.267484,0.822761,-0.571381;-0.0717151,1.01481,-0.715199,1.03696
30;-0.759629,0.333057,-0.267484,0.822761,-0.571381;-0.0717151,1.01481,-0.715199,1.03696
31;-0.759629,0.333057,-0.267484,0.822761,-0.571381;-0.0717151,1.01481,-0.715199,1.03696
32;-0.759629,0.333057,-0.267484,0.822761,-0.571381;-0.0717151,1.01481,-0.715199,1.03696
33;-0.66861,0.483329,-0.153408,0.785731,-0.643167;-0.105896,1.00248,-0.682847,0.999861
34;-0.86767,0.723834,0.251528,0.701377,-0.228612;0.186574,0.662953,-0.601568,0.776724
35;-0.805707,0.723834,0.251528,0.636825,-0.235279;0.163934,0.633686,-0.608456,0.771247
36;-0.731022,0.799313,0.359722,0.570111,-0.339703;0.110143,0.60748,-0.528469,0.693731
37;-0.59893,0.483329,-0.153408,0.705747,-0.651107;-0.135335,0.962642,-0.690119,0.988524
38;-0.86307,0.604667,-0.335827,0.677504,-0.801368;-0.424646,0.824008,-0.775925,0.827518
39;-0.88117,0.604667,-0.335827,0.705053,-0.802637;-0.415699,0.84149,-0.772963,0.833957
40;-0.804723,0.333057,-0.267484,0.829048,-0.576717;-0.0820129,0.999648,-0.70445,1.00985
41;-0.760764,0.333057,-0.267484,0.822761,-0.571381;-0.0719692,1.01425,-0.714976,1.03621
42;-0.759629,0.333057,-0.267484,0.822761,-0.571381;-0.0717151,1.01481,-0.715199,1.03696
43;-0.759629,0.333057,-0.267484,0.822761,-0.571381;-0.0717151,1.01481,-0.715199,1.03696
44;-0.66861,0.483329,-0.153408,0.785731,-0.643167;-0.105896,1.00248,-0.682847,0.999861
45;-0.86767,0.723834,0.251528,0.701377,-0.228612;0.186574,0.662953,-0.601568,0.776724
46;-0.805707,0.723834,0.251528,0.636825,-0.235279;0.163934,0.633686,-0.608456,0.771247
47;-0.731022,0.799313,0.359722,0.570111,-0.339703;0.110143,0.60748,-0.528469,0.693731
48;-0.59893,0.483329,-0.153408,0.705747,-0.651107;-0.135335,0.962642,-0.690119,0.988524
49;-0.86307,0.604667,-0.335827,0.677504,-0.801368;-0.424646,0.824008,-0.775925,0.827518
50;-0.88117,0.604667,-0.335827,0.705053,-0.802637;-0.415699,0.84149,-0.772963,0.833957
51;-0.804723,0.333057,-0.267484,0.829048,-0.576717;-0.0820129,0.999648,-0.70445,1.00985
52;-0.760764,0.333057,-0.267484,0.822761,-0.571381;-0.0719692,1.01425,-0.714976,1.03621
53;-0.759629,0.333057,-0.267484,0.822761,-0.571381;-0.0717151,1.01481,-0.715199,1.03696
54;-0.759629,0.333057,-0.267484,0.822761,-0.571381;-0.0717151,1.01481,-0.715199,1.03696
55;-0.759629,0.333057,-0.267484,0.822761,-0.571381;-0.0717151,1.01481,-0.715199,1.03696
56;-0.759629,0.333057,-0.267484,0.822761,-0.571381;-0.0717151,1.01481,-0.715199,1.03696
57;-0.759629,0.333057,-0.267484,0.822761,-0.571381;-0.0717151,1.01481,-0.715199,1.03696
58;-0.759629,0.333057,-0.267484,0.822761,-0.571381;-0.0717151,1.01481,-0.715199,1.03696
59;-0.759629,0.333057,-0.267484,0.822761,-0.571381;-0.0717151,1.01481,-0.715199,1.03696
60;-0.759629,0.333057,-0.267484,0.822761,-0.571381;-0.0717151,1.01481,-0.715199,1.03696
61;-0.759629,0.333057,-0.267484,0.822761,-0.571381;-0.0717151,1.01481,-0.715199,1.03696
62;-0.759629,0.333057,-0.267484,0.822761,-0.571381;-0.0717151,1.01481,-0.715199,1.03696
63;-0.759629,0.333057,-0.267484,0.822761,-0.571381;-0.0717151,1.01481,-0.715199,1.03696
64;-0.66861,0.483329,-0.153408,0.785731,-0.643167;-0.105896,1.00248,-0.682847,0.999861
65;-0.86767,0.723834,0.251528,0.701377,-0.228612;0.186574,0.662953,-0.601568,0.776724
66;-0.729454,0.799313,0.359722,0.570111,-0.339703;0.110494,0.608254,-0.528777,0.69476
67;-0.59893,0.483329,-0.153408,0.705747,-0.651107;-0.135335,0.962642,-0.690119,0.988524
68;-0.86307,0.604667,-0.335827,0.677504,-0.801368;-0.424646,0.824008,-0.775925,0.827518
69;-0.88117,0.604667,-0.335827,0.705053,-0.802637;-0.415699,0.84149,-0.772963,0.833957
70;-0.804723,0.333057,-0.267484,0.829048,-0.576717;-0.0820129,0.999648,-0.70445,1.00985
71;-0.760764,0.333057,-0.267484,0.822761,-0.571381;-0.0719692,1.01425,-0.714976,1.03621
72;-0.759629,0.333057,-0.267484,0.822761,-0.571381;-0.0717151,1.01481,-0.715199,1.03696
73;-0.759629,0.333057,-0.267484,0.822761,-0.571381;-0.0717151,1.01481,-0.715199,1.03696
74;-0.759629,0.333057,-0.267484,0.822761,-0.571381;-0.0717151,1.01481,-0.715199,1.03696
75;-0.66861,0.483329,-0.153408,0.785731,-0.643167;-0.105896,1.00248,-0.682847,0.999861
76;-0.86767,0.723834,0.251528,0.701377,-0.228612;0.186574,0.662953,-0.601568,0.776724
77;-0.805707,0.723834,0.251528,0.636825,-0.235279;0.163934,0.633686,-0.608456,0.771247
78;-0.731022,0.799313,0.359722,0.570111,-0.339703;0.110143,0.60748,-0.528469,0.693731
79;-0.59893,0.483329,-0.153408,0.705747,-0.651107;-0.135335,0.962642,-0.690119,0.988524
80;-0.86307,0.604667,-0.335827,0.677504,-0.801368;-0.424646,0.824008,-0.775925,0.827518
81;-0.88117,0.604667,-0.335827,0.705053,-0.802637;-0.415699,0.84149,-0.772963,0.833957
82;-0.804723,0.333057,-0.267484,0.829048,-0.576717;-0.0820129,0.999648,-0.70445,1.00985
83;-0.760764,0.333057,-0.267484,0.822761,-0.571381;-0.0719692,1.01425,-0.714976,1.03621
84;-0.759629,0.333057,-0.267484,0.822761,-0.571381;-0.0717151,1.01481,-0.715199,1.03696
85;-0.759629,0.333057,-0.267484,0.822761,-0.571381;-0.0717151,1.01481,-0.715199,1.03696
86;-0.759629,0.333057,-0.267484,0.822761,-0.571381;-0.0717151,1.01481,-0.715199,1.03696
87;-0.759629,0.333057,-0.267484,0.822761,-0.571381;-0.0717151,1.01481,-0.715199,1.03696
88;-0.759629,0.333057,-0.267484,0.822761,-0.571381;-0.0717151,1.01481,-0.715199,1.03696
89;-0.759629,0.333057,-0.267484,0.822761,-0.571381;-0.0717151,1.01481,-0.715199,1.03696
90;-0.759629,0.333057,-0.267484,0.822761,-0.571381;-0.0717151,1.01481,-0.715199,1.03696
91;-0.759629,0.333057,-0.267484,0.822761,-0.571381;-0.0717151,1.01481,-0.715199,1.03696
92;-0.759629,0.333057,-0.267484,0.822761,-0.571381;-0.0717151,1.01481,-0.715199,1.03696
93;-0.759629,0.333057,-0.267484,0.822761,-0.571381;-0.0717151,1.01481,-0.715199,1.03696
94;-0.66861,0.483329,-0.153408,0.785731,-0.643167;-0.105896,1.00248,-0.682847,0.999861
95;-0.86767,0.723834,0.251528,0.701377,-0.228612;0.186574,0.662953,-0.601568,0.776724
96;-0.805707,0.723834,0.251528,0.636825,-0.235279;0.163934,0.633686,-0.608456,0.771247
97;-0.731022,0.799313,0.359722,0.570111,-0.339703;0.110143,0.60748,-0.528469,0.693731
98;-0.59893,0.483329,-0.153408,0.705747,-0.651107;-0.135335,0.962642,-0.690119,0.988524
99;-0.86307,0.604667,-0.335827,0.677504,-0.801368;-0.424646,0.824008,-0.775925,0.827518
100;-0.88117,0.604667,-0.335827,0.705053,-0.802637;-0.415699,0.84149,-0.772963,0.833957
101;-0.804723,0.333057,-0.267484,0.829048,-0.576717;-0.0820129,0.999648,-0.70445,1.00985
102;-0.760764,0.333057,-0.267484,0.822761,-0.571381;-0.0719692,1.01425,-0.714976,1.03621
103;-0.759629,0.333057,-0.267484,0.822761,-0.571381;-0.0717151,1.01481,-0.715199,1.03696
104;-0.759629,0.333057,-0.267484,0.822761,-0.571381;-0.0717151,1.01481,-0.715199,1.03696
105;-0.759629,0.333057,-0.267484,0.822761,-0.571381;-0.0717151,1.01481,-0.715199,1.03696
106;-0.66861,0.483329,-0.153408,0.785731,-0.643167;-0.105896,1.00248,-0.682847,0.999861
107;-0.86767,0.723834,0.251528,0.701377,-0.228612;0.186574,0.662953,-0.601568,0.776724
108;-0.729454,0.799313,0.359722,0.570111,-0.339703;0.110494,0.608254,-0.528777,0.69476
109;-0.59893,0.483329,-0.153408,0.705747,-0.651107;-0.135335,0.962642,-0.690119,0.988524
110;-0.86307,0.604667,-0.335827,0.677504,-0.801368;-0.424646,0.824008,-0.775925,0.827518
111;-0.88117,0.604667,-0.335827,0.705053,-0.802637;-0.415699,0.84149,-0.772963,0.833957
112;-0.804723,0.333057,-0.267484,0.829048,-0.576717;-0.0820129,0.999648,-0.70445,1.00985
113;-0.760764,0.333057,-0.267484,0.822761,-0.571381;-0.0719692,1.01425,-0.714976,1.03621
114;-0.759629,0.333057,-0.267484,0.822761,-0.571381;-0.0717151,1.01481,-0.715199,1.03696
115;-0.759629,0.333057,-0.267484,0.822761,-0.571381;-0.0717151,1.01481,-0.715199,1.03696
116;-0.759629,0.333057,-0.267484,0.822761,-0.571381;-0.0717151,1.01481,-0.715199,1.03696
117;-0.759629,0.333057,-0.267484,0.822761,-0.571381;-0.0717151,1.01481,-0.715199,1.03696
118;-0.759629,0.333057,-0.267484,0.822761,-0.571381;-0.0717151,1.01481,-0.715199,1.03696
119;-0.759629,0.333057,-0.267484,0.822761,-0.571381;-0.0717151,1.01481,-0.715199,1.03696
120;-0.759629,0.333057,-0.267484,0.822761,-0.571381;-0.0717151,1.01481,-0.715199,1.03696
121;-0.759629,0.333057,-0.267484,0.822761,-0.571381;-0.0717151,1.01481,-0.715199,1.03696
122;-0.759629,0.333057,-0.267484,0.822761,-0.571381;-0.0717151,1.01481,-0.715199,1.03696
123;-0.759629,0.333057,-0.267484,0.822761,-0.571381;-0.0717151,1.01481,-0.715199,1.03696
124;-0.759629,0.333057,-0.267484,0.822761,-0.571381;-0.0717151,1.01481,-0.715199,1.03696
125;-0.66861,0.483329,-0.153408,0.785731,-0.643167;-0.105896,1.00248,-0.682847,0.999861
126;-0.86767,0.723834,0.251528,0.701377,-0.228612;0.186574,0.662953,-0.601568,0.776724
127;-0.805707,0.723834,0.251528,0.636825,-0.235279;0.163934,0.633686,-0.608456,0.771247
128;-0.731022,0.799313,0.359722,0.570111,-0.339703;0.110143,0.60748,-0.528469,0.693731
129;-0.59893,0.483329,-0.153408,0.705747,-0.651107;-0.135335,0.962642,-0.690119,0.988524
130;-0.86307,0.604667,-0.335827,0.677504,-0.801368;-0.424646,0.824008,-0.775925,0.827518
131;-0.88117,0.604667,-0.335827,0.705053,-0.802637;-0.415699,0.84149,-0.772963,0.833957
132;-0.804723,0.333057,-0.267484,0.829048,-0.576717;-0.0820129,0.999648,-0.70445,1.00985
133;-0.760764,0.333057,-0.267484,0.822761,-0.571381;-0.0719692,1.01425,-0.714976,1.03621
134;-0.759629,0.333057,-0.267484,0.822761,-0.571381;-0.0717151,1.01481,-0.715199,1.03696
135;-0.759629,0.333057,-0.267484,0.822761,-0.571381;-0.0717151,1.01481,-0.715199,1.03696
136;-0.759629,0.333057,-0.267484,0.822761,-0.571381;-0.0717151,1.01481,-0.715199,1.03696
137;-0.66861,0.483329,-0.153408,0.785731,-0.643167;-0.105896,1.00248,-0.682847,0.999861
138;-0.86767,0.723834,0.251528,0.701377,-0.228612;0.186574,0.662953,-0.601568,0.776724
139;-0.729454,0.799313,0.359722,0.570111,-0.339703;0.110494,0.608254,-0.528777,0.69476
140;-0.59893,0.483329,-0.153408,0.705747,-0.651107;-0.135335,0.962642,-0.690119,0.988524
141;-0.86307,0.604667,-0.335827,0.677504,-0.801368;-0.424646,0.824008,-0.775925,0.827518
142;-0.88117,0.604667,-0.335827,0.705053,-0.802637;-0.415699,0.84149,-0.772963,0.833957
143;-0.804723,0.333057,-0.267484,0.829048,-0.576717;-0.0820129,0.999648,-0.70445,1.00985
144;-0.760764,0.333057,-0.267484,0.822761,-0.571381;-0.0719692,1.01425,-0.714976,1.03621
145;-0.759629,0.333057,-0.267484,0.822761,-0.571381;-0.0717151,1.01481,-0.715199,1.03696
146;-0.759629,0.333057,-0.267484,0.822761,-0.571381;-0.0717151,1.01481,-0.715199,1.03696
147;-0.759629,0.333057,-0.267484,0.822761,-0.571381;-0.0717151,1.01481,-0.715199,1.03696
148;-0.759629,0.333057,-0.267484,0.822761,-0.571381;-0.0717151,1.01481,-0.715199,1.03696
149;-0.759629,0.333057,-0.267484,0.822761,-0.571381;-0.0717151,1.01481,-0.715199,1.03696
150;-0.759629,0.333057,-0.267484,0.822761,-0.571381;-0.0717151,1.01481,-0.715199,1.03696
151;-0.759629,0.333057,-0.267484,0.822761,-0.571381;-0.0717151,1.01481,-0.715199,1.03696
152;-0.759629,0.333057,-0.267484,0.822761,-0.571381;-0.0717151,1.01481,-0.715199,1.03696
153;-0.759629,0.333057,-0.267484,0.822761,-0.571381;-0.0717151,1.01481,-0.715199,1.03696
154;-0.759629,0.333057,-0.267484,0.822761,-0.571381;-0.0717151,1.01481,-0.715199,1.03696
155;-0.759629,0.333057,-0.267484,0.822761,-0.571381;-0.0717151,1.01481,-0.715199,1.03696
156;-0.66861,0.483329,-0.153408,0.785731,-0.643167;-0.105896,1.00248,-0.682847,0.999861
157;-0.86767,0.723834,0.251528,0.701377,-0.228612;0.186574,0.662953,-0.601568,0.776724
158;-0.805707,0.723834,0.251528,0.636825,-0.235279;0.163934,0.633686,-0.608456,0.771247
159;-0.731022,0.799313,0.359722,0.570111,-0.339703;0.110143,0.60748,-0.528469,0.693731
160;-0.59893,0.483329,-0.153408,0.705747,-0.651107;-0.135335,0.962642,-0.690119,0.988524
161;-0.86307,0.604667,-0.335827,0.677504,-0.801368;-0.424646,0.824008,-0.775925,0.827518
162;-0.88117,0.604667,-0.335827,0.705053,-0.802637;-0.415699,0.84149,-0.772963,0.833957
163;-0.804723,0.333057,-0.267484,0.829048,-0.576717;-0.0820129,0.999648,-0.70445,1.00985
164;-0.760764,0.333057,-0.267484,0.822761,-0.571381;-0.0719692,1.01425,-0.714976,1.03621
165;-0.759629,0.333057,-0.267484,0.822761,-0.571381;-0.0717151,1.01481,-0.715199,1.03696
166;-0.759629,0.333057,-0.267484,0.822761,-0.571381;-0.0717151,1.01481,-0.715199,1.03696
167;-0.759629,0.333057,-0.267484,0.822761,-0.571381;-0.0717151,1.01481,-0.715199,1.03696
168;-0.66861,0.483329,-0.153408,0.785731,-0.643167;-0.105896,1.00248,-0.682847,0.999861
169;-0.86767,0.723834,0.251528,0.701377,-0.228612;0.186574,0.662953,-0.601568,0.776724
170;-0.729454,0.799313,0.359722,0.570111,-0.339703;0.110494,0.608254,-0.528777,0.69476
171;-0.59893,0.483329,-0.153408,0.705747,-0.651107;-0.135335,0.962642,-0.690119,0.988524
172;-0.86307,0.604667,-0.335827,0.677504,-0.801368;-0.424646,0.824008,-0.775925,0.827518
173;-0.88117,0.604667,-0.335827,0.705053,-0.802637;-0.415699,0.84149,-0.772963,0.833957
174;-0.804723,0.333057,-0.267484,0.829048,-0.576717;-0.0820129,0.999648,-0.70445,1.00985
175;-0.760764,0.333057,-0.267484,0.822761,-0.571381;-0.0719692,1.01425,-0.714976,1.03621
176;-0.759629,0.333057,-0.267484,0.822761,-0.571381;-0.0717151,1.01481,-0.715199,1.03696
177;-0.759629,0.333057,-0.267484,0.822761,-0.571381;-0.0717151,1.01481,-0.715199,1.03696
178;-0.759629,0.333057,-0.267484,0.822761,-0.571381;-0.0717151,1.01481,-0.715199,1.03696
179;-0.759629,0.333057,-0.267484,0.822761,-0.571381;-0.0717151,1.01481,-0.715199,1.03696
180;-0.759629,0.333057,-0.267484,0.822761,-0.571381;-0.0717151,1.01481,-0.715199,1.03696
181;-0.759629,0.333057,-0.267484,0.822761,-0.571381;-0.0717151,1.01481,-0.715199,1.03696
182;-0.759629,0.333057,-0.267484,0.822761,-0.571381;-0.0717151,1.01481,-0.715199,1.03696
183;-0.759629,0.333057,-0.267484,0.822761,-0.571381;-0.0717151,1.01481,-0.715199,1.03696
184;-0.759629,0.333057,-0.267484,0.822761,-0.571381;-0.0717151,1.01481,-0.715199,1.03696
185;-0.759629,0.333057,-0.267484,0.822761,-0.571381;-0.0717151,1.01481,-0.715199,1.03696
186;-0.759629,0.333057,-0.267484,0.822761,-0.571381;-0.0717151,1.01481,-0.715199,1.03696
187;-0.66861,0.483329,-0.153408,0.785731,-0.643167;-0.105896,1.00248,-0.682847,0.999861
188;-0.86767,0.723834,0.251528,0.701377,-0.228612;0.186574,0.662953,-0.601568,0.776724
189;-0.805707,0.723834,0.251528,0.636825,-0.235279;0.163934,0.633686,-0.608456,0.771247
190;-0.731022,0.799313,0.359722,0.570111,-0.339703;0.110143,0.60748,-0.528469,0.693731
191;-0.59893,0.483329,-0.153408,0.705747,-0.651107;-0.135335,0.962642,-0.690119,0.988524
192;-0.86307,0.604667,-0.335827,0.677504,-0.801368;-0.424646,0.824008,-0.775925,0.827518
193;-0.88117,0.604667,-0.335827,0.705053,-0.802637;-0.415699,0.84149,-0.772963,0.833957
194;-0.804723,0.333057,-0.267484,0.829048,-0.576717;-0.0820129,0.999648,-0.70445,1.00985
195;-0.760764,0.333057,-0.267484,0.822761,-0.571381;-0.0719692,1.01425,-0.714976,1.03621
196;-0.759629,0.333057,-0.267484,0.822761,-0.571381;-0.0717151,1.01481,-0.715199,1.03696
197;-0.759629,0.333057,-0.267484,0.822761,-0.571381;-0.0717151,1.01481,-0.715199,1.03696
198;-0.759629,0.333057,-0.267484,0.822761,-0.571381;-0.0717151,1.01481,-0.715199,1.03696
199;-0.66861,0.483329,-0.153408,0.785731,-0.643167;-0.105896,1.00248,-0.682847,0.999861
200;-0.86767,0.723834,0.251528,0.701377,-0.228612;0.186574,0.662953,-0.601568,0.776724
201;-0.729454,0.799313,0.359722,0.570111,-0.339703;0.110494,0.608254,-0.528777,0.69476
202;-0.59893,0.483329,-0.153408,0.705747,-0.651107;-0.135335,0.962642,-0.690119,0.988524
203;-0.86307,0.604667,-0.335827,0.677504,-0.801368;-0.424646,0.824008,-0.775925,0.827518
204;-0.88117,0.604667,-0.335827,0.705053,-0.802637;-0.415699,0.84149,-0.772963,0.833957
205;-0.804723,0.333057,-0.267484,0.829048,-0.576717;-0.0820129,0.999648,-0.70445,1.00985
206;-0.760764,0.333057,-0.267484,0.822761,-0.571381;-0.0719692,1.01425,-0.714976,1.03621
207;-0.759629,0.333057,-0.267484,0.822761,-0.571381;-0.0717151,1.01481,-0.715199,1.03696
208;-0.759629,0.333057,-0.267484,0.822761,-0.571381;-0.0717151,1.01481,-0.715199,1.03696
209;-0.759629,0.333057,-0.267484,0.822761,-0.571381;-0.0717151,1.01481,-0.715199,1.03696
210;-0.759629,0.333057,-0.267484,0.822761,-0.571381;-0.0717151,1.01481,-0.715199,1.03696
211;-0.759629,0.333057,-0.267484,0.822761,-0.571381;-0.0717151,1.01481,-0.715199,1.03696
212;-0.759629,0.333057,-0.267484,0.822761,-0.571381;-0.0717151,1.01481,-0.715199,1.03696
213;-0.759629,0.333057,-0.267484,0.822761,-0.571381;-0.0717151,1.01481,-0.715199,1.03696
214;-0.759629,0.333057,-0.267484,0.822761,-0.571381;-0.0717151,1.01481,-0.715199,1.03696
215;-0.759629,0.333057,-0.267484,0.822761,-0.571381;-0.0717151,1.01481,-0.715199,1.03696
216;-0.759629,0.333057,-0.267484,0.822761,-0.571381;-0.0717151,1.01481,-0.715199,1.03696
217;-0.759629,0.333057,-0.267484,0.822761,-0.571381;-0.0717151,1.01481,-0.715199,1.03696
218;-0.66861,0.483329,-0.153408,0.785731,-0.643167;-0.105896,1.00248,-0.682847,0.999861
219;-0.86767,0.723834,0.251528,0.701377,-0.228612;0.186574,0.662953,-0.601568,0.776724
220;-0.805707,0.723834,0.251528,0.636825,-0.235279;0.163934,0.633686,-0.608456,0.771247
221;-0.731022,0.799313,0.359722,0.570111,-0.339703;0.110143,0.60748,-0.528469,0.693731
222;-0.59893,0.483329,-0.153408,0.705747,-0.651107;-0.135335,0.962642,-0.690119,0.988524
223;-0.86307,0.604667,-0.335827,0.677504,-0.801368;-0.424646,0.824008,-0.775925,0.827518
224;-0.88117,0.604667,-0.335827,0.705053,-0.802637;-0.415699,0.84149,-0.772963,0.833957
225;-0.804723,0.333057,-0.267484,0.829048,-0.576717;-0.0820129,0.999648,-0.70445,1.00985
226;-0.760764,0.333057,-0.267484,0.822761,-0.571381;-0.0719692,1.01425,-0.714976,1.03621
227;-0.759629,0.333057,-0.267484,0.822761,-0.571381;-0.0717151,1.01481,-0.715199,1.03696
228;-0.759629,0.333057,-0.267484,0.822761,-0.571381;-0.0717151,1.01481,-0.715199,1.03696
229;-0.759629,0.333057,-0.267484,0.822761,-0.571381;-0.0717151,1.01481,-0.715199,1.03696
230;-0.66861,0.483329,-0.153408,0.785731,-0.643167;-0.105896,1.00248,-0.682847,0.999861
231;-0.86767,0.723834,0.251528,0.701377,-0.228612;0.186574,0.662953,-0.601568,0.776724
232;-0.729454,0.799313,0.359722,0.570111,-0.339703;0.110494,0.608254,-0.528777,0.69476
233;-0.59893,0.483329,-0.153408,0.705747,-0.651107;-0.135335,0.962642,-0.690119,0.988524
234;-0.86307,0.604667,-0.335827,0.677504,-0.801368;-0.424646,0.824008,-0.775925,0.827518
235;-0.88117,0.604667,-0.335827,0.705053,-0.802637;-0.415699,0.84149,-0.772963,0.833957
236;-0.804723,0.333057,-0.267484,0.829048,-0.576717;-0.0820129,0.999648,-0.70445,1.00985
237;-0.760764,0.333057,-0.267484,0.822761,-0.571381;-0.0719692,1.01425,-0.714976,1.03621
238;-0.759629,0.333057,-0.267484,0.822761,-0.571381;-0.0717151,1.01481,-0.715199,1.03696
239;-0.759629,0.333057,-0.267484,0.822761,-0.571381;-0.0717151,1.01481,-0.715199,1.03696
240;-0.759629,0.333057,-0.267484,0.822761,-0.571381;-0.0717151,1.01481,-0.715199,1.03696
241;-0.759629,0.333057,-0.267484,0.822761,-0.571381;-0.0717151,1.01481,-0.715199,1.03696
242;-0.759629,0.333057,-0.267484,0.822761,-0.571381;-0.0717151,1.01481,-0.715199,1.03696
243;-0.759629,0.333057,-0.267484,0.822761,-0.571381;-0.0717151,1.01481,-0.715199,1.03696
244;-0.759629,0.333057,-0.267484,0.822761,-0.571381;-0.0717151,1.01481,-0.715199,1.03696
245;-0.759629,0.333057,-0.267484,0.822761,-0.571381;-0.0717151,1.01481,-0.715199,1.03696
246;-0.759629,0.333057,-0.267484,0.822761,-0.571381;-0.0717151,1.01481,-0.715199,1.03696
247;-0.759629,0.333057,-0.267484,0.822761,-0.571381;-0.0717151,1.01481,-0.715199,1.03696
248;-0.759629,0.333057,-0.267484,0.822761,-0.571381;-0.0717151,1.01481,-0.715199,1.03696
249;-0.66861,0.483329,-0.153408,0.785731,-0.643167;-0.105896,1.00248,-0.682847,0.999861
250;-0.86767,0.723834,0.251528,0.701377,-0.228612;0.186574,0.662953,-0.601568,0.776724
251;-0.805707,0.723834,0.251528,0.636825,-0.235279;0.163934,0.633686,-0.608456,0.771247
252;-0.731022,0.799313,0.359722,0.570111,-0.339703;0.110143,0.60748,-0.528469,0.693731
253;-0.59893,0.483329,-0.153408,0.705747,-0.651107;-0.135335,0.962642,-0.690119,0.988524
254;-0.86307,0.604667,-0.335827,0.677504,-0.801368;-0.424646,0.824008,-0.775925,0.827518
255;-0.88117,0.604667,-0.335827,0.705053,-0.802637;-0.415699,0.84149,-0.772963,0.833957
256;-0.804723,0.333057,-0.267484,0.829048,-0.576717;-0.0820129,0.999648,-0.70445,1.00985
257;-0.760764,0.333057,-0.267484,0.822761,-0.571381;-0.0719692,1.01425,-0.714976,1.03621
258;-0.759629,0.333057,-0.267484,0.822761,-0.571381;-0.0717151,1.01481,-0.715199,1.03696
259;-0.759629,0.333057,-0.267484,0.822761,-0.571381;-0.0717151,1.01481,-0.715199,1.03696
260;-0.759629,0.333057,-0.267484,0.822761,-0.571381;-0.0717151,1.01481,-0.715199,1.03696
261;-0.66861,0.483329,-0.153408,0.785731,-0.643167;-0.105896,1.00248,-0.682847,0.999861
262;-0.86767,0.723834,0.251528,0.701377,-0.228612;0.186574,0.662953,-0.601568,0.776724
263;-0.729454,0.799313,0.359722,0.570111,-0.339703;0.110494,0.608254,-0.528777,0.69476
264;-0.59893,0.483329,-0.153408,0.705747,-0.651107;-0.135335,0.962642,-0.690119,0.988524
265;-0.86307,0.604667,-0.335827,0.677504,-0.801368;-0.424646,0.824008,-0.775925,0.827518
266;-0.88117,0.604667,-0.335827,0.705053,-0.802637;-0.415699,0.84149,-0.772963,0.833957
267;-0.804723,0.333057,-0.267484,0.829048,-0.576717;-0.0820129,0.999648,-0.70445,1.00985
268;-0.760764,0.333057,-0.267484,0.822761,-0.571381;-0.0719692,1.01425,-0.714976,1.03621
269;-0.759629,0.333057,-0.267484,0.822761,-0.571381;-0.0717151,1.01481,-0.715199,1.03696
270;-0.759629,0.333057,-0.267484,0.822761,-0.571381;-0.0717151,1.01481,-0.715199,1.03696
271;-0.759629,0.333057,-0.267484,0.822761,-0.571381;-0.0717151,1.01481,-0.715199,1.03696
272;-0.759629,0.333057,-0.267484,0.822761,-0.571381;-0.0717151,1.01481,-0.715199,1.03696
273;-0.759629,0.333057,-0.267484,0.822761,-0.571381;-0.0717151,1.01481,-0.715199,1.03696
274;-0.759629,0.333057,-0.267484,0.822761,-0.571381;-0.0717151,1.01481,-0.715199,1.03696
275;-0.759629,0.333057,-0.267484,0.822761,-0.571381;-0.0717151,1.01481,-0.715199,1.03696
276;-0.759629,0.333057,-0.267484,0.822761,-0.571381;-0.0717151,1.01481,-0.715199,1.03696
277;-0.759629,0.333057,-0.267484,0.822761,-0.571381;-0.0717151,1.01481,-0.715199,1.03696
278;-0.759629,0.333057,-0.267484,0.822761,-0.571381;-0.0717151,1.01481,-0.715199,1.03696
279;-0.759629,0.333057,-0.267484,0.822761,-0.571381;-0.0717151,1.01481,-0.715199,1.03696
280;-0.66861,0.483329,-0.153408,0.785731,-0.643167;-0.105896,1.00248,-0.682847,0.999861
281;-0.86767,0.723834,0.251528,0.701377,-0.228612;0.186574,0.662953,-0.601568,0.776724
282;-0.805707,0.723834,0.251528,0.636825,-0.235279;0.163934,0.633686,-0.608456,0.771247
283;-0.731022,0.799313,0.359722,0.570111,-0.339703;0.110143,0.60748,-0.528469,0.693731
284;-0.59893,0.483329,-0.153408,0.705747,-0.651107;-0.135335,0.962642,-0.690119,0.988524
285;-0.86307,0.604667,-0.335827,0.677504,-0.801368;-0.424646,0.824008,-0.775925,0.827518
286;-0.88117,0.604667,-0.335827,0.705053,-0.802637;-0.415699,0.84149,-0.772963,0.833957
287;-0.804723,0.333057,-0.267484,0.829048,-0.576717;-0.0820129,0.999648,-0.70445,1.00985
288;-0.760764,0.333057,-0.267484,0.822761,-0.571381;-0.0719692,1.01425,-0.714976,1.03621
289;-0.759629,0.333057,-0.267484,0.822761,-0.571381;-0.0717151,1.01481,-0.715199,1.03696
290;-0.759629,0.333057,-0.267484,0.822761,-0.571381;-0.0717151,1.01481,-0.715199,1.03696
291;-0.759629,0.333057,-0.267484,0.822761,-0.571381;-0.0717151,1.01481,-0.715199,1.03696
292;-0.66861,0.483329,-0.153408,0.785731,-0.643167;-0.105896,1.00248,-0.682847,0.999861
293;-0.86767,0.723834,0.251528,0.701377,-0.228612;0.186574,0.662953,-0.601568,0.776724
294;-0.729454,0.799313,0.359722,0.570111,-0.339703;0.110494,0.608254,-0.528777,0.69476
295;-0.59893,0.483329,-0.153408,0.705747,-0.651107;-0.135335,0.962642,-0.690119,0.988524
296;-0.86307,0.604667,-0.335827,0.677504,-0.801368;-0.424646,0.824008,-0.775925,0.827518
297;-0.88117,0.604667,-0.335827,0.705053,-0.802637;-0.415699,0.84149,-0.772963,0.833957
298;-0.804723,0.333057,-0.267484,0.829048,-0.576717;-0.0820129,0.999648,-0.70445,1.00985
299;-0.760764,0.333057,-0.267484,0.822761,-0.571381;-0.0719692,1.01425,-0.714976,1.03621
