0.059
0.124
0.165
0.194
0.204
0.222
0.213
0.232
0.225
0.235
0.247
0.231
0.264
0.257
0.244
0.258
0.290
0.278
0.291
0.308
0.302
0.283
0.281
0.305
0.315
0.313
0.325
0.312
0.313
0.315
0.321
0.318
0.327
0.321
0.306
0.306
0.319
0.324
0.319
0.327
0.320
0.334
0.316
0.328
0.328
0.296
0.326
0.296
0.325
0.312
0.305
0.318
0.305
0.303
0.341
0.338
0.336
0.336
0.329
0.335
0.293
0.316
0.322
0.319
0.298
0.315
0.315
0.307
0.294
0.300
0.287
0.306
0.305
0.307
0.303
0.318
0.309
0.311
0.321
0.295
0.328
0.306
0.325
0.327
0.318
0.300
0.295
0.334
0.308
0.327
0.323
0.314
0.317
0.329
0.326
0.293
0.308
0.327
0.330
0.320
0.333
0.330
0.313
0.352
0.321
0.337
0.323
0.322
0.316
0.295
0.303
0.307
0.323
0.342
0.322
0.319
0.329
0.308
0.312
0.318
0.315
0.305
0.305
0.302
0.320
0.316
0.308
0.309
0.301
0.322
0.315
0.311
0.294
0.305
0.325
0.321
0.322
0.321
0.304
0.309
0.306
0.301
0.300
0.308
0.306
0.322
0.340
0.348
0.333
0.348
0.331
0.331
0.323
0.327
0.330
0.335
0.340
0.351
0.336
0.313
0.301
0.317
0.327
0.320
0.332
0.324
0.313
0.302
0.290
0.320
0.341
0.315
0.289
0.335
0.341
0.325
0.331
0.307
0.299
0.316
0.317
0.317
0.293
0.305
0.339
0.310
0.324
0.322
0.345
0.341
0.317
0.320
0.287
0.293
0.290
0.288
0.275
0.305
0.324
0.337
0.324
0.320
0.314
0.305
0.328
0.330
0.305
0.305
0.314
0.310
0.304
0.332
0.343
0.331
0.325
0.337
0.317
0.329
0.321
0.338
0.335
0.306
0.311
0.287
0.321
0.306
0.321
0.318
0.307
0.325
0.353
0.356
0.335
0.322
0.315
0.311
0.308
0.333
0.338
0.343
0.323
0.330
0.309
0.327
0.319
0.326
0.335
0.316
0.347
0.321
0.327
0.321
0.333
0.348
0.327
0.324
0.332
0.297
0.321
0.331
0.321
0.317
0.348
0.340
0.350
0.322
0.315
0.322
0.363
0.349
0.359
0.340
0.348
0.324
0.313
0.312
0.301
0.339
0.344
0.340
0.351
0.344
0.331
0.343
0.355
0.325
0.325
0.328
0.334
0.328
0.321
0.329
0.326
0.318
0.311
0.302
0.303
0.309
0.336
0.354
0.319
0.322
0.317
0.333
0.328
0.346
0.314
0.291
0.308
0.322
0.337
0.329
0.308
0.315
0.341
0.328
0.337
0.345
0.341
0.338
0.328
0.362
0.335
0.338
0.341
0.348
0.348
0.301
0.345
0.346
0.330
0.331
0.326
0.330
0.371
0.362
0.346
0.354
0.351
0.337
0.358
0.314
0.349
0.359
0.316
0.336
0.348
0.368
0.329
0.350
0.341
0.338
0.317
0.323
0.353
0.363
0.332
0.355
0.351
0.337
0.319
0.340
0.364
0.338
0.330
0.338
0.360
0.346
0.339
0.345
0.332
0.347
0.329
0.302
0.346
0.356
0.360
0.342
0.363
0.368
0.351
0.343
0.362
0.355
0.350
0.346
0.376
0.369
0.349
0.353
0.365
0.346
0.348
0.354
0.320
0.343
0.338
0.313
0.350
0.352
0.337
0.318
0.331
0.314
0.326
0.317
0.350
0.349
0.317
0.358
0.373
0.320
0.340
0.356
0.351
0.357
0.336
0.323
0.321
0.323
0.347
0.342
0.355
0.354
0.344
0.338
0.343
0.345
0.356
0.355
0.364
0.364
0.362
0.359
0.359
0.366
0.362
0.319
0.338
0.340
0.355
0.355
0.354
0.363
0.358
0.351
0.349
0.345
0.317
0.348
0.341
0.353
0.356
0.337
0.364
0.345
0.371
0.348
0.365
0.370
0.333
0.338
0.341
0.364
0.361
0.360
0.374
0.335
0.343
0.327
0.336
0.373
0.356
0.359
0.374
0.381
0.368
0.364
0.341
0.354
0.331
0.338
0.350
0.353
0.363
0.360
0.370
0.347
0.347
0.370
0.344
0.343
0.369
0.335
0.337
0.365
0.356
0.343
0.337
0.360
