0.240
0.392
0.395
0.410
0.403
0.405
0.400
0.417
0.408
0.413
0.407
0.400
0.415
0.422
0.420
0.420
0.430
0.427
0.438
0.442
0.445
0.433
0.447
0.422
0.433
0.443
0.443
0.437
0.438
0.452
0.462
0.443
0.460
0.442
0.452
0.457
0.448
0.443
0.442
0.455
0.447
0.458
0.447
0.452
0.458
0.445
0.450
0.463
0.450
0.460
0.480
0.458
0.447
0.453
0.448
0.453
0.467
0.455
0.460
0.452
0.453
0.458
0.463
0.473
0.462
0.452
0.448
0.463
0.453
0.448
0.438
0.460
0.455
0.462
0.445
0.450
0.447
0.443
0.463
0.447
0.452
0.445
0.443
0.447
0.467
0.458
0.463
0.462
0.448
0.465
0.448
0.457
0.467
0.453
0.465
0.455
0.448
0.445
0.455
0.457
0.448
0.453
0.463
0.457
0.468
0.458
0.453
0.458
0.452
0.453
0.443
0.460
0.452
0.455
0.447
0.450
0.458
0.457
0.458
0.455
0.452
0.450
0.457
0.448
0.458
0.462
0.452
0.455
0.467
0.452
0.447
0.468
0.457
0.448
0.457
0.465
0.463
0.458
0.462
0.457
0.460
0.462
0.453
0.452
0.458
0.450
0.472
0.458
0.462
0.457
0.452
0.453
0.457
0.457
0.465
0.470
0.448
0.452
0.458
0.447
0.457
0.465
0.448
0.463
0.453
0.452
0.460
0.452
0.442
0.445
0.442
0.455
0.447
0.450
0.450
0.470
0.448
0.455
0.448
0.453
0.445
0.452
0.452
0.452
0.450
0.455
0.453
0.462
0.450
0.452
0.455
0.452
0.448
0.447
0.462
0.463
0.447
0.465
0.458
0.443
0.440
0.458
0.458
0.458
0.432
0.453
0.450
0.447
0.453
0.445
0.460
0.470
0.455
0.453
0.455
0.443
0.453
0.448
0.452
0.453
0.467
0.445
0.457
0.457
0.463
0.458
0.450
0.448
0.450
0.445
0.483
0.465
0.450
0.448
0.463
0.455
0.445
0.463
0.447
0.447
0.458
0.465
0.462
0.453
0.447
0.450
0.463
0.443
0.463
0.462
0.465
0.458
0.448
0.452
0.445
0.453
0.452
0.450
0.460
0.462
0.472
0.472
0.460
0.465
0.450
0.448
0.457
0.458
0.448
0.452
0.447
0.457
0.455
0.447
0.453
0.460
0.472
0.455
0.453
0.455
0.448
0.465
0.463
0.455
0.455
0.455
0.455
0.445
0.468
0.452
0.450
0.455
0.448
0.460
0.462
0.450
0.458
0.445
0.455
0.458
0.470
0.463
0.458
0.445
0.472
0.458
0.462
0.465
0.455
0.448
0.453
0.458
0.453
0.457
0.450
0.455
0.467
0.460
0.470
0.457
0.455
0.468
0.460
0.460
0.457
0.460
0.452
0.458
0.453
0.448
0.455
0.460
0.465
0.462
0.453
0.458
0.457
0.455
0.448
0.445
0.453
0.463
0.457
0.463
0.468
0.453
0.455
0.475
0.452
0.450
0.460
0.447
0.467
0.458
0.455
0.453
0.457
0.463
0.460
0.455
0.453
0.452
0.452
0.455
0.465
0.465
0.453
0.460
0.468
0.453
0.452
0.450
0.457
0.450
0.467
0.468
0.457
0.468
0.465
0.462
0.462
0.455
0.460
0.455
0.455
0.462
0.462
0.458
0.455
0.462
0.455
0.453
0.472
0.458
0.467
0.467
0.450
0.455
0.453
0.455
0.458
0.455
0.470
0.452
0.447
0.465
0.460
0.458
0.448
0.457
0.450
0.468
0.457
0.470
0.453
0.457
0.453
0.448
0.465
0.457
0.462
0.458
0.450
0.462
0.463
0.445
0.457
0.465
0.452
0.448
0.460
0.462
0.457
0.455
0.468
0.453
0.452
0.447
0.452
0.462
0.457
0.457
0.457
0.457
0.458
0.468
0.447
0.455
0.460
0.452
0.463
0.452
0.452
0.455
0.458
0.463
0.462
0.462
0.475
0.445
0.457
0.450
0.445
0.453
0.465
0.457
0.473
0.452
0.458
0.463
0.450
0.453
0.465
0.445
0.445
0.457
0.460
0.475
0.478
0.465
0.457
0.453
0.460
0.463
0.460
0.462
0.462
0.462
0.460
0.455
0.450
0.453
0.453
0.463
0.463
0.460
0.452
0.453
0.452
0.465
