0.280
0.303
0.308
0.322
0.343
0.350
0.400
0.392
0.400
0.392
0.405
0.420
0.417
0.432
0.423
0.425
0.422
0.430
0.422
0.422
0.415
0.438
0.530
0.548
0.538
0.532
0.533
0.542
0.553
0.542
0.545
0.547
0.548
0.550
0.550
0.557
0.557
0.548
0.548
0.558
0.553
0.550
0.548
0.552
0.548
0.557
0.557
0.547
0.553
0.558
0.550
0.555
0.548
0.548
0.545
0.550
0.553
0.555
0.552
0.545
0.550
0.552
0.550
0.555
0.557
0.552
0.552
0.555
0.557
0.550
0.547
0.555
0.553
0.553
0.552
0.552
0.545
0.553
0.557
0.548
0.548
0.540
0.548
0.552
0.558
0.547
0.548
0.553
0.543
0.547
0.545
0.560
0.545
0.550
0.557
0.545
0.550
0.563
0.547
0.557
0.548
0.550
0.550
0.548
0.558
0.547
0.550
0.548
0.550
0.548
0.555
0.543
0.563
0.553
0.552
0.553
0.562
0.560
0.547
0.558
0.558
0.548
0.563
0.552
0.557
0.558
0.543
0.565
0.562
0.553
0.555
0.553
0.548
0.557
0.557
0.548
0.558
0.568
0.560
0.552
0.545
0.552
0.548
0.553
0.548
0.547
0.547
0.553
0.550
0.553
0.553
0.552
0.550
0.563
0.558
0.550
0.557
0.550
0.548
0.552
0.565
0.555
0.552
0.550
0.552
0.553
0.548
0.547
0.552
0.557
0.557
0.550
0.560
0.547
0.553
0.553
0.548
0.555
0.552
0.553
0.545
0.563
0.553
0.553
0.548
0.557
0.555
0.557
0.557
0.555
0.552
0.555
0.560
0.557
0.553
0.555
0.552
0.557
0.553
0.560
0.547
0.553
0.553
0.558
0.548
0.552
0.548
0.550
0.555
0.550
0.553
0.557
0.553
0.550
0.547
0.560
0.558
0.612
0.607
0.608
0.620
0.612
0.617
0.620
0.608
0.612
0.617
0.620
0.623
0.623
0.620
0.613
0.615
0.615
0.622
0.618
0.623
0.622
0.623
0.622
0.620
0.625
0.618
0.620
0.617
0.617
0.625
0.622
0.623
0.622
0.615
0.623
0.618
0.615
0.620
0.617
0.618
0.615
0.618
0.622
0.617
0.618
0.622
0.622
0.615
0.622
0.623
0.612
0.620
0.618
0.627
0.623
0.620
0.622
0.617
0.622
0.622
0.618
0.618
0.612
0.615
0.622
0.617
0.622
0.623
0.620
0.617
0.620
0.627
0.617
0.620
0.617
0.623
0.625
0.623
0.625
0.625
0.618
0.622
0.623
0.615
0.618
0.615
0.620
0.618
0.615
0.618
0.620
0.618
0.620
0.625
0.627
0.623
0.622
0.618
0.617
0.623
0.620
0.622
0.618
0.617
0.615
0.613
0.618
0.618
0.615
0.620
0.620
0.618
0.615
0.627
0.628
0.632
0.622
0.623
0.632
0.633
0.625
0.625
0.630
0.628
0.627
0.630
0.638
0.630
0.637
0.637
0.635
0.637
0.642
0.642
0.642
0.647
0.643
0.643
0.640
0.643
0.642
0.645
0.645
0.643
0.645
0.647
0.638
0.647
0.647
0.647
0.642
0.645
0.642
0.648
0.642
0.642
0.643
0.640
0.637
0.645
0.640
0.643
0.645
0.645
0.640
0.650
0.642
0.643
0.640
0.640
0.645
0.637
0.642
0.643
0.648
0.643
0.638
0.650
0.640
0.638
0.640
0.643
0.643
0.640
0.640
0.642
0.642
0.642
0.643
0.645
0.642
0.640
0.640
0.640
0.638
0.643
0.643
0.637
0.642
0.647
0.647
0.642
0.640
0.645
0.643
0.643
0.643
0.643
0.638
0.648
0.642
0.645
0.638
0.642
0.640
0.643
0.645
0.643
0.640
0.638
0.642
0.645
0.638
0.643
0.645
0.637
0.645
0.647
0.642
0.640
0.642
0.645
0.643
0.642
0.640
0.648
0.643
0.643
0.642
0.645
0.640
0.640
0.643
0.640
0.642
0.647
0.642
0.640
0.645
0.643
0.642
0.642
0.643
0.647
0.643
0.643
0.643
0.642
0.642
0.643
0.640
0.643
0.642
0.640
0.647
0.643
0.647
0.640
0.643
0.643
0.643
0.640
0.642
0.648
0.643
0.642
0.643
0.647
0.642
0.647
0.642
0.640
0.642
