-0.256
-0.138
-0.034
-0.002
-0.028
0.000
0.009
0.020
0.040
0.037
0.065
0.076
0.050
0.082
0.117
0.122
0.118
0.122
0.132
0.143
0.147
0.144
0.151
0.146
0.133
0.110
0.107
0.121
0.142
0.126
0.126
0.139
0.114
0.130
0.121
0.115
0.147
0.152
0.158
0.141
0.152
0.130
0.151
0.153
0.144
0.136
0.130
0.145
0.149
0.142
0.134
0.149
0.137
0.147
0.146
0.151
0.141
0.154
0.155
0.160
0.148
0.136
0.150
0.143
0.136
0.148
0.162
0.149
0.149
0.147
0.165
0.160
0.178
0.149
0.152
0.154
0.147
0.138
0.147
0.146
0.161
0.158
0.159
0.154
0.133
0.169
0.144
0.132
0.111
0.156
0.146
0.140
0.153
0.126
0.152
0.151
0.138
0.144
0.160
0.160
0.143
0.150
0.140
0.153
0.122
0.161
0.149
0.160
0.159
0.157
0.150
0.179
0.165
0.173
0.173
0.160
0.146
0.162
0.165
0.141
0.177
0.140
0.164
0.172
0.157
0.151
0.164
0.163
0.152
0.156
0.170
0.154
0.152
0.143
0.136
0.166
0.166
0.175
0.170
0.166
0.163
0.178
0.157
0.173
0.148
0.160
0.162
0.157
0.161
0.152
0.143
0.151
0.148
0.178
0.164
0.181
0.170
0.162
0.174
0.170
0.141
0.167
0.164
0.162
0.163
0.142
0.173
0.166
0.177
0.188
0.174
0.186
0.172
0.159
0.165
0.174
0.153
0.180
0.181
0.173
0.184
0.176
0.181
0.185
0.177
0.185
0.184
0.187
0.190
0.179
0.149
0.168
0.191
0.178
0.181
0.180
0.172
0.173
0.165
0.187
0.192
0.186
0.187
0.181
0.178
0.194
0.185
0.198
0.156
0.175
0.191
0.179
0.184
0.193
0.190
0.172
0.204
0.180
0.189
0.201
0.203
0.187
0.195
0.184
0.185
0.190
0.185
0.180
0.187
0.183
0.192
0.198
0.194
0.202
0.189
0.198
0.179
0.181
0.184
0.184
0.177
0.199
0.199
0.194
0.186
0.185
0.200
0.191
0.204
0.192
0.197
0.195
0.196
0.191
0.194
0.195
0.188
0.189
0.194
0.184
0.197
0.198
0.184
0.196
0.181
0.196
0.197
0.199
0.166
0.186
0.196
0.197
0.204
0.211
0.187
0.202
0.184
0.193
0.203
0.196
0.204
0.202
0.195
0.215
0.200
0.203
0.198
0.192
0.203
0.190
0.203
0.192
0.190
0.195
0.208
0.210
0.187
0.208
0.198
0.201
0.190
0.195
0.208
0.188
0.193
0.198
0.188
0.191
0.195
0.198
0.205
0.194
0.195
0.206
0.204
0.206
0.210
0.210
0.206
0.210
0.199
0.204
0.202
0.203
0.187
0.194
0.202
0.203
0.204
0.192
0.216
0.206
0.215
0.208
0.194
0.206
0.202
0.199
0.201
0.199
0.196
0.207
0.195
0.209
0.191
0.188
0.203
0.190
0.199
0.192
0.200
0.202
0.192
0.209
0.189
0.196
0.198
0.194
0.191
0.188
0.200
0.202
0.190
0.191
0.197
0.195
0.197
0.198
0.189
0.194
0.197
0.203
0.179
0.197
0.183
0.193
0.207
0.204
0.199
0.208
0.203
0.204
0.204
0.213
0.202
0.210
0.194
0.194
0.195
0.199
0.191
0.185
0.185
0.203
0.191
0.196
0.182
0.202
0.195
0.201
0.204
0.193
0.197
0.184
0.196
0.204
0.192
0.205
0.190
0.199
0.204
0.194
0.198
0.203
0.190
0.197
0.209
0.204
0.204
0.212
0.200
0.194
0.197
0.211
0.197
0.195
0.197
0.205
0.202
0.206
0.195
0.191
0.199
0.201
0.198
0.189
0.193
0.199
0.196
0.207
0.195
0.195
0.201
0.195
0.181
0.197
0.182
0.191
0.196
0.192
0.198
0.192
0.186
0.197
0.197
0.188
0.196
0.181
0.201
0.204
0.187
0.192
0.196
0.202
0.191
0.211
0.200
0.179
0.185
0.193
0.194
0.203
0.197
0.190
0.191
0.196
0.202
0.194
0.207
0.187
0.194
0.198
0.202
0.189
0.188
0.202
0.195
0.203
0.200
0.218
0.225
0.225
0.236
0.229
0.231
0.230
0.240
0.246
0.214
0.236
