0;100;60
1;100;60
2;107.071;67.0711
3;114.142;74.1421
4;114.142;74.1421
5;114.142;74.1421
6;107.071;81.2132
7;100;88.2843
8;92.9289;95.3553
9;85.8579;102.426
10;78.7868;109.497
11;78.7868;109.497
12;78.7868;109.497
13;78.7868;109.497
14;78.7868;109.497
15;78.7868;109.497
16;85.8579;102.426
17;92.9289;95.3553
18;100;88.2843
19;107.071;81.2132
20;114.142;74.1421
21;121.213;67.0711
22;128.284;60
23;135.355;52.9289
24;142.426;45.8579
25;149.497;38.7868
26;156.569;31.7157
27;163.64;24.6447
28;170.711;17.5736
29;177.782;10.5025
30;177.782;10.5025
31;177.782;10.5025
32;177.782;10.5025
33;184.853;17.5736
34;191.924;24.6447
35;191.924;24.6447
36;191.924;24.6447
37;191.924;24.6447
38;191.924;24.6447
39;181.924;24.6447
40;181.924;24.6447
41;174.853;17.5736
42;167.782;10.5025
43;167.782;10.5025
44;167.782;10.5025
45;167.782;10.5025
46;167.782;10.5025
47;167.782;10.5025
48;167.782;10.5025
49;174.853;17.5736
50;181.924;24.6447
51;188.995;31.7157
52;188.995;31.7157
53;188.995;31.7157
54;188.995;31.7157
55;188.995;31.7157
56;188.995;31.7157
57;181.924;24.6447
58;174.853;17.5736
59;167.782;10.5025
60;167.782;10.5025
61;167.782;10.5025
62;167.782;10.5025
63;167.782;10.5025
64;167.782;10.5025
65;167.782;10.5025
66;174.853;17.5736
67;181.924;24.6447
68;188.995;31.7157
69;188.995;31.7157
70;188.995;31.7157
71;188.995;31.7157
72;188.995;31.7157
73;188.995;31.7157
74;181.924;24.6447
75;174.853;17.5736
76;167.782;10.5025
77;167.782;10.5025
78;167.782;10.5025
79;167.782;10.5025
80;167.782;10.5025
81;167.782;10.5025
82;167.782;10.5025
83;174.853;17.5736
84;181.924;24.6447
85;188.995;31.7157
86;188.995;31.7157
87;188.995;31.7157
88;188.995;31.7157
89;188.995;31.7157
90;188.995;31.7157
91;181.924;24.6447
92;174.853;17.5736
93;167.782;10.5025
94;167.782;10.5025
95;167.782;10.5025
96;167.782;10.5025
97;167.782;10.5025
98;167.782;10.5025
99;167.782;10.5025
100;174.853;17.5736
101;181.924;24.6447
102;188.995;31.7157
103;188.995;31.7157
104;188.995;31.7157
105;188.995;31.7157
106;188.995;31.7157
107;188.995;31.7157
108;181.924;24.6447
109;174.853;17.5736
110;167.782;10.5025
111;167.782;10.5025
112;167.782;10.5025
113;167.782;10.5025
114;167.782;10.5025
115;167.782;10.5025
116;167.782;10.5025
117;174.853;17.5736
118;181.924;24.6447
119;188.995;31.7157
120;188.995;31.7157
121;188.995;31.7157
122;188.995;31.7157
123;188.995;31.7157
124;188.995;31.7157
125;181.924;24.6447
126;174.853;17.5736
127;167.782;10.5025
128;167.782;10.5025
129;167.782;10.5025
130;167.782;10.5025
131;167.782;10.5025
132;167.782;10.5025
133;167.782;10.5025
134;174.853;17.5736
135;181.924;24.6447
136;188.995;31.7157
137;188.995;31.7157
138;188.995;31.7157
139;188.995;31.7157
140;188.995;31.7157
141;188.995;31.7157
142;181.924;24.6447
143;174.853;17.5736
144;167.782;10.5025
145;167.782;10.5025
146;167.782;10.5025
147;167.782;10.5025
148;167.782;10.5025
149;167.782;10.5025
150;167.782;10.5025
151;174.853;17.5736
152;181.924;24.6447
153;188.995;31.7157
154;188.995;31.7157
155;188.995;31.7157
156;188.995;31.7157
157;188.995;31.7157
158;188.995;31.7157
159;181.924;24.6447
160;174.853;17.5736
161;167.782;10.5025
162;167.782;10.5025
163;167.782;10.5025
164;167.782;10.5025
165;167.782;10.5025
166;167.782;10.5025
167;167.782;10.5025
168;174.853;17.5736
169;181.924;24.6447
170;188.995;31.7157
171;188.995;31.7157
172;188.995;31.7157
173;188.995;31.7157
174;188.995;31.7157
175;188.995;31.7157
176;181.924;24.6447
177;174.853;17.5736
178;167.782;10.5025
179;167.782;10.5025
180;167.782;10.5025
181;167.782;10.5025
182;167.782;10.5025
183;167.782;10.5025
184;167.782;10.5025
185;174.853;17.5736
186;181.924;24.6447
187;188.995;31.7157
188;188.995;31.7157
189;188.995;31.7157
190;188.995;31.7157
191;188.995;31.7157
192;188.995;31.7157
193;181.924;24.6447
194;174.853;17.5736
195;167.782;10.5025
196;167.782;10.5025
197;167.782;10.5025
198;167.782;10.5025
199;167.782;10.5025
200;167.782;10.5025
201;167.782;10.5025
202;174.853;17.5736
203;181.924;24.6447
204;188.995;31.7157
205;188.995;31.7157
206;188.995;31.7157
207;188.995;31.7157
208;188.995;31.7157
209;188.995;31.7157
210;181.924;24.6447
211;174.853;17.5736
212;167.782;10.5025
213;167.782;10.5025
214;167.782;10.5025
215;167.782;10.5025
216;167.782;10.5025
217;167.782;10.5025
218;167.782;10.5025
219;174.853;17.5736
220;181.924;24.6447
221;188.995;31.7157
222;188.995;31.7157
223;188.995;31.7157
224;188.995;31.7157
225;188.995;31.7157
226;188.995;31.7157
227;181.924;24.6447
228;174.853;17.5736
229;167.782;10.5025
230;167.782;10.5025
231;167.782;10.5025
232;167.782;10.5025
233;167.782;10.5025
234;167.782;10.5025
235;167.782;10.5025
236;174.853;17.5736
237;181.924;24.6447
238;188.995;31.7157
239;188.995;31.7157
240;188.995;31.7157
241;188.995;31.7157
242;188.995;31.7157
243;188.995;31.7157
244;181.924;24.6447
245;174.853;17.5736
246;167.782;10.5025
247;167.782;10.5025
248;167.782;10.5025
249;167.782;10.5025
250;167.782;10.5025
251;167.782;10.5025
252;167.782;10.5025
253;174.853;17.5736
254;181.924;24.6447
255;188.995;31.7157
256;188.995;31.7157
257;188.995;31.7157
258;188.995;31.7157
259;188.995;31.7157
260;188.995;31.7157
261;181.924;24.6447
262;174.853;17.5736
263;167.782;10.5025
264;167.782;10.5025
265;167.782;10.5025
266;167.782;10.5025
267;167.782;10.5025
268;167.782;10.5025
269;167.782;10.5025
270;174.853;17.5736
271;181.924;24.6447
272;188.995;31.7157
273;188.995;31.7157
274;188.995;31.7157
275;188.995;31.7157
276;188.995;31.7157
277;188.995;31.7157
278;181.924;24.6447
279;174.853;17.5736
280;167.782;10.5025
281;167.782;10.5025
282;167.782;10.5025
283;167.782;10.5025
284;167.782;10.5025
285;167.782;10.5025
286;167.782;10.5025
287;174.853;17.5736
288;181.924;24.6447
289;188.995;31.7157
290;188.995;31.7157
291;188.995;31.7157
292;188.995;31.7157
293;188.995;31.7157
294;188.995;31.7157
295;181.924;24.6447
296;174.853;17.5736
297;167.782;10.5025
298;167.782;10.5025
299;167.782;10.5025
300;167.782;10.5025
