0;100;60
1;110;60
2;120;60
3;130;60
4;140;60
5;150;60
6;160;60
7;170;60
8;180;60
9;180;60
10;187.071;52.9289
11;187.071;52.9289
12;187.071;52.9289
13;187.071;42.9289
14;187.071;42.9289
15;180;35.8579
16;172.929;28.7868
17;172.929;28.7868
18;172.929;28.7868
19;172.929;18.7868
20;172.929;18.7868
21;165.858;11.7157
22;165.858;11.7157
23;165.858;11.7157
24;155.858;11.7157
25;155.858;11.7157
26;148.787;18.7868
27;141.716;25.8579
28;141.716;25.8579
29;134.645;18.7868
30;127.574;11.7157
31;127.574;11.7157
32;127.574;11.7157
33;117.574;11.7157
34;117.574;11.7157
35;110.503;18.7868
36;103.431;25.8579
37;103.431;25.8579
38;96.3604;18.7868
39;89.2893;11.7157
40;89.2893;11.7157
41;89.2893;11.7157
42;79.2893;11.7157
43;79.2893;11.7157
44;72.2183;18.7868
45;65.1472;25.8579
46;65.1472;25.8579
47;58.0761;18.7868
48;51.0051;11.7157
49;51.0051;11.7157
50;51.0051;11.7157
51;41.0051;11.7157
52;41.0051;11.7157
53;33.934;18.7868
54;26.8629;25.8579
55;19.7918;32.9289
56;12.7208;40
57;12.7208;40
58;12.7208;40
59;12.7208;50
60;12.7208;50
61;19.7918;57.0711
62;26.8629;64.1421
63;26.8629;64.1421
64;19.7918;71.2132
65;12.7208;78.2843
66;12.7208;78.2843
67;12.7208;78.2843
68;12.7208;88.2843
69;12.7208;88.2843
70;19.7918;95.3553
71;26.8629;102.426
72;33.934;109.497
73;33.934;109.497
74;33.934;109.497
75;43.934;109.497
76;43.934;109.497
77;51.0051;102.426
78;58.0761;95.3553
79;58.0761;95.3553
80;65.1472;102.426
81;72.2183;109.497
82;72.2183;109.497
83;72.2183;109.497
84;82.2183;109.497
85;82.2183;109.497
86;89.2893;102.426
87;96.3604;95.3553
88;96.3604;95.3553
89;103.431;102.426
90;110.503;109.497
91;110.503;109.497
92;110.503;109.497
93;120.503;109.497
94;120.503;109.497
95;127.574;102.426
96;134.645;95.3553
97;134.645;95.3553
98;141.716;102.426
99;148.787;109.497
100;148.787;109.497
101;148.787;109.497
102;158.787;109.497
103;158.787;109.497
104;165.858;102.426
105;172.929;95.3553
106;180;88.2843
107;187.071;81.2132
108;187.071;81.2132
109;187.071;81.2132
110;187.071;71.2132
111;187.071;71.2132
112;180;64.1421
113;172.929;57.0711
114;172.929;57.0711
115;180;50
116;187.071;42.9289
117;187.071;42.9289
118;187.071;42.9289
119;187.071;32.9289
120;187.071;32.9289
121;180;25.8579
122;172.929;18.7868
123;165.858;11.7157
124;165.858;11.7157
125;165.858;11.7157
126;155.858;11.7157
127;155.858;11.7157
128;148.787;18.7868
129;141.716;25.8579
130;141.716;25.8579
131;134.645;18.7868
132;127.574;11.7157
133;127.574;11.7157
134;127.574;11.7157
135;117.574;11.7157
136;117.574;11.7157
137;110.503;18.7868
138;103.431;25.8579
139;103.431;25.8579
140;96.3604;18.7868
141;89.2893;11.7157
142;89.2893;11.7157
143;89.2893;11.7157
144;79.2893;11.7157
145;79.2893;11.7157
146;72.2183;18.7868
147;65.1472;25.8579
148;65.1472;25.8579
149;58.0761;18.7868
150;51.0051;11.7157
151;51.0051;11.7157
152;51.0051;11.7157
153;41.0051;11.7157
154;41.0051;11.7157
155;33.934;18.7868
156;26.8629;25.8579
157;19.7918;32.9289
158;12.7208;40
159;12.7208;40
160;12.7208;40
161;12.7208;50
162;12.7208;50
163;19.7918;57.0711
164;26.8629;64.1421
165;26.8629;64.1421
166;19.7918;71.2132
167;12.7208;78.2843
168;12.7208;78.2843
169;12.7208;78.2843
170;12.7208;88.2843
171;12.7208;88.2843
172;19.7918;95.3553
173;26.8629;102.426
174;33.934;109.497
175;33.934;109.497
176;33.934;109.497
177;43.934;109.497
178;43.934;109.497
179;51.0051;102.426
180;58.0761;95.3553
181;58.0761;95.3553
182;65.1472;102.426
183;72.2183;109.497
184;72.2183;109.497
185;72.2183;109.497
186;82.2183;109.497
187;82.2183;109.497
188;89.2893;102.426
189;96.3604;95.3553
190;96.3604;95.3553
191;103.431;102.426
192;110.503;109.497
193;110.503;109.497
194;110.503;109.497
195;120.503;109.497
196;120.503;109.497
197;127.574;102.426
198;134.645;95.3553
199;134.645;95.3553
200;141.716;102.426
201;148.787;109.497
202;148.787;109.497
203;148.787;109.497
204;158.787;109.497
205;158.787;109.497
206;165.858;102.426
207;172.929;95.3553
208;180;88.2843
209;187.071;81.2132
210;187.071;81.2132
211;187.071;81.2132
212;187.071;71.2132
213;187.071;71.2132
214;180;64.1421
215;172.929;57.0711
216;172.929;57.0711
217;180;50
218;187.071;42.9289
219;187.071;42.9289
220;187.071;42.9289
221;187.071;32.9289
222;187.071;32.9289
223;180;25.8579
224;172.929;18.7868
225;165.858;11.7157
226;165.858;11.7157
227;165.858;11.7157
228;155.858;11.7157
229;155.858;11.7157
230;148.787;18.7868
231;141.716;25.8579
232;141.716;25.8579
233;134.645;18.7868
234;127.574;11.7157
235;127.574;11.7157
236;127.574;11.7157
237;117.574;11.7157
238;117.574;11.7157
239;110.503;18.7868
240;103.431;25.8579
241;103.431;25.8579
242;96.3604;18.7868
243;89.2893;11.7157
244;89.2893;11.7157
245;89.2893;11.7157
246;79.2893;11.7157
247;79.2893;11.7157
248;72.2183;18.7868
249;65.1472;25.8579
250;65.1472;25.8579
251;58.0761;18.7868
252;51.0051;11.7157
253;51.0051;11.7157
254;51.0051;11.7157
255;41.0051;11.7157
256;41.0051;11.7157
257;33.934;18.7868
258;26.8629;25.8579
259;19.7918;32.9289
260;12.7208;40
261;12.7208;40
262;12.7208;40
263;12.7208;50
264;12.7208;50
265;19.7918;57.0711
266;26.8629;64.1421
267;26.8629;64.1421
268;19.7918;71.2132
269;12.7208;78.2843
270;12.7208;78.2843
271;12.7208;78.2843
272;12.7208;88.2843
273;12.7208;88.2843
274;19.7918;95.3553
275;26.8629;102.426
276;33.934;109.497
277;33.934;109.497
278;33.934;109.497
279;43.934;109.497
280;43.934;109.497
281;51.0051;102.426
282;58.0761;95.3553
283;58.0761;95.3553
284;65.1472;102.426
285;72.2183;109.497
286;72.2183;109.497
287;72.2183;109.497
288;82.2183;109.497
289;82.2183;109.497
290;89.2893;102.426
291;96.3604;95.3553
292;96.3604;95.3553
293;103.431;102.426
294;110.503;109.497
295;110.503;109.497
296;110.503;109.497
297;120.503;109.497
298;120.503;109.497
299;127.574;102.426
300;134.645;95.3553
