0;100;60
1;110;60
2;120;60
3;130;60
4;140;60
5;150;60
6;160;60
7;170;60
8;180;60
9;180;60
10;180;60
11;187.071;52.9289
12;187.071;52.9289
13;187.071;52.9289
14;187.071;52.9289
15;180;45.8579
16;180;45.8579
17;180;35.8579
18;180;25.8579
19;180;15.8579
20;180;15.8579
21;180;15.8579
22;172.929;8.7868
23;172.929;8.7868
24;172.929;8.7868
25;162.929;8.7868
26;152.929;8.7868
27;152.929;8.7868
28;145.858;15.8579
29;145.858;15.8579
30;135.858;15.8579
31;135.858;15.8579
32;135.858;15.8579
33;135.858;15.8579
34;128.787;8.7868
35;128.787;8.7868
36;128.787;8.7868
37;118.787;8.7868
38;108.787;8.7868
39;108.787;8.7868
40;101.716;15.8579
41;101.716;15.8579
42;91.7157;15.8579
43;91.7157;15.8579
44;91.7157;15.8579
45;91.7157;15.8579
46;84.6447;8.7868
47;84.6447;8.7868
48;84.6447;8.7868
49;74.6447;8.7868
50;64.6447;8.7868
51;64.6447;8.7868
52;57.5736;15.8579
53;57.5736;15.8579
54;47.5736;15.8579
55;47.5736;15.8579
56;47.5736;15.8579
57;47.5736;15.8579
58;40.5025;8.7868
59;40.5025;8.7868
60;40.5025;8.7868
61;30.5025;8.7868
62;20.5025;8.7868
63;20.5025;8.7868
64;13.4315;15.8579
65;13.4315;15.8579
66;13.4315;15.8579
67;13.4315;15.8579
68;20.5025;22.9289
69;20.5025;22.9289
70;20.5025;32.9289
71;20.5025;32.9289
72;10.5025;32.9289
73;10.5025;32.9289
74;10.5025;32.9289
75;10.5025;32.9289
76;10.5025;32.9289
77;10.5025;32.9289
78;10.5025;32.9289
79;17.5736;40
80;17.5736;40
81;17.5736;50
82;17.5736;50
83;17.5736;50
84;17.5736;50
85;10.5025;57.0711
86;10.5025;57.0711
87;10.5025;57.0711
88;10.5025;67.0711
89;10.5025;77.0711
90;10.5025;77.0711
91;17.5736;84.1421
92;17.5736;84.1421
93;17.5736;94.1421
94;17.5736;104.142
95;17.5736;104.142
96;17.5736;104.142
97;24.6447;111.213
98;24.6447;111.213
99;24.6447;111.213
100;34.6447;111.213
101;44.6447;111.213
102;44.6447;111.213
103;51.7157;104.142
104;51.7157;104.142
105;61.7157;104.142
106;61.7157;104.142
107;61.7157;104.142
108;61.7157;104.142
109;68.7868;111.213
110;68.7868;111.213
111;68.7868;111.213
112;78.7868;111.213
113;88.7868;111.213
114;88.7868;111.213
115;95.8579;104.142
116;95.8579;104.142
117;105.858;104.142
118;105.858;104.142
119;105.858;104.142
120;105.858;104.142
121;112.929;111.213
122;112.929;111.213
123;112.929;111.213
124;122.929;111.213
125;132.929;111.213
126;132.929;111.213
127;140;104.142
128;140;104.142
129;150;104.142
130;150;104.142
131;150;104.142
132;150;104.142
133;157.071;111.213
134;157.071;111.213
135;157.071;111.213
136;167.071;111.213
137;177.071;111.213
138;177.071;111.213
139;184.142;104.142
140;191.213;97.0711
141;191.213;97.0711
142;191.213;97.0711
143;184.142;90
144;184.142;90
145;184.142;80
146;184.142;80
147;184.142;80
148;184.142;80
149;191.213;72.9289
150;191.213;72.9289
151;191.213;72.9289
152;191.213;62.9289
153;191.213;52.9289
154;191.213;52.9289
155;184.142;45.8579
156;184.142;45.8579
157;184.142;35.8579
158;184.142;25.8579
159;184.142;15.8579
160;184.142;15.8579
161;184.142;15.8579
162;177.071;8.7868
163;177.071;8.7868
164;177.071;8.7868
165;167.071;8.7868
166;157.071;8.7868
167;157.071;8.7868
168;150;15.8579
169;150;15.8579
170;140;15.8579
171;140;15.8579
172;140;15.8579
173;140;15.8579
174;132.929;8.7868
175;132.929;8.7868
176;132.929;8.7868
177;122.929;8.7868
178;112.929;8.7868
179;112.929;8.7868
180;105.858;15.8579
181;105.858;15.8579
182;95.8579;15.8579
183;95.8579;15.8579
184;95.8579;15.8579
185;95.8579;15.8579
186;88.7868;8.7868
187;88.7868;8.7868
188;88.7868;8.7868
189;78.7868;8.7868
190;68.7868;8.7868
191;68.7868;8.7868
192;61.7157;15.8579
193;61.7157;15.8579
194;51.7157;15.8579
195;51.7157;15.8579
196;51.7157;15.8579
197;51.7157;15.8579
198;44.6447;8.7868
199;44.6447;8.7868
200;44.6447;8.7868
201;34.6447;8.7868
202;24.6447;8.7868
203;24.6447;8.7868
204;17.5736;15.8579
205;10.5025;22.9289
206;10.5025;22.9289
207;10.5025;22.9289
208;17.5736;30
209;17.5736;30
210;17.5736;40
211;17.5736;40
212;17.5736;40
213;17.5736;40
214;10.5025;47.0711
215;10.5025;47.0711
216;10.5025;47.0711
217;10.5025;57.0711
218;10.5025;67.0711
219;10.5025;67.0711
220;17.5736;74.1421
221;17.5736;74.1421
222;17.5736;84.1421
223;17.5736;94.1421
224;17.5736;104.142
225;17.5736;104.142
226;17.5736;104.142
227;24.6447;111.213
228;24.6447;111.213
229;24.6447;111.213
230;34.6447;111.213
231;44.6447;111.213
232;44.6447;111.213
233;51.7157;104.142
234;51.7157;104.142
235;61.7157;104.142
236;61.7157;104.142
237;61.7157;104.142
238;61.7157;104.142
239;68.7868;111.213
240;68.7868;111.213
241;68.7868;111.213
242;78.7868;111.213
243;88.7868;111.213
244;88.7868;111.213
245;95.8579;104.142
246;95.8579;104.142
247;105.858;104.142
248;105.858;104.142
249;105.858;104.142
250;105.858;104.142
251;112.929;111.213
252;112.929;111.213
253;112.929;111.213
254;122.929;111.213
255;132.929;111.213
256;132.929;111.213
257;140;104.142
258;140;104.142
259;150;104.142
260;150;104.142
261;150;104.142
262;150;104.142
263;157.071;111.213
264;157.071;111.213
265;157.071;111.213
266;167.071;111.213
267;177.071;111.213
268;177.071;111.213
269;184.142;104.142
270;191.213;97.0711
271;191.213;97.0711
272;191.213;97.0711
273;184.142;90
274;184.142;90
275;184.142;80
276;184.142;80
277;184.142;80
278;184.142;80
279;191.213;72.9289
280;191.213;72.9289
281;191.213;72.9289
282;191.213;62.9289
283;191.213;52.9289
284;191.213;52.9289
285;184.142;45.8579
286;184.142;45.8579
287;184.142;35.8579
288;184.142;25.8579
289;184.142;15.8579
290;184.142;15.8579
291;184.142;15.8579
292;177.071;8.7868
293;177.071;8.7868
294;177.071;8.7868
295;167.071;8.7868
296;157.071;8.7868
297;157.071;8.7868
298;150;15.8579
299;150;15.8579
300;140;15.8579
