Passo;Reservat rio (Ativa  es);Sa da (Ativa  es)
0;0.532423,-0.280137,0.209926,-0.487665,0.470242,-0.287989,-0.116622,0.136442,0.189679,-0.0996148,-0.1952,0.148363,0.454545,-0.334371,-0.365786,0.306341,0.0978224,-0.46358,0.130499,-0.307909,-0.268185,-0.269821,0.235869,-0.528476,0.157952;-3.87612,-5.96184,2.8095,-0.411075
1;0.508227,-0.446191,-0.0240311,-0.0254755,0.540815,-0.29627,0.0189168,-0.152902,0.170226,-0.329979,-0.1952,0.087363,0.583258,-0.264269,0.124976,0.512667,0.590092,-0.471048,-0.0657325,-0.452665,-0.376056,-0.332329,0.410259,-0.673201,-0.33516;2.24933,2.15358,0.733016,7.15355
2;0.532832,-0.263378,0.0256742,-0.085245,0.671455,-0.315249,-0.431541,-0.422897,0.158631,-0.479521,-0.1952,0.0491775,0.48908,-0.493888,0.0581619,0.173036,0.430609,-0.497264,-0.192435,-0.505264,-0.435704,-0.196993,0.410259,-0.636712,-0.393068;-0.447111,1.47503,-2.83098,4.67704
3;0.508546,0.151192,0.108546,-0.0864951,0.858922,-0.23535,-0.272482,-0.625632,-0.31256,-0.0486045,0.20086,-0.19731,0.427059,-0.410277,0.361029,0.131608,0.606622,-0.307631,0.586774,-0.207394,-0.591166,0.18829,-0.130153,-0.85264,-0.598277;-0.0731,-0.634986,-5.90991,3.931
4;0.552395,-0.385182,0.1667,-0.566908,0.781017,-0.19803,-0.385158,-0.689694,-0.285471,0.468216,0.20086,-0.187712,0.417195,-0.749861,0.24298,-0.108074,0.0912177,-0.415451,0.17475,-0.299422,-0.462946,0.284665,-0.483559,-0.929231,-0.525743;-6.99788,-5.10267,1.8092,2.43064
5;0.0956481,-0.333823,0.560781,-0.430219,0.615319,-0.767634,0.476906,-0.836684,-0.138973,0.874547,-0.273044,0.118613,0.906894,-0.93192,-0.0599095,-0.0986345,-0.358377,-0.724175,0.84634,-0.664839,-0.332345,0.348635,0.316794,-0.904275,-0.338141;-0.262928,-1.43444,9.94088,2.57183
6;0.656776,-0.943731,-0.25672,0.438571,0.545685,-0.258405,0.11145,-0.300198,0.139138,0.155137,-0.296968,0.0126457,0.81298,-0.809867,0.52744,0.701295,-0.0157683,-0.399198,0.10735,-0.686039,-0.43895,0.187622,0.640827,-0.533139,-0.798965;12.9588,9.9276,2.32323,16.1225
7;0.667554,-0.637549,-0.17424,-0.452524,0.678578,-0.318326,-0.574259,-0.76884,0.095979,-0.175403,-0.296968,-0.149374,0.750846,-0.813337,0.175607,0.339086,0.109175,-0.425494,-0.0564795,-0.72014,-0.625135,-0.0803665,0.654734,-0.0640039,-0.638174;1.31274,5.54933,-0.446723,6.49177
8;0.658343,-0.452483,-0.176625,0.333132,0.640266,-0.345059,0.0894528,-0.727188,0.117701,-0.189246,-0.296968,-0.0745301,0.785916,-0.751065,0.212409,0.561005,0.116293,-0.491058,0.530283,-0.772229,-0.538209,0.15443,0.654734,-0.636636,-0.640802;10.2073,8.70433,-1.5411,10.0839
9;0.540283,-0.366633,-0.309097,0.14048,0.772541,-0.303683,-0.698936,-0.639319,0.158191,-0.649297,-0.1952,0.0445932,0.436507,-0.782829,0.531238,0.0921665,0.392845,-0.553803,-0.380864,-0.577714,-0.437894,0.0896217,0.491367,-0.53256,-0.5285;2.97739,5.97612,-4.59414,8.49002
10;0.541553,0.203295,-0.329327,0.220726,0.713841,-0.341142,-0.649835,-0.535848,0.164192,-0.541216,-0.1952,0.135906,0.491913,-0.495171,0.537848,-0.152391,0.0732064,-0.534225,0.417473,-0.533844,-0.407558,0.0455415,0.410259,-0.627354,-0.267007;4.3512,2.94475,-8.79955,5.15039
11;0.528152,0.0939698,-0.137201,-0.230703,0.655355,-0.332433,-0.669662,-0.407194,0.203704,-0.479521,-0.1952,0.18225,0.539221,-0.606255,0.312318,-0.157665,-0.440156,-0.501691,0.264121,-0.519969,-0.18526,-0.00658093,0.410259,-0.431341,-0.320955;-2.58719,-0.00200124,-7.14649,2.72543
12;0.531859,-0.071283,-0.213514,-0.12251,0.66815,-0.327437,-0.334362,-0.427491,0.196171,-0.479521,-0.1952,0.182181,0.515716,-0.581343,0.407001,0.0229418,-0.212634,-0.481427,0.346895,-0.40994,-0.230265,-0.0713067,0.410259,-0.731777,-0.365136;-1.064,1.7497,-4.25513,5.54882
13;0.534881,-0.0223044,-0.19659,-0.23285,0.678342,-0.327437,-0.428224,-0.452446,0.184742,-0.479521,-0.1952,0.147545,0.508258,-0.624963,0.383102,-0.0532288,-0.128935,-0.482868,-0.0126521,-0.433368,-0.296413,-0.0611209,0.410259,-0.701424,-0.340928;-4.37378,1.28434,-4.15577,4.85634
14;0.533227,-0.0253089,-0.22614,-0.038673,0.672789,-0.327437,-0.346431,-0.441858,0.188135,-0.479521,-0.1952,0.162485,0.515808,-0.507564,0.42144,-0.0343487,-0.148943,-0.494381,0.0671495,-0.466761,-0.27707,-0.0485808,0.410259,-0.740776,-0.337385;-1.60817,2.39832,-5.07271,5.40486
15;0.65264,-0.128878,0.038333,-0.167433,0.498615,-0.369172,-0.285574,-0.559194,0.16078,0.0600924,-0.296968,-0.00351653,0.818308,-0.645524,-0.0988184,0.420371,-0.598178,-0.391625,0.270285,-0.667064,-0.325841,-0.00913747,0.59256,-0.188976,-0.509345;1.46246,3.81795,-5.14434,3.85919
16;0.654047,-0.672061,-0.0594168,0.214788,0.607066,-0.326067,-0.054491,-0.68019,0.153531,-0.126851,-0.296968,-0.0923293,0.782272,-0.764883,0.0675319,0.693967,-0.177262,-0.425134,0.242488,-0.683853,-0.365081,0.0499634,0.654734,-0.375568,-0.693729;8.82363,8.56983,-1.52925,8.96225
17;0.638912,-0.320299,0.101651,-0.158439,0.843582,-0.249897,-0.26446,-0.826231,-0.363324,0.274907,0.0948891,-0.433773,0.729498,-0.779852,0.233927,0.556728,0.510275,-0.238276,0.538993,-0.444232,-0.720023,0.349671,0.213392,-0.52388,-0.811228;3.35607,4.05741,-2.29891,7.16153
18;0.496261,-0.20271,0.659233,-0.793197,0.531511,-0.136172,0.709321,-0.676225,-0.613309,0.318602,0.280595,-0.125186,0.923302,-0.960507,0.827913,-0.327306,-0.571453,-0.0701534,0.47105,-0.146058,-0.485112,0.226114,-0.264798,-0.830098,-0.820463;-10.5878,-4.74591,5.30945,8.56008
19;0.339254,-0.340506,0.733496,-0.939164,0.726233,-0.598155,0.873202,-0.851131,-0.471597,0.748084,0.173333,0.230103,0.952371,-0.984003,0.612437,-0.714247,-0.861439,-0.318882,0.187223,-0.459602,-0.293709,-0.0450082,-0.322662,-0.91095,-0.710346;-11.9073,-4.25901,11.5422,2.98057
20;0.702254,-0.965258,-0.290882,-0.141396,0.379765,-0.269099,0.472072,-0.621188,0.138667,0.672232,-0.296968,0.133935,0.782369,-0.791261,0.497618,0.30119,-0.493941,-0.375493,-0.693709,-0.672871,-0.441269,0.194638,0.302666,-0.927837,-0.764141;-1.28744,7.23238,7.56335,14.1371
21;0.658444,-0.700203,0.083104,-0.222219,0.851938,-0.180672,0.214011,-0.850132,-0.381447,0.568068,0.0948891,-0.368965,0.687889,-0.562107,0.230373,0.272234,0.470003,-0.120314,0.0547647,-0.482112,-0.775453,0.323301,0.213392,-0.804476,-0.790669;1.13657,5.10725,3.79589,8.04857
22;0.779995,-0.573999,0.602763,-0.575701,0.798667,0.144704,0.394346,-0.815977,-0.645805,0.521445,0.500839,-0.298341,0.899655,-0.901313,0.491657,0.163275,0.207231,0.136983,0.0342209,-0.39581,-0.742256,0.04855,-0.640262,-0.712568,-0.831824;-5.29807,-4.36818,4.09433,5.72416
23;0.709471,-0.687641,0.622964,-0.763619,0.849552,-0.393325,0.411913,-0.94658,-0.511946,0.922181,0.41132,-0.0997824,0.944365,-0.965385,0.117369,-0.145006,-0.163072,-0.248203,0.143783,-0.714389,-0.619843,-0.16658,-0.778907,-0.815605,-0.701422;-6.64697,-4.67139,9.89528,-0.0800811
24;0.61709,-0.971491,-0.439441,0.377073,0.434872,-0.209415,0.0187791,-0.682302,0.141694,0.605662,-0.1952,0.18428,0.467111,-0.728417,0.686752,0.162996,0.616992,-0.581069,-0.773986,-0.611125,-0.51596,0.197804,-0.169949,-0.976614,-0.629038;8.77292,5.80415,6.72665,14.1177
25;0.582788,-0.640757,-0.294499,0.310424,0.734024,-0.236748,-0.644833,-0.61636,0.121677,0.0748984,-0.1952,0.122474,0.393105,-0.391948,0.456407,-0.277119,0.485272,-0.455918,-0.110977,-0.568251,-0.599884,0.0671371,0.410259,-0.69331,-0.23967;10.078,4.34943,-0.504311,7.63221
26;0.526265,-0.339614,-0.064777,0.0722971,0.648724,-0.281735,-0.720095,-0.417916,0.14499,-0.479521,-0.1952,0.206699,0.549022,-0.41983,0.157929,-0.0967507,0.386532,-0.507812,0.301372,-0.603146,-0.501002,0.0339874,0.410259,-0.339279,-0.212857;7.15901,0.465184,-4.04036,3.40033
27;0.0792456,0.136218,0.16231,-0.272144,0.245325,-0.534241,-0.10357,-0.0650305,0.191821,-0.647275,-0.429951,0.389057,0.635816,-0.680791,0.531041,-0.342043,-0.14452,-0.603118,0.419275,-0.379095,-0.15738,0.126839,0.727445,-0.71171,-0.274412;-3.59224,-1.99584,0.078031,9.70934
28;0.0608958,0.237349,-0.0213071,-0.718411,0.438784,-0.545047,0.456845,0.221209,0.224487,-0.799484,-0.429951,0.427003,0.552565,-0.715194,0.761801,-0.550494,-0.727538,-0.513754,0.29766,-0.179459,0.0460319,-0.0503013,0.820525,-0.817075,-0.406706;-13.2672,-1.2997,3.29822,9.2477
29;0.0276099,0.643899,0.197787,-0.944746,0.752176,-0.481574,0.759289,-0.0737886,-0.255089,-0.616475,-0.0584031,0.174457,0.491288,-0.683199,0.804508,-0.714644,-0.698831,-0.308751,0.118997,0.319462,-0.198938,0.0593864,0.531049,-0.96765,-0.597422;-21.8385,-1.53851,0.966239,4.77626
30;0.372847,0.0611379,-0.139263,-0.85249,0.813445,-0.737421,0.693508,-0.291643,-0.40396,-0.481057,-0.109495,0.287848,0.763955,-0.721848,0.703129,-0.545427,-0.873519,-0.16138,-0.185465,-0.225885,-0.0098504,0.412091,0.556796,-0.99451,-0.301823;-19.9949,2.88407,4.99078,4.35414
31;0.437643,0.535734,0.681865,-0.940158,0.497872,-0.202876,0.91477,-0.292,-0.595944,-0.0234855,0.280595,0.0876618,0.942453,-0.817072,0.882583,-0.600749,-0.89627,0.215057,-0.381464,0.29366,-0.350054,-0.039345,-0.0664363,-0.85091,-0.877131;-23.2481,-4.31065,0.342151,6.7099
32;0.330557,-0.102362,0.777087,-0.964557,0.737338,-0.617751,0.906385,-0.849191,-0.429372,0.643632,0.173333,0.277657,0.949832,-0.966175,0.537081,-0.732848,-0.967547,-0.237061,-0.321284,-0.389566,0.0151515,-0.234271,-0.322662,-0.928287,-0.729609;-17.1626,-3.92259,9.60113,1.04643
33;0.703186,-0.960486,-0.279267,0.0707768,0.386699,-0.277882,0.484567,-0.624795,0.155388,0.672232,-0.296968,0.137536,0.781242,-0.691794,0.490208,0.355708,-0.628797,-0.360681,-0.763151,-0.551408,-0.355151,0.193697,0.302666,-0.933306,-0.769212;0.473584,8.56715,5.77752,13.8843
34;0.658718,-0.702513,0.152634,-0.196091,0.852524,-0.180672,0.0140448,-0.851217,-0.381155,0.568068,0.0948891,-0.378232,0.688064,-0.542434,0.134771,0.277656,0.463886,-0.119904,0.0248073,-0.43917,-0.774633,0.324928,0.213392,-0.724319,-0.791989;1.55422,4.56301,2.32933,7.08585
35;0.780045,-0.594752,0.611572,-0.508264,0.798868,0.144704,0.373151,-0.816325,-0.645902,0.521445,0.500839,-0.299311,0.899608,-0.899215,0.476011,0.236804,0.27974,0.133314,0.235492,-0.395372,-0.742702,0.0490955,-0.640262,-0.700887,-0.834078;-2.87222,-4.33428,3.89269,6.00915
36;0.709578,-0.689718,0.623873,-0.790933,0.849816,-0.393325,0.358054,-0.946734,-0.513044,0.922181,0.41132,-0.114181,0.944296,-0.971148,0.115223,-0.132706,-0.131874,-0.248589,0.17268,-0.714527,-0.625311,-0.166409,-0.778907,-0.794049,-0.702004;-6.66414,-4.91959,9.80556,-0.0997532
37;0.617124,-0.971512,-0.442733,0.368444,0.435071,-0.209415,0.0441385,-0.682543,0.141548,0.605662,-0.1952,0.181926,0.467027,-0.73574,0.68992,0.164662,0.6196,-0.58484,-0.75052,-0.61329,-0.516615,0.197878,-0.169949,-0.977792,-0.629104;8.817,5.8035,6.96531,14.1434
38;0.582792,-0.639849,-0.299234,0.301872,0.734036,-0.236748,-0.64017,-0.616401,0.121676,0.0748984,-0.1952,0.122151,0.393134,-0.401227,0.462409,-0.279465,0.483437,-0.456675,-0.131765,-0.568532,-0.59989,0.0672579,0.410259,-0.697519,-0.239382;9.81468,4.3648,-0.402037,7.67648
39;0.526245,-0.337736,-0.071327,0.0766359,0.648654,-0.281735,-0.716223,-0.417768,0.145054,-0.479521,-0.1952,0.207144,0.549086,-0.411952,0.167307,-0.101516,0.381787,-0.507907,0.296934,-0.603148,-0.500709,0.0340084,0.410259,-0.346134,-0.212445;7.12492,0.527107,-4.08199,3.45891
40;0.0792065,0.139082,0.167745,-0.277902,0.245162,-0.534241,-0.107539,-0.0647541,0.191951,-0.647275,-0.429951,0.389857,0.63588,-0.679521,0.525142,-0.348664,-0.153479,-0.603,0.41481,-0.378937,-0.156592,0.126765,0.727445,-0.709516,-0.273803;-3.7271,-2.06783,0.0387751,9.61631
41;0.0608377,0.234993,-0.0204062,-0.715194,0.438576,-0.545047,0.461186,0.221606,0.224682,-0.799484,-0.429951,0.428074,0.552664,-0.713934,0.761244,-0.547186,-0.726668,-0.513504,0.300986,-0.178976,0.0472616,-0.0504403,0.820525,-0.818685,-0.40712;-13.1999,-1.28302,3.31654,9.26763
42;0.0276494,0.643624,0.198646,-0.944909,0.752251,-0.481574,0.758071,-0.0740089,-0.255248,-0.616475,-0.0584031,0.173818,0.491148,-0.684062,0.804043,-0.714424,-0.697535,-0.308342,0.114999,0.320161,-0.199911,0.0591868,0.531049,-0.967481,-0.597499;-21.8578,-1.53893,0.967265,4.7777
43;0.372853,0.060838,-0.139862,-0.851949,0.813456,-0.737421,0.69356,-0.291714,-0.403977,-0.481057,-0.109495,0.28781,0.763954,-0.721059,0.703585,-0.545167,-0.873347,-0.161636,-0.184661,-0.22647,-0.00996852,0.412183,0.556796,-0.994513,-0.301756;-19.9809,2.89005,4.98696,4.35826
44;0.437638,0.535928,0.682164,-0.940211,0.497851,-0.202876,0.914686,-0.291965,-0.595958,-0.0234855,0.280595,0.0876113,0.942455,-0.817178,0.882402,-0.600983,-0.896282,0.215041,-0.38128,0.293592,-0.350167,-0.039309,-0.0664363,-0.850753,-0.877122;-23.2475,-4.31365,0.34158,6.70793
45;0.330556,-0.102497,0.777057,-0.964553,0.737337,-0.617751,0.906396,-0.849189,-0.42936,0.643632,0.173333,0.2777,0.949831,-0.966181,0.53716,-0.732781,-0.967549,-0.237076,-0.321193,-0.389627,0.0152348,-0.234288,-0.322662,-0.928293,-0.729616;-17.1612,-3.92234,9.60209,1.04757
46;0.703187,-0.960485,-0.27927,0.0706807,0.386702,-0.277882,0.484565,-0.624798,0.155379,0.672232,-0.296968,0.137523,0.781241,-0.691814,0.490212,0.355652,-0.628763,-0.360666,-0.763138,-0.551371,-0.355202,0.193696,0.302666,-0.933307,-0.76921;0.472465,8.56664,5.77828,13.8841
47;0.658718,-0.702512,0.15262,-0.196108,0.852523,-0.180672,0.014133,-0.851217,-0.381154,0.568068,0.0948891,-0.378223,0.688064,-0.542438,0.134792,0.277653,0.463887,-0.119909,0.0247952,-0.439196,-0.774633,0.32493,0.213392,-0.724361,-0.791989;1.55374,4.56312,2.32995,7.08612
48;0.780045,-0.594748,0.61157,-0.508271,0.798868,0.144704,0.373166,-0.816325,-0.645902,0.521445,0.500839,-0.29931,0.899608,-0.899213,0.476015,0.236788,0.279724,0.133318,0.235409,-0.395372,-0.742702,0.0490953,-0.640262,-0.700896,-0.834078;-2.87289,-4.33418,3.89274,6.00911
49;0.709578,-0.689717,0.623874,-0.790922,0.849816,-0.393325,0.35806,-0.946734,-0.513044,0.922181,0.41132,-0.114178,0.944296,-0.971146,0.115222,-0.132709,-0.13188,-0.248589,0.172661,-0.714527,-0.62531,-0.166409,-0.778907,-0.794051,-0.702004;-6.66413,-4.91951,9.80551,-0.0997649
50;0.617124,-0.971512,-0.442732,0.368452,0.435071,-0.209415,0.0441283,-0.682543,0.141548,0.605662,-0.1952,0.181927,0.467027,-0.735735,0.689919,0.164663,0.6196,-0.584839,-0.750523,-0.613289,-0.516615,0.197878,-0.169949,-0.977791,-0.629104;8.81709,5.80351,6.96519,14.1434
51;0.582792,-0.639849,-0.299232,0.301873,0.734036,-0.236748,-0.640174,-0.616401,0.121676,0.0748984,-0.1952,0.12215,0.393134,-0.401226,0.462405,-0.279465,0.483437,-0.456675,-0.131756,-0.568532,-0.59989,0.0672578,0.410259,-0.697515,-0.239383;9.81477,4.36478,-0.402071,7.67645
52;0.526245,-0.337737,-0.0713263,0.0766349,0.648654,-0.281735,-0.716223,-0.417768,0.145054,-0.479521,-0.1952,0.207144,0.549086,-0.411955,0.167306,-0.101513,0.38179,-0.507908,0.296939,-0.603148,-0.500709,0.0340084,0.410259,-0.346133,-0.212445;7.12495,0.527095,-4.08196,3.45892
53;0.0792065,0.139082,0.167743,-0.277902,0.245162,-0.534241,-0.107538,-0.0647542,0.191951,-0.647275,-0.429951,0.389856,0.63588,-0.679522,0.525144,-0.348663,-0.153477,-0.603,0.414811,-0.378937,-0.156592,0.126765,0.727445,-0.709517,-0.273803;-3.7271,-2.06781,0.0387966,9.61634
54;0.0608377,0.234994,-0.020407,-0.715195,0.438576,-0.545047,0.461187,0.221606,0.224682,-0.799484,-0.429951,0.428073,0.552664,-0.713934,0.761245,-0.547188,-0.726669,-0.513505,0.300985,-0.178977,0.0472615,-0.0504402,0.820525,-0.818685,-0.40712;-13.1999,-1.28302,3.31655,9.26763
55;0.0276494,0.643625,0.198646,-0.944909,0.752251,-0.481574,0.758072,-0.0740088,-0.255247,-0.616475,-0.0584031,0.173818,0.491148,-0.684061,0.804043,-0.714424,-0.697536,-0.308342,0.114998,0.320161,-0.199911,0.0591868,0.531049,-0.967481,-0.597499;-21.8578,-1.53893,0.967264,4.7777
56;0.372853,0.060838,-0.139862,-0.851949,0.813456,-0.737421,0.69356,-0.291714,-0.403977,-0.481057,-0.109495,0.28781,0.763954,-0.721059,0.703584,-0.545167,-0.873347,-0.161636,-0.184661,-0.22647,-0.00996843,0.412183,0.556796,-0.994513,-0.301756;-19.9809,2.89005,4.98696,4.35826
57;0.437638,0.535928,0.682164,-0.940211,0.497851,-0.202876,0.914686,-0.291965,-0.595958,-0.0234855,0.280595,0.0876114,0.942455,-0.817178,0.882402,-0.600983,-0.896282,0.215041,-0.38128,0.293592,-0.350167,-0.039309,-0.0664363,-0.850753,-0.877122;-23.2475,-4.31365,0.34158,6.70793
58;0.330556,-0.102497,0.777057,-0.964553,0.737337,-0.617751,0.906396,-0.849189,-0.42936,0.643632,0.173333,0.2777,0.949831,-0.966181,0.53716,-0.732781,-0.967549,-0.237076,-0.321193,-0.389627,0.0152348,-0.234288,-0.322662,-0.928293,-0.729616;-17.1612,-3.92234,9.60209,1.04757
59;0.703187,-0.960485,-0.27927,0.0706808,0.386702,-0.277882,0.484565,-0.624798,0.155379,0.672232,-0.296968,0.137523,0.781241,-0.691814,0.490212,0.355652,-0.628763,-0.360666,-0.763138,-0.551371,-0.355202,0.193696,0.302666,-0.933307,-0.76921;0.472466,8.56664,5.77828,13.8841
60;0.658718,-0.702512,0.15262,-0.196108,0.852523,-0.180672,0.0141329,-0.851217,-0.381154,0.568068,0.0948891,-0.378223,0.688064,-0.542438,0.134792,0.277653,0.463887,-0.119909,0.0247952,-0.439196,-0.774633,0.32493,0.213392,-0.724361,-0.791989;1.55374,4.56312,2.32995,7.08612
61;0.780045,-0.594748,0.61157,-0.508271,0.798868,0.144704,0.373166,-0.816325,-0.645902,0.521445,0.500839,-0.29931,0.899608,-0.899213,0.476015,0.236788,0.279724,0.133318,0.235409,-0.395372,-0.742702,0.0490953,-0.640262,-0.700896,-0.834078;-2.87289,-4.33418,3.89274,6.00911
62;0.709578,-0.689717,0.623874,-0.790922,0.849816,-0.393325,0.35806,-0.946734,-0.513044,0.922181,0.41132,-0.114178,0.944296,-0.971146,0.115222,-0.132709,-0.13188,-0.248589,0.172661,-0.714527,-0.62531,-0.166409,-0.778907,-0.794051,-0.702004;-6.66413,-4.91951,9.80551,-0.0997649
63;0.617124,-0.971512,-0.442732,0.368452,0.435071,-0.209415,0.0441283,-0.682543,0.141548,0.605662,-0.1952,0.181927,0.467027,-0.735735,0.689919,0.164663,0.6196,-0.584839,-0.750523,-0.613289,-0.516615,0.197878,-0.169949,-0.977791,-0.629104;8.81709,5.80351,6.96519,14.1434
64;0.582792,-0.639849,-0.299232,0.301873,0.734036,-0.236748,-0.640174,-0.616401,0.121676,0.0748984,-0.1952,0.12215,0.393134,-0.401226,0.462405,-0.279465,0.483437,-0.456675,-0.131756,-0.568532,-0.59989,0.0672578,0.410259,-0.697515,-0.239383;9.81477,4.36478,-0.402071,7.67645
65;0.526245,-0.337737,-0.0713263,0.0766349,0.648654,-0.281735,-0.716223,-0.417768,0.145054,-0.479521,-0.1952,0.207144,0.549086,-0.411955,0.167306,-0.101513,0.38179,-0.507908,0.296939,-0.603148,-0.500709,0.0340084,0.410259,-0.346133,-0.212445;7.12495,0.527095,-4.08196,3.45892
66;0.0792065,0.139082,0.167743,-0.277902,0.245162,-0.534241,-0.107538,-0.0647542,0.191951,-0.647275,-0.429951,0.389856,0.63588,-0.679522,0.525144,-0.348663,-0.153477,-0.603,0.414811,-0.378937,-0.156592,0.126765,0.727445,-0.709517,-0.273803;-3.7271,-2.06781,0.0387966,9.61634
67;0.0608377,0.234994,-0.020407,-0.715195,0.438576,-0.545047,0.461187,0.221606,0.224682,-0.799484,-0.429951,0.428073,0.552664,-0.713934,0.761245,-0.547188,-0.726669,-0.513505,0.300985,-0.178977,0.0472615,-0.0504402,0.820525,-0.818685,-0.40712;-13.1999,-1.28302,3.31655,9.26763
68;0.0276494,0.643625,0.198646,-0.944909,0.752251,-0.481574,0.758072,-0.0740088,-0.255247,-0.616475,-0.0584031,0.173818,0.491148,-0.684061,0.804043,-0.714424,-0.697536,-0.308342,0.114998,0.320161,-0.199911,0.0591868,0.531049,-0.967481,-0.597499;-21.8578,-1.53893,0.967264,4.7777
69;0.372853,0.060838,-0.139862,-0.851949,0.813456,-0.737421,0.69356,-0.291714,-0.403977,-0.481057,-0.109495,0.28781,0.763954,-0.721059,0.703584,-0.545167,-0.873347,-0.161636,-0.184661,-0.22647,-0.00996843,0.412183,0.556796,-0.994513,-0.301756;-19.9809,2.89005,4.98696,4.35826
70;0.437638,0.535928,0.682164,-0.940211,0.497851,-0.202876,0.914686,-0.291965,-0.595958,-0.0234855,0.280595,0.0876114,0.942455,-0.817178,0.882402,-0.600983,-0.896282,0.215041,-0.38128,0.293592,-0.350167,-0.039309,-0.0664363,-0.850753,-0.877122;-23.2475,-4.31365,0.34158,6.70793
71;0.330556,-0.102497,0.777057,-0.964553,0.737337,-0.617751,0.906396,-0.849189,-0.42936,0.643632,0.173333,0.2777,0.949831,-0.966181,0.53716,-0.732781,-0.967549,-0.237076,-0.321193,-0.389627,0.0152348,-0.234288,-0.322662,-0.928293,-0.729616;-17.1612,-3.92234,9.60209,1.04757
72;0.703187,-0.960485,-0.27927,0.0706808,0.386702,-0.277882,0.484565,-0.624798,0.155379,0.672232,-0.296968,0.137523,0.781241,-0.691814,0.490212,0.355652,-0.628763,-0.360666,-0.763138,-0.551371,-0.355202,0.193696,0.302666,-0.933307,-0.76921;0.472466,8.56664,5.77828,13.8841
73;0.658718,-0.702512,0.15262,-0.196108,0.852523,-0.180672,0.0141329,-0.851217,-0.381154,0.568068,0.0948891,-0.378223,0.688064,-0.542438,0.134792,0.277653,0.463887,-0.119909,0.0247952,-0.439196,-0.774633,0.32493,0.213392,-0.724361,-0.791989;1.55374,4.56312,2.32995,7.08612
74;0.780045,-0.594748,0.61157,-0.508271,0.798868,0.144704,0.373166,-0.816325,-0.645902,0.521445,0.500839,-0.29931,0.899608,-0.899213,0.476015,0.236788,0.279724,0.133318,0.235409,-0.395372,-0.742702,0.0490953,-0.640262,-0.700896,-0.834078;-2.87289,-4.33418,3.89274,6.00911
75;0.709578,-0.689717,0.623874,-0.790922,0.849816,-0.393325,0.35806,-0.946734,-0.513044,0.922181,0.41132,-0.114178,0.944296,-0.971146,0.115222,-0.132709,-0.13188,-0.248589,0.172661,-0.714527,-0.62531,-0.166409,-0.778907,-0.794051,-0.702004;-6.66413,-4.91951,9.80551,-0.0997649
76;0.617124,-0.971512,-0.442732,0.368452,0.435071,-0.209415,0.0441283,-0.682543,0.141548,0.605662,-0.1952,0.181927,0.467027,-0.735735,0.689919,0.164663,0.6196,-0.584839,-0.750523,-0.613289,-0.516615,0.197878,-0.169949,-0.977791,-0.629104;8.81709,5.80351,6.96519,14.1434
77;0.582792,-0.639849,-0.299232,0.301873,0.734036,-0.236748,-0.640174,-0.616401,0.121676,0.0748984,-0.1952,0.12215,0.393134,-0.401226,0.462405,-0.279465,0.483437,-0.456675,-0.131756,-0.568532,-0.59989,0.0672578,0.410259,-0.697515,-0.239383;9.81477,4.36478,-0.402071,7.67645
78;0.526245,-0.337737,-0.0713263,0.0766349,0.648654,-0.281735,-0.716223,-0.417768,0.145054,-0.479521,-0.1952,0.207144,0.549086,-0.411955,0.167306,-0.101513,0.38179,-0.507908,0.296939,-0.603148,-0.500709,0.0340084,0.410259,-0.346133,-0.212445;7.12495,0.527095,-4.08196,3.45892
79;0.0792065,0.139082,0.167743,-0.277902,0.245162,-0.534241,-0.107538,-0.0647542,0.191951,-0.647275,-0.429951,0.389856,0.63588,-0.679522,0.525144,-0.348663,-0.153477,-0.603,0.414811,-0.378937,-0.156592,0.126765,0.727445,-0.709517,-0.273803;-3.7271,-2.06781,0.0387966,9.61634
80;0.0608377,0.234994,-0.020407,-0.715195,0.438576,-0.545047,0.461187,0.221606,0.224682,-0.799484,-0.429951,0.428073,0.552664,-0.713934,0.761245,-0.547188,-0.726669,-0.513505,0.300985,-0.178977,0.0472615,-0.0504402,0.820525,-0.818685,-0.40712;-13.1999,-1.28302,3.31655,9.26763
81;0.0276494,0.643625,0.198646,-0.944909,0.752251,-0.481574,0.758072,-0.0740088,-0.255247,-0.616475,-0.0584031,0.173818,0.491148,-0.684061,0.804043,-0.714424,-0.697536,-0.308342,0.114998,0.320161,-0.199911,0.0591868,0.531049,-0.967481,-0.597499;-21.8578,-1.53893,0.967264,4.7777
82;0.372853,0.060838,-0.139862,-0.851949,0.813456,-0.737421,0.69356,-0.291714,-0.403977,-0.481057,-0.109495,0.28781,0.763954,-0.721059,0.703584,-0.545167,-0.873347,-0.161636,-0.184661,-0.22647,-0.00996843,0.412183,0.556796,-0.994513,-0.301756;-19.9809,2.89005,4.98696,4.35826
83;0.437638,0.535928,0.682164,-0.940211,0.497851,-0.202876,0.914686,-0.291965,-0.595958,-0.0234855,0.280595,0.0876114,0.942455,-0.817178,0.882402,-0.600983,-0.896282,0.215041,-0.38128,0.293592,-0.350167,-0.039309,-0.0664363,-0.850753,-0.877122;-23.2475,-4.31365,0.34158,6.70793
84;0.330556,-0.102497,0.777057,-0.964553,0.737337,-0.617751,0.906396,-0.849189,-0.42936,0.643632,0.173333,0.2777,0.949831,-0.966181,0.53716,-0.732781,-0.967549,-0.237076,-0.321193,-0.389627,0.0152348,-0.234288,-0.322662,-0.928293,-0.729616;-17.1612,-3.92234,9.60209,1.04757
85;0.703187,-0.960485,-0.27927,0.0706808,0.386702,-0.277882,0.484565,-0.624798,0.155379,0.672232,-0.296968,0.137523,0.781241,-0.691814,0.490212,0.355652,-0.628763,-0.360666,-0.763138,-0.551371,-0.355202,0.193696,0.302666,-0.933307,-0.76921;0.472466,8.56664,5.77828,13.8841
86;0.658718,-0.702512,0.15262,-0.196108,0.852523,-0.180672,0.0141329,-0.851217,-0.381154,0.568068,0.0948891,-0.378223,0.688064,-0.542438,0.134792,0.277653,0.463887,-0.119909,0.0247952,-0.439196,-0.774633,0.32493,0.213392,-0.724361,-0.791989;1.55374,4.56312,2.32995,7.08612
87;0.780045,-0.594748,0.61157,-0.508271,0.798868,0.144704,0.373166,-0.816325,-0.645902,0.521445,0.500839,-0.29931,0.899608,-0.899213,0.476015,0.236788,0.279724,0.133318,0.235409,-0.395372,-0.742702,0.0490953,-0.640262,-0.700896,-0.834078;-2.87289,-4.33418,3.89274,6.00911
88;0.709578,-0.689717,0.623874,-0.790922,0.849816,-0.393325,0.35806,-0.946734,-0.513044,0.922181,0.41132,-0.114178,0.944296,-0.971146,0.115222,-0.132709,-0.13188,-0.248589,0.172661,-0.714527,-0.62531,-0.166409,-0.778907,-0.794051,-0.702004;-6.66413,-4.91951,9.80551,-0.0997649
89;0.617124,-0.971512,-0.442732,0.368452,0.435071,-0.209415,0.0441283,-0.682543,0.141548,0.605662,-0.1952,0.181927,0.467027,-0.735735,0.689919,0.164663,0.6196,-0.584839,-0.750523,-0.613289,-0.516615,0.197878,-0.169949,-0.977791,-0.629104;8.81709,5.80351,6.96519,14.1434
90;0.582792,-0.639849,-0.299232,0.301873,0.734036,-0.236748,-0.640174,-0.616401,0.121676,0.0748984,-0.1952,0.12215,0.393134,-0.401226,0.462405,-0.279465,0.483437,-0.456675,-0.131756,-0.568532,-0.59989,0.0672578,0.410259,-0.697515,-0.239383;9.81477,4.36478,-0.402071,7.67645
91;0.526245,-0.337737,-0.0713263,0.0766349,0.648654,-0.281735,-0.716223,-0.417768,0.145054,-0.479521,-0.1952,0.207144,0.549086,-0.411955,0.167306,-0.101513,0.38179,-0.507908,0.296939,-0.603148,-0.500709,0.0340084,0.410259,-0.346133,-0.212445;7.12495,0.527095,-4.08196,3.45892
92;0.0792065,0.139082,0.167743,-0.277902,0.245162,-0.534241,-0.107538,-0.0647542,0.191951,-0.647275,-0.429951,0.389856,0.63588,-0.679522,0.525144,-0.348663,-0.153477,-0.603,0.414811,-0.378937,-0.156592,0.126765,0.727445,-0.709517,-0.273803;-3.7271,-2.06781,0.0387966,9.61634
93;0.0608377,0.234994,-0.020407,-0.715195,0.438576,-0.545047,0.461187,0.221606,0.224682,-0.799484,-0.429951,0.428073,0.552664,-0.713934,0.761245,-0.547188,-0.726669,-0.513505,0.300985,-0.178977,0.0472615,-0.0504402,0.820525,-0.818685,-0.40712;-13.1999,-1.28302,3.31655,9.26763
94;0.0276494,0.643625,0.198646,-0.944909,0.752251,-0.481574,0.758072,-0.0740088,-0.255247,-0.616475,-0.0584031,0.173818,0.491148,-0.684061,0.804043,-0.714424,-0.697536,-0.308342,0.114998,0.320161,-0.199911,0.0591868,0.531049,-0.967481,-0.597499;-21.8578,-1.53893,0.967264,4.7777
95;0.372853,0.060838,-0.139862,-0.851949,0.813456,-0.737421,0.69356,-0.291714,-0.403977,-0.481057,-0.109495,0.28781,0.763954,-0.721059,0.703584,-0.545167,-0.873347,-0.161636,-0.184661,-0.22647,-0.00996843,0.412183,0.556796,-0.994513,-0.301756;-19.9809,2.89005,4.98696,4.35826
96;0.437638,0.535928,0.682164,-0.940211,0.497851,-0.202876,0.914686,-0.291965,-0.595958,-0.0234855,0.280595,0.0876114,0.942455,-0.817178,0.882402,-0.600983,-0.896282,0.215041,-0.38128,0.293592,-0.350167,-0.039309,-0.0664363,-0.850753,-0.877122;-23.2475,-4.31365,0.34158,6.70793
97;0.330556,-0.102497,0.777057,-0.964553,0.737337,-0.617751,0.906396,-0.849189,-0.42936,0.643632,0.173333,0.2777,0.949831,-0.966181,0.53716,-0.732781,-0.967549,-0.237076,-0.321193,-0.389627,0.0152348,-0.234288,-0.322662,-0.928293,-0.729616;-17.1612,-3.92234,9.60209,1.04757
98;0.703187,-0.960485,-0.27927,0.0706808,0.386702,-0.277882,0.484565,-0.624798,0.155379,0.672232,-0.296968,0.137523,0.781241,-0.691814,0.490212,0.355652,-0.628763,-0.360666,-0.763138,-0.551371,-0.355202,0.193696,0.302666,-0.933307,-0.76921;0.472466,8.56664,5.77828,13.8841
99;0.658718,-0.702512,0.15262,-0.196108,0.852523,-0.180672,0.0141329,-0.851217,-0.381154,0.568068,0.0948891,-0.378223,0.688064,-0.542438,0.134792,0.277653,0.463887,-0.119909,0.0247952,-0.439196,-0.774633,0.32493,0.213392,-0.724361,-0.791989;1.55374,4.56312,2.32995,7.08612
100;0.780045,-0.594748,0.61157,-0.508271,0.798868,0.144704,0.373166,-0.816325,-0.645902,0.521445,0.500839,-0.29931,0.899608,-0.899213,0.476015,0.236788,0.279724,0.133318,0.235409,-0.395372,-0.742702,0.0490953,-0.640262,-0.700896,-0.834078;-2.87289,-4.33418,3.89274,6.00911
101;0.709578,-0.689717,0.623874,-0.790922,0.849816,-0.393325,0.35806,-0.946734,-0.513044,0.922181,0.41132,-0.114178,0.944296,-0.971146,0.115222,-0.132709,-0.13188,-0.248589,0.172661,-0.714527,-0.62531,-0.166409,-0.778907,-0.794051,-0.702004;-6.66413,-4.91951,9.80551,-0.0997649
102;0.617124,-0.971512,-0.442732,0.368452,0.435071,-0.209415,0.0441283,-0.682543,0.141548,0.605662,-0.1952,0.181927,0.467027,-0.735735,0.689919,0.164663,0.6196,-0.584839,-0.750523,-0.613289,-0.516615,0.197878,-0.169949,-0.977791,-0.629104;8.81709,5.80351,6.96519,14.1434
103;0.582792,-0.639849,-0.299232,0.301873,0.734036,-0.236748,-0.640174,-0.616401,0.121676,0.0748984,-0.1952,0.12215,0.393134,-0.401226,0.462405,-0.279465,0.483437,-0.456675,-0.131756,-0.568532,-0.59989,0.0672578,0.410259,-0.697515,-0.239383;9.81477,4.36478,-0.402071,7.67645
104;0.526245,-0.337737,-0.0713263,0.0766349,0.648654,-0.281735,-0.716223,-0.417768,0.145054,-0.479521,-0.1952,0.207144,0.549086,-0.411955,0.167306,-0.101513,0.38179,-0.507908,0.296939,-0.603148,-0.500709,0.0340084,0.410259,-0.346133,-0.212445;7.12495,0.527095,-4.08196,3.45892
105;0.0792065,0.139082,0.167743,-0.277902,0.245162,-0.534241,-0.107538,-0.0647542,0.191951,-0.647275,-0.429951,0.389856,0.63588,-0.679522,0.525144,-0.348663,-0.153477,-0.603,0.414811,-0.378937,-0.156592,0.126765,0.727445,-0.709517,-0.273803;-3.7271,-2.06781,0.0387966,9.61634
106;0.0608377,0.234994,-0.020407,-0.715195,0.438576,-0.545047,0.461187,0.221606,0.224682,-0.799484,-0.429951,0.428073,0.552664,-0.713934,0.761245,-0.547188,-0.726669,-0.513505,0.300985,-0.178977,0.0472615,-0.0504402,0.820525,-0.818685,-0.40712;-13.1999,-1.28302,3.31655,9.26763
107;0.0276494,0.643625,0.198646,-0.944909,0.752251,-0.481574,0.758072,-0.0740088,-0.255247,-0.616475,-0.0584031,0.173818,0.491148,-0.684061,0.804043,-0.714424,-0.697536,-0.308342,0.114998,0.320161,-0.199911,0.0591868,0.531049,-0.967481,-0.597499;-21.8578,-1.53893,0.967264,4.7777
108;0.372853,0.060838,-0.139862,-0.851949,0.813456,-0.737421,0.69356,-0.291714,-0.403977,-0.481057,-0.109495,0.28781,0.763954,-0.721059,0.703584,-0.545167,-0.873347,-0.161636,-0.184661,-0.22647,-0.00996843,0.412183,0.556796,-0.994513,-0.301756;-19.9809,2.89005,4.98696,4.35826
109;0.437638,0.535928,0.682164,-0.940211,0.497851,-0.202876,0.914686,-0.291965,-0.595958,-0.0234855,0.280595,0.0876114,0.942455,-0.817178,0.882402,-0.600983,-0.896282,0.215041,-0.38128,0.293592,-0.350167,-0.039309,-0.0664363,-0.850753,-0.877122;-23.2475,-4.31365,0.34158,6.70793
110;0.330556,-0.102497,0.777057,-0.964553,0.737337,-0.617751,0.906396,-0.849189,-0.42936,0.643632,0.173333,0.2777,0.949831,-0.966181,0.53716,-0.732781,-0.967549,-0.237076,-0.321193,-0.389627,0.0152348,-0.234288,-0.322662,-0.928293,-0.729616;-17.1612,-3.92234,9.60209,1.04757
111;0.703187,-0.960485,-0.27927,0.0706808,0.386702,-0.277882,0.484565,-0.624798,0.155379,0.672232,-0.296968,0.137523,0.781241,-0.691814,0.490212,0.355652,-0.628763,-0.360666,-0.763138,-0.551371,-0.355202,0.193696,0.302666,-0.933307,-0.76921;0.472466,8.56664,5.77828,13.8841
112;0.658718,-0.702512,0.15262,-0.196108,0.852523,-0.180672,0.0141329,-0.851217,-0.381154,0.568068,0.0948891,-0.378223,0.688064,-0.542438,0.134792,0.277653,0.463887,-0.119909,0.0247952,-0.439196,-0.774633,0.32493,0.213392,-0.724361,-0.791989;1.55374,4.56312,2.32995,7.08612
113;0.780045,-0.594748,0.61157,-0.508271,0.798868,0.144704,0.373166,-0.816325,-0.645902,0.521445,0.500839,-0.29931,0.899608,-0.899213,0.476015,0.236788,0.279724,0.133318,0.235409,-0.395372,-0.742702,0.0490953,-0.640262,-0.700896,-0.834078;-2.87289,-4.33418,3.89274,6.00911
114;0.709578,-0.689717,0.623874,-0.790922,0.849816,-0.393325,0.35806,-0.946734,-0.513044,0.922181,0.41132,-0.114178,0.944296,-0.971146,0.115222,-0.132709,-0.13188,-0.248589,0.172661,-0.714527,-0.62531,-0.166409,-0.778907,-0.794051,-0.702004;-6.66413,-4.91951,9.80551,-0.0997649
115;0.617124,-0.971512,-0.442732,0.368452,0.435071,-0.209415,0.0441283,-0.682543,0.141548,0.605662,-0.1952,0.181927,0.467027,-0.735735,0.689919,0.164663,0.6196,-0.584839,-0.750523,-0.613289,-0.516615,0.197878,-0.169949,-0.977791,-0.629104;8.81709,5.80351,6.96519,14.1434
116;0.582792,-0.639849,-0.299232,0.301873,0.734036,-0.236748,-0.640174,-0.616401,0.121676,0.0748984,-0.1952,0.12215,0.393134,-0.401226,0.462405,-0.279465,0.483437,-0.456675,-0.131756,-0.568532,-0.59989,0.0672578,0.410259,-0.697515,-0.239383;9.81477,4.36478,-0.402071,7.67645
117;0.526245,-0.337737,-0.0713263,0.0766349,0.648654,-0.281735,-0.716223,-0.417768,0.145054,-0.479521,-0.1952,0.207144,0.549086,-0.411955,0.167306,-0.101513,0.38179,-0.507908,0.296939,-0.603148,-0.500709,0.0340084,0.410259,-0.346133,-0.212445;7.12495,0.527095,-4.08196,3.45892
118;0.0792065,0.139082,0.167743,-0.277902,0.245162,-0.534241,-0.107538,-0.0647542,0.191951,-0.647275,-0.429951,0.389856,0.63588,-0.679522,0.525144,-0.348663,-0.153477,-0.603,0.414811,-0.378937,-0.156592,0.126765,0.727445,-0.709517,-0.273803;-3.7271,-2.06781,0.0387966,9.61634
119;0.0608377,0.234994,-0.020407,-0.715195,0.438576,-0.545047,0.461187,0.221606,0.224682,-0.799484,-0.429951,0.428073,0.552664,-0.713934,0.761245,-0.547188,-0.726669,-0.513505,0.300985,-0.178977,0.0472615,-0.0504402,0.820525,-0.818685,-0.40712;-13.1999,-1.28302,3.31655,9.26763
120;0.0276494,0.643625,0.198646,-0.944909,0.752251,-0.481574,0.758072,-0.0740088,-0.255247,-0.616475,-0.0584031,0.173818,0.491148,-0.684061,0.804043,-0.714424,-0.697536,-0.308342,0.114998,0.320161,-0.199911,0.0591868,0.531049,-0.967481,-0.597499;-21.8578,-1.53893,0.967264,4.7777
121;0.372853,0.060838,-0.139862,-0.851949,0.813456,-0.737421,0.69356,-0.291714,-0.403977,-0.481057,-0.109495,0.28781,0.763954,-0.721059,0.703584,-0.545167,-0.873347,-0.161636,-0.184661,-0.22647,-0.00996843,0.412183,0.556796,-0.994513,-0.301756;-19.9809,2.89005,4.98696,4.35826
122;0.437638,0.535928,0.682164,-0.940211,0.497851,-0.202876,0.914686,-0.291965,-0.595958,-0.0234855,0.280595,0.0876114,0.942455,-0.817178,0.882402,-0.600983,-0.896282,0.215041,-0.38128,0.293592,-0.350167,-0.039309,-0.0664363,-0.850753,-0.877122;-23.2475,-4.31365,0.34158,6.70793
123;0.330556,-0.102497,0.777057,-0.964553,0.737337,-0.617751,0.906396,-0.849189,-0.42936,0.643632,0.173333,0.2777,0.949831,-0.966181,0.53716,-0.732781,-0.967549,-0.237076,-0.321193,-0.389627,0.0152348,-0.234288,-0.322662,-0.928293,-0.729616;-17.1612,-3.92234,9.60209,1.04757
124;0.703187,-0.960485,-0.27927,0.0706808,0.386702,-0.277882,0.484565,-0.624798,0.155379,0.672232,-0.296968,0.137523,0.781241,-0.691814,0.490212,0.355652,-0.628763,-0.360666,-0.763138,-0.551371,-0.355202,0.193696,0.302666,-0.933307,-0.76921;0.472466,8.56664,5.77828,13.8841
125;0.658718,-0.702512,0.15262,-0.196108,0.852523,-0.180672,0.0141329,-0.851217,-0.381154,0.568068,0.0948891,-0.378223,0.688064,-0.542438,0.134792,0.277653,0.463887,-0.119909,0.0247952,-0.439196,-0.774633,0.32493,0.213392,-0.724361,-0.791989;1.55374,4.56312,2.32995,7.08612
126;0.780045,-0.594748,0.61157,-0.508271,0.798868,0.144704,0.373166,-0.816325,-0.645902,0.521445,0.500839,-0.29931,0.899608,-0.899213,0.476015,0.236788,0.279724,0.133318,0.235409,-0.395372,-0.742702,0.0490953,-0.640262,-0.700896,-0.834078;-2.87289,-4.33418,3.89274,6.00911
127;0.709578,-0.689717,0.623874,-0.790922,0.849816,-0.393325,0.35806,-0.946734,-0.513044,0.922181,0.41132,-0.114178,0.944296,-0.971146,0.115222,-0.132709,-0.13188,-0.248589,0.172661,-0.714527,-0.62531,-0.166409,-0.778907,-0.794051,-0.702004;-6.66413,-4.91951,9.80551,-0.0997649
128;0.617124,-0.971512,-0.442732,0.368452,0.435071,-0.209415,0.0441283,-0.682543,0.141548,0.605662,-0.1952,0.181927,0.467027,-0.735735,0.689919,0.164663,0.6196,-0.584839,-0.750523,-0.613289,-0.516615,0.197878,-0.169949,-0.977791,-0.629104;8.81709,5.80351,6.96519,14.1434
129;0.582792,-0.639849,-0.299232,0.301873,0.734036,-0.236748,-0.640174,-0.616401,0.121676,0.0748984,-0.1952,0.12215,0.393134,-0.401226,0.462405,-0.279465,0.483437,-0.456675,-0.131756,-0.568532,-0.59989,0.0672578,0.410259,-0.697515,-0.239383;9.81477,4.36478,-0.402071,7.67645
130;0.526245,-0.337737,-0.0713263,0.0766349,0.648654,-0.281735,-0.716223,-0.417768,0.145054,-0.479521,-0.1952,0.207144,0.549086,-0.411955,0.167306,-0.101513,0.38179,-0.507908,0.296939,-0.603148,-0.500709,0.0340084,0.410259,-0.346133,-0.212445;7.12495,0.527095,-4.08196,3.45892
131;0.0792065,0.139082,0.167743,-0.277902,0.245162,-0.534241,-0.107538,-0.0647542,0.191951,-0.647275,-0.429951,0.389856,0.63588,-0.679522,0.525144,-0.348663,-0.153477,-0.603,0.414811,-0.378937,-0.156592,0.126765,0.727445,-0.709517,-0.273803;-3.7271,-2.06781,0.0387966,9.61634
132;0.0608377,0.234994,-0.020407,-0.715195,0.438576,-0.545047,0.461187,0.221606,0.224682,-0.799484,-0.429951,0.428073,0.552664,-0.713934,0.761245,-0.547188,-0.726669,-0.513505,0.300985,-0.178977,0.0472615,-0.0504402,0.820525,-0.818685,-0.40712;-13.1999,-1.28302,3.31655,9.26763
133;0.0276494,0.643625,0.198646,-0.944909,0.752251,-0.481574,0.758072,-0.0740088,-0.255247,-0.616475,-0.0584031,0.173818,0.491148,-0.684061,0.804043,-0.714424,-0.697536,-0.308342,0.114998,0.320161,-0.199911,0.0591868,0.531049,-0.967481,-0.597499;-21.8578,-1.53893,0.967264,4.7777
134;0.372853,0.060838,-0.139862,-0.851949,0.813456,-0.737421,0.69356,-0.291714,-0.403977,-0.481057,-0.109495,0.28781,0.763954,-0.721059,0.703584,-0.545167,-0.873347,-0.161636,-0.184661,-0.22647,-0.00996843,0.412183,0.556796,-0.994513,-0.301756;-19.9809,2.89005,4.98696,4.35826
135;0.437638,0.535928,0.682164,-0.940211,0.497851,-0.202876,0.914686,-0.291965,-0.595958,-0.0234855,0.280595,0.0876114,0.942455,-0.817178,0.882402,-0.600983,-0.896282,0.215041,-0.38128,0.293592,-0.350167,-0.039309,-0.0664363,-0.850753,-0.877122;-23.2475,-4.31365,0.34158,6.70793
136;0.330556,-0.102497,0.777057,-0.964553,0.737337,-0.617751,0.906396,-0.849189,-0.42936,0.643632,0.173333,0.2777,0.949831,-0.966181,0.53716,-0.732781,-0.967549,-0.237076,-0.321193,-0.389627,0.0152348,-0.234288,-0.322662,-0.928293,-0.729616;-17.1612,-3.92234,9.60209,1.04757
137;0.703187,-0.960485,-0.27927,0.0706808,0.386702,-0.277882,0.484565,-0.624798,0.155379,0.672232,-0.296968,0.137523,0.781241,-0.691814,0.490212,0.355652,-0.628763,-0.360666,-0.763138,-0.551371,-0.355202,0.193696,0.302666,-0.933307,-0.76921;0.472466,8.56664,5.77828,13.8841
138;0.658718,-0.702512,0.15262,-0.196108,0.852523,-0.180672,0.0141329,-0.851217,-0.381154,0.568068,0.0948891,-0.378223,0.688064,-0.542438,0.134792,0.277653,0.463887,-0.119909,0.0247952,-0.439196,-0.774633,0.32493,0.213392,-0.724361,-0.791989;1.55374,4.56312,2.32995,7.08612
139;0.780045,-0.594748,0.61157,-0.508271,0.798868,0.144704,0.373166,-0.816325,-0.645902,0.521445,0.500839,-0.29931,0.899608,-0.899213,0.476015,0.236788,0.279724,0.133318,0.235409,-0.395372,-0.742702,0.0490953,-0.640262,-0.700896,-0.834078;-2.87289,-4.33418,3.89274,6.00911
140;0.709578,-0.689717,0.623874,-0.790922,0.849816,-0.393325,0.35806,-0.946734,-0.513044,0.922181,0.41132,-0.114178,0.944296,-0.971146,0.115222,-0.132709,-0.13188,-0.248589,0.172661,-0.714527,-0.62531,-0.166409,-0.778907,-0.794051,-0.702004;-6.66413,-4.91951,9.80551,-0.0997649
141;0.617124,-0.971512,-0.442732,0.368452,0.435071,-0.209415,0.0441283,-0.682543,0.141548,0.605662,-0.1952,0.181927,0.467027,-0.735735,0.689919,0.164663,0.6196,-0.584839,-0.750523,-0.613289,-0.516615,0.197878,-0.169949,-0.977791,-0.629104;8.81709,5.80351,6.96519,14.1434
142;0.582792,-0.639849,-0.299232,0.301873,0.734036,-0.236748,-0.640174,-0.616401,0.121676,0.0748984,-0.1952,0.12215,0.393134,-0.401226,0.462405,-0.279465,0.483437,-0.456675,-0.131756,-0.568532,-0.59989,0.0672578,0.410259,-0.697515,-0.239383;9.81477,4.36478,-0.402071,7.67645
143;0.526245,-0.337737,-0.0713263,0.0766349,0.648654,-0.281735,-0.716223,-0.417768,0.145054,-0.479521,-0.1952,0.207144,0.549086,-0.411955,0.167306,-0.101513,0.38179,-0.507908,0.296939,-0.603148,-0.500709,0.0340084,0.410259,-0.346133,-0.212445;7.12495,0.527095,-4.08196,3.45892
144;0.0792065,0.139082,0.167743,-0.277902,0.245162,-0.534241,-0.107538,-0.0647542,0.191951,-0.647275,-0.429951,0.389856,0.63588,-0.679522,0.525144,-0.348663,-0.153477,-0.603,0.414811,-0.378937,-0.156592,0.126765,0.727445,-0.709517,-0.273803;-3.7271,-2.06781,0.0387966,9.61634
145;0.0608377,0.234994,-0.020407,-0.715195,0.438576,-0.545047,0.461187,0.221606,0.224682,-0.799484,-0.429951,0.428073,0.552664,-0.713934,0.761245,-0.547188,-0.726669,-0.513505,0.300985,-0.178977,0.0472615,-0.0504402,0.820525,-0.818685,-0.40712;-13.1999,-1.28302,3.31655,9.26763
146;0.0276494,0.643625,0.198646,-0.944909,0.752251,-0.481574,0.758072,-0.0740088,-0.255247,-0.616475,-0.0584031,0.173818,0.491148,-0.684061,0.804043,-0.714424,-0.697536,-0.308342,0.114998,0.320161,-0.199911,0.0591868,0.531049,-0.967481,-0.597499;-21.8578,-1.53893,0.967264,4.7777
147;0.372853,0.060838,-0.139862,-0.851949,0.813456,-0.737421,0.69356,-0.291714,-0.403977,-0.481057,-0.109495,0.28781,0.763954,-0.721059,0.703584,-0.545167,-0.873347,-0.161636,-0.184661,-0.22647,-0.00996843,0.412183,0.556796,-0.994513,-0.301756;-19.9809,2.89005,4.98696,4.35826
148;0.437638,0.535928,0.682164,-0.940211,0.497851,-0.202876,0.914686,-0.291965,-0.595958,-0.0234855,0.280595,0.0876114,0.942455,-0.817178,0.882402,-0.600983,-0.896282,0.215041,-0.38128,0.293592,-0.350167,-0.039309,-0.0664363,-0.850753,-0.877122;-23.2475,-4.31365,0.34158,6.70793
149;0.330556,-0.102497,0.777057,-0.964553,0.737337,-0.617751,0.906396,-0.849189,-0.42936,0.643632,0.173333,0.2777,0.949831,-0.966181,0.53716,-0.732781,-0.967549,-0.237076,-0.321193,-0.389627,0.0152348,-0.234288,-0.322662,-0.928293,-0.729616;-17.1612,-3.92234,9.60209,1.04757
150;0.703187,-0.960485,-0.27927,0.0706808,0.386702,-0.277882,0.484565,-0.624798,0.155379,0.672232,-0.296968,0.137523,0.781241,-0.691814,0.490212,0.355652,-0.628763,-0.360666,-0.763138,-0.551371,-0.355202,0.193696,0.302666,-0.933307,-0.76921;0.472466,8.56664,5.77828,13.8841
151;0.658718,-0.702512,0.15262,-0.196108,0.852523,-0.180672,0.0141329,-0.851217,-0.381154,0.568068,0.0948891,-0.378223,0.688064,-0.542438,0.134792,0.277653,0.463887,-0.119909,0.0247952,-0.439196,-0.774633,0.32493,0.213392,-0.724361,-0.791989;1.55374,4.56312,2.32995,7.08612
152;0.780045,-0.594748,0.61157,-0.508271,0.798868,0.144704,0.373166,-0.816325,-0.645902,0.521445,0.500839,-0.29931,0.899608,-0.899213,0.476015,0.236788,0.279724,0.133318,0.235409,-0.395372,-0.742702,0.0490953,-0.640262,-0.700896,-0.834078;-2.87289,-4.33418,3.89274,6.00911
153;0.709578,-0.689717,0.623874,-0.790922,0.849816,-0.393325,0.35806,-0.946734,-0.513044,0.922181,0.41132,-0.114178,0.944296,-0.971146,0.115222,-0.132709,-0.13188,-0.248589,0.172661,-0.714527,-0.62531,-0.166409,-0.778907,-0.794051,-0.702004;-6.66413,-4.91951,9.80551,-0.0997649
154;0.617124,-0.971512,-0.442732,0.368452,0.435071,-0.209415,0.0441283,-0.682543,0.141548,0.605662,-0.1952,0.181927,0.467027,-0.735735,0.689919,0.164663,0.6196,-0.584839,-0.750523,-0.613289,-0.516615,0.197878,-0.169949,-0.977791,-0.629104;8.81709,5.80351,6.96519,14.1434
155;0.582792,-0.639849,-0.299232,0.301873,0.734036,-0.236748,-0.640174,-0.616401,0.121676,0.0748984,-0.1952,0.12215,0.393134,-0.401226,0.462405,-0.279465,0.483437,-0.456675,-0.131756,-0.568532,-0.59989,0.0672578,0.410259,-0.697515,-0.239383;9.81477,4.36478,-0.402071,7.67645
156;0.526245,-0.337737,-0.0713263,0.0766349,0.648654,-0.281735,-0.716223,-0.417768,0.145054,-0.479521,-0.1952,0.207144,0.549086,-0.411955,0.167306,-0.101513,0.38179,-0.507908,0.296939,-0.603148,-0.500709,0.0340084,0.410259,-0.346133,-0.212445;7.12495,0.527095,-4.08196,3.45892
157;0.0792065,0.139082,0.167743,-0.277902,0.245162,-0.534241,-0.107538,-0.0647542,0.191951,-0.647275,-0.429951,0.389856,0.63588,-0.679522,0.525144,-0.348663,-0.153477,-0.603,0.414811,-0.378937,-0.156592,0.126765,0.727445,-0.709517,-0.273803;-3.7271,-2.06781,0.0387966,9.61634
158;0.0608377,0.234994,-0.020407,-0.715195,0.438576,-0.545047,0.461187,0.221606,0.224682,-0.799484,-0.429951,0.428073,0.552664,-0.713934,0.761245,-0.547188,-0.726669,-0.513505,0.300985,-0.178977,0.0472615,-0.0504402,0.820525,-0.818685,-0.40712;-13.1999,-1.28302,3.31655,9.26763
159;0.0276494,0.643625,0.198646,-0.944909,0.752251,-0.481574,0.758072,-0.0740088,-0.255247,-0.616475,-0.0584031,0.173818,0.491148,-0.684061,0.804043,-0.714424,-0.697536,-0.308342,0.114998,0.320161,-0.199911,0.0591868,0.531049,-0.967481,-0.597499;-21.8578,-1.53893,0.967264,4.7777
160;0.372853,0.060838,-0.139862,-0.851949,0.813456,-0.737421,0.69356,-0.291714,-0.403977,-0.481057,-0.109495,0.28781,0.763954,-0.721059,0.703584,-0.545167,-0.873347,-0.161636,-0.184661,-0.22647,-0.00996843,0.412183,0.556796,-0.994513,-0.301756;-19.9809,2.89005,4.98696,4.35826
161;0.437638,0.535928,0.682164,-0.940211,0.497851,-0.202876,0.914686,-0.291965,-0.595958,-0.0234855,0.280595,0.0876114,0.942455,-0.817178,0.882402,-0.600983,-0.896282,0.215041,-0.38128,0.293592,-0.350167,-0.039309,-0.0664363,-0.850753,-0.877122;-23.2475,-4.31365,0.34158,6.70793
162;0.330556,-0.102497,0.777057,-0.964553,0.737337,-0.617751,0.906396,-0.849189,-0.42936,0.643632,0.173333,0.2777,0.949831,-0.966181,0.53716,-0.732781,-0.967549,-0.237076,-0.321193,-0.389627,0.0152348,-0.234288,-0.322662,-0.928293,-0.729616;-17.1612,-3.92234,9.60209,1.04757
163;0.703187,-0.960485,-0.27927,0.0706808,0.386702,-0.277882,0.484565,-0.624798,0.155379,0.672232,-0.296968,0.137523,0.781241,-0.691814,0.490212,0.355652,-0.628763,-0.360666,-0.763138,-0.551371,-0.355202,0.193696,0.302666,-0.933307,-0.76921;0.472466,8.56664,5.77828,13.8841
164;0.658718,-0.702512,0.15262,-0.196108,0.852523,-0.180672,0.0141329,-0.851217,-0.381154,0.568068,0.0948891,-0.378223,0.688064,-0.542438,0.134792,0.277653,0.463887,-0.119909,0.0247952,-0.439196,-0.774633,0.32493,0.213392,-0.724361,-0.791989;1.55374,4.56312,2.32995,7.08612
165;0.780045,-0.594748,0.61157,-0.508271,0.798868,0.144704,0.373166,-0.816325,-0.645902,0.521445,0.500839,-0.29931,0.899608,-0.899213,0.476015,0.236788,0.279724,0.133318,0.235409,-0.395372,-0.742702,0.0490953,-0.640262,-0.700896,-0.834078;-2.87289,-4.33418,3.89274,6.00911
166;0.709578,-0.689717,0.623874,-0.790922,0.849816,-0.393325,0.35806,-0.946734,-0.513044,0.922181,0.41132,-0.114178,0.944296,-0.971146,0.115222,-0.132709,-0.13188,-0.248589,0.172661,-0.714527,-0.62531,-0.166409,-0.778907,-0.794051,-0.702004;-6.66413,-4.91951,9.80551,-0.0997649
167;0.617124,-0.971512,-0.442732,0.368452,0.435071,-0.209415,0.0441283,-0.682543,0.141548,0.605662,-0.1952,0.181927,0.467027,-0.735735,0.689919,0.164663,0.6196,-0.584839,-0.750523,-0.613289,-0.516615,0.197878,-0.169949,-0.977791,-0.629104;8.81709,5.80351,6.96519,14.1434
168;0.582792,-0.639849,-0.299232,0.301873,0.734036,-0.236748,-0.640174,-0.616401,0.121676,0.0748984,-0.1952,0.12215,0.393134,-0.401226,0.462405,-0.279465,0.483437,-0.456675,-0.131756,-0.568532,-0.59989,0.0672578,0.410259,-0.697515,-0.239383;9.81477,4.36478,-0.402071,7.67645
169;0.526245,-0.337737,-0.0713263,0.0766349,0.648654,-0.281735,-0.716223,-0.417768,0.145054,-0.479521,-0.1952,0.207144,0.549086,-0.411955,0.167306,-0.101513,0.38179,-0.507908,0.296939,-0.603148,-0.500709,0.0340084,0.410259,-0.346133,-0.212445;7.12495,0.527095,-4.08196,3.45892
170;0.0792065,0.139082,0.167743,-0.277902,0.245162,-0.534241,-0.107538,-0.0647542,0.191951,-0.647275,-0.429951,0.389856,0.63588,-0.679522,0.525144,-0.348663,-0.153477,-0.603,0.414811,-0.378937,-0.156592,0.126765,0.727445,-0.709517,-0.273803;-3.7271,-2.06781,0.0387966,9.61634
171;0.0608377,0.234994,-0.020407,-0.715195,0.438576,-0.545047,0.461187,0.221606,0.224682,-0.799484,-0.429951,0.428073,0.552664,-0.713934,0.761245,-0.547188,-0.726669,-0.513505,0.300985,-0.178977,0.0472615,-0.0504402,0.820525,-0.818685,-0.40712;-13.1999,-1.28302,3.31655,9.26763
172;0.0276494,0.643625,0.198646,-0.944909,0.752251,-0.481574,0.758072,-0.0740088,-0.255247,-0.616475,-0.0584031,0.173818,0.491148,-0.684061,0.804043,-0.714424,-0.697536,-0.308342,0.114998,0.320161,-0.199911,0.0591868,0.531049,-0.967481,-0.597499;-21.8578,-1.53893,0.967264,4.7777
173;0.372853,0.060838,-0.139862,-0.851949,0.813456,-0.737421,0.69356,-0.291714,-0.403977,-0.481057,-0.109495,0.28781,0.763954,-0.721059,0.703584,-0.545167,-0.873347,-0.161636,-0.184661,-0.22647,-0.00996843,0.412183,0.556796,-0.994513,-0.301756;-19.9809,2.89005,4.98696,4.35826
174;0.437638,0.535928,0.682164,-0.940211,0.497851,-0.202876,0.914686,-0.291965,-0.595958,-0.0234855,0.280595,0.0876114,0.942455,-0.817178,0.882402,-0.600983,-0.896282,0.215041,-0.38128,0.293592,-0.350167,-0.039309,-0.0664363,-0.850753,-0.877122;-23.2475,-4.31365,0.34158,6.70793
175;0.330556,-0.102497,0.777057,-0.964553,0.737337,-0.617751,0.906396,-0.849189,-0.42936,0.643632,0.173333,0.2777,0.949831,-0.966181,0.53716,-0.732781,-0.967549,-0.237076,-0.321193,-0.389627,0.0152348,-0.234288,-0.322662,-0.928293,-0.729616;-17.1612,-3.92234,9.60209,1.04757
176;0.703187,-0.960485,-0.27927,0.0706808,0.386702,-0.277882,0.484565,-0.624798,0.155379,0.672232,-0.296968,0.137523,0.781241,-0.691814,0.490212,0.355652,-0.628763,-0.360666,-0.763138,-0.551371,-0.355202,0.193696,0.302666,-0.933307,-0.76921;0.472466,8.56664,5.77828,13.8841
177;0.658718,-0.702512,0.15262,-0.196108,0.852523,-0.180672,0.0141329,-0.851217,-0.381154,0.568068,0.0948891,-0.378223,0.688064,-0.542438,0.134792,0.277653,0.463887,-0.119909,0.0247952,-0.439196,-0.774633,0.32493,0.213392,-0.724361,-0.791989;1.55374,4.56312,2.32995,7.08612
178;0.780045,-0.594748,0.61157,-0.508271,0.798868,0.144704,0.373166,-0.816325,-0.645902,0.521445,0.500839,-0.29931,0.899608,-0.899213,0.476015,0.236788,0.279724,0.133318,0.235409,-0.395372,-0.742702,0.0490953,-0.640262,-0.700896,-0.834078;-2.87289,-4.33418,3.89274,6.00911
179;0.709578,-0.689717,0.623874,-0.790922,0.849816,-0.393325,0.35806,-0.946734,-0.513044,0.922181,0.41132,-0.114178,0.944296,-0.971146,0.115222,-0.132709,-0.13188,-0.248589,0.172661,-0.714527,-0.62531,-0.166409,-0.778907,-0.794051,-0.702004;-6.66413,-4.91951,9.80551,-0.0997649
180;0.617124,-0.971512,-0.442732,0.368452,0.435071,-0.209415,0.0441283,-0.682543,0.141548,0.605662,-0.1952,0.181927,0.467027,-0.735735,0.689919,0.164663,0.6196,-0.584839,-0.750523,-0.613289,-0.516615,0.197878,-0.169949,-0.977791,-0.629104;8.81709,5.80351,6.96519,14.1434
181;0.582792,-0.639849,-0.299232,0.301873,0.734036,-0.236748,-0.640174,-0.616401,0.121676,0.0748984,-0.1952,0.12215,0.393134,-0.401226,0.462405,-0.279465,0.483437,-0.456675,-0.131756,-0.568532,-0.59989,0.0672578,0.410259,-0.697515,-0.239383;9.81477,4.36478,-0.402071,7.67645
182;0.526245,-0.337737,-0.0713263,0.0766349,0.648654,-0.281735,-0.716223,-0.417768,0.145054,-0.479521,-0.1952,0.207144,0.549086,-0.411955,0.167306,-0.101513,0.38179,-0.507908,0.296939,-0.603148,-0.500709,0.0340084,0.410259,-0.346133,-0.212445;7.12495,0.527095,-4.08196,3.45892
183;0.0792065,0.139082,0.167743,-0.277902,0.245162,-0.534241,-0.107538,-0.0647542,0.191951,-0.647275,-0.429951,0.389856,0.63588,-0.679522,0.525144,-0.348663,-0.153477,-0.603,0.414811,-0.378937,-0.156592,0.126765,0.727445,-0.709517,-0.273803;-3.7271,-2.06781,0.0387966,9.61634
184;0.0608377,0.234994,-0.020407,-0.715195,0.438576,-0.545047,0.461187,0.221606,0.224682,-0.799484,-0.429951,0.428073,0.552664,-0.713934,0.761245,-0.547188,-0.726669,-0.513505,0.300985,-0.178977,0.0472615,-0.0504402,0.820525,-0.818685,-0.40712;-13.1999,-1.28302,3.31655,9.26763
185;0.0276494,0.643625,0.198646,-0.944909,0.752251,-0.481574,0.758072,-0.0740088,-0.255247,-0.616475,-0.0584031,0.173818,0.491148,-0.684061,0.804043,-0.714424,-0.697536,-0.308342,0.114998,0.320161,-0.199911,0.0591868,0.531049,-0.967481,-0.597499;-21.8578,-1.53893,0.967264,4.7777
186;0.372853,0.060838,-0.139862,-0.851949,0.813456,-0.737421,0.69356,-0.291714,-0.403977,-0.481057,-0.109495,0.28781,0.763954,-0.721059,0.703584,-0.545167,-0.873347,-0.161636,-0.184661,-0.22647,-0.00996843,0.412183,0.556796,-0.994513,-0.301756;-19.9809,2.89005,4.98696,4.35826
187;0.437638,0.535928,0.682164,-0.940211,0.497851,-0.202876,0.914686,-0.291965,-0.595958,-0.0234855,0.280595,0.0876114,0.942455,-0.817178,0.882402,-0.600983,-0.896282,0.215041,-0.38128,0.293592,-0.350167,-0.039309,-0.0664363,-0.850753,-0.877122;-23.2475,-4.31365,0.34158,6.70793
188;0.330556,-0.102497,0.777057,-0.964553,0.737337,-0.617751,0.906396,-0.849189,-0.42936,0.643632,0.173333,0.2777,0.949831,-0.966181,0.53716,-0.732781,-0.967549,-0.237076,-0.321193,-0.389627,0.0152348,-0.234288,-0.322662,-0.928293,-0.729616;-17.1612,-3.92234,9.60209,1.04757
189;0.703187,-0.960485,-0.27927,0.0706808,0.386702,-0.277882,0.484565,-0.624798,0.155379,0.672232,-0.296968,0.137523,0.781241,-0.691814,0.490212,0.355652,-0.628763,-0.360666,-0.763138,-0.551371,-0.355202,0.193696,0.302666,-0.933307,-0.76921;0.472466,8.56664,5.77828,13.8841
190;0.658718,-0.702512,0.15262,-0.196108,0.852523,-0.180672,0.0141329,-0.851217,-0.381154,0.568068,0.0948891,-0.378223,0.688064,-0.542438,0.134792,0.277653,0.463887,-0.119909,0.0247952,-0.439196,-0.774633,0.32493,0.213392,-0.724361,-0.791989;1.55374,4.56312,2.32995,7.08612
191;0.780045,-0.594748,0.61157,-0.508271,0.798868,0.144704,0.373166,-0.816325,-0.645902,0.521445,0.500839,-0.29931,0.899608,-0.899213,0.476015,0.236788,0.279724,0.133318,0.235409,-0.395372,-0.742702,0.0490953,-0.640262,-0.700896,-0.834078;-2.87289,-4.33418,3.89274,6.00911
192;0.709578,-0.689717,0.623874,-0.790922,0.849816,-0.393325,0.35806,-0.946734,-0.513044,0.922181,0.41132,-0.114178,0.944296,-0.971146,0.115222,-0.132709,-0.13188,-0.248589,0.172661,-0.714527,-0.62531,-0.166409,-0.778907,-0.794051,-0.702004;-6.66413,-4.91951,9.80551,-0.0997649
193;0.617124,-0.971512,-0.442732,0.368452,0.435071,-0.209415,0.0441283,-0.682543,0.141548,0.605662,-0.1952,0.181927,0.467027,-0.735735,0.689919,0.164663,0.6196,-0.584839,-0.750523,-0.613289,-0.516615,0.197878,-0.169949,-0.977791,-0.629104;8.81709,5.80351,6.96519,14.1434
194;0.582792,-0.639849,-0.299232,0.301873,0.734036,-0.236748,-0.640174,-0.616401,0.121676,0.0748984,-0.1952,0.12215,0.393134,-0.401226,0.462405,-0.279465,0.483437,-0.456675,-0.131756,-0.568532,-0.59989,0.0672578,0.410259,-0.697515,-0.239383;9.81477,4.36478,-0.402071,7.67645
195;0.526245,-0.337737,-0.0713263,0.0766349,0.648654,-0.281735,-0.716223,-0.417768,0.145054,-0.479521,-0.1952,0.207144,0.549086,-0.411955,0.167306,-0.101513,0.38179,-0.507908,0.296939,-0.603148,-0.500709,0.0340084,0.410259,-0.346133,-0.212445;7.12495,0.527095,-4.08196,3.45892
196;0.0792065,0.139082,0.167743,-0.277902,0.245162,-0.534241,-0.107538,-0.0647542,0.191951,-0.647275,-0.429951,0.389856,0.63588,-0.679522,0.525144,-0.348663,-0.153477,-0.603,0.414811,-0.378937,-0.156592,0.126765,0.727445,-0.709517,-0.273803;-3.7271,-2.06781,0.0387966,9.61634
197;0.0608377,0.234994,-0.020407,-0.715195,0.438576,-0.545047,0.461187,0.221606,0.224682,-0.799484,-0.429951,0.428073,0.552664,-0.713934,0.761245,-0.547188,-0.726669,-0.513505,0.300985,-0.178977,0.0472615,-0.0504402,0.820525,-0.818685,-0.40712;-13.1999,-1.28302,3.31655,9.26763
198;0.0276494,0.643625,0.198646,-0.944909,0.752251,-0.481574,0.758072,-0.0740088,-0.255247,-0.616475,-0.0584031,0.173818,0.491148,-0.684061,0.804043,-0.714424,-0.697536,-0.308342,0.114998,0.320161,-0.199911,0.0591868,0.531049,-0.967481,-0.597499;-21.8578,-1.53893,0.967264,4.7777
199;0.372853,0.060838,-0.139862,-0.851949,0.813456,-0.737421,0.69356,-0.291714,-0.403977,-0.481057,-0.109495,0.28781,0.763954,-0.721059,0.703584,-0.545167,-0.873347,-0.161636,-0.184661,-0.22647,-0.00996843,0.412183,0.556796,-0.994513,-0.301756;-19.9809,2.89005,4.98696,4.35826
200;0.437638,0.535928,0.682164,-0.940211,0.497851,-0.202876,0.914686,-0.291965,-0.595958,-0.0234855,0.280595,0.0876114,0.942455,-0.817178,0.882402,-0.600983,-0.896282,0.215041,-0.38128,0.293592,-0.350167,-0.039309,-0.0664363,-0.850753,-0.877122;-23.2475,-4.31365,0.34158,6.70793
201;0.330556,-0.102497,0.777057,-0.964553,0.737337,-0.617751,0.906396,-0.849189,-0.42936,0.643632,0.173333,0.2777,0.949831,-0.966181,0.53716,-0.732781,-0.967549,-0.237076,-0.321193,-0.389627,0.0152348,-0.234288,-0.322662,-0.928293,-0.729616;-17.1612,-3.92234,9.60209,1.04757
202;0.703187,-0.960485,-0.27927,0.0706808,0.386702,-0.277882,0.484565,-0.624798,0.155379,0.672232,-0.296968,0.137523,0.781241,-0.691814,0.490212,0.355652,-0.628763,-0.360666,-0.763138,-0.551371,-0.355202,0.193696,0.302666,-0.933307,-0.76921;0.472466,8.56664,5.77828,13.8841
203;0.658718,-0.702512,0.15262,-0.196108,0.852523,-0.180672,0.0141329,-0.851217,-0.381154,0.568068,0.0948891,-0.378223,0.688064,-0.542438,0.134792,0.277653,0.463887,-0.119909,0.0247952,-0.439196,-0.774633,0.32493,0.213392,-0.724361,-0.791989;1.55374,4.56312,2.32995,7.08612
204;0.780045,-0.594748,0.61157,-0.508271,0.798868,0.144704,0.373166,-0.816325,-0.645902,0.521445,0.500839,-0.29931,0.899608,-0.899213,0.476015,0.236788,0.279724,0.133318,0.235409,-0.395372,-0.742702,0.0490953,-0.640262,-0.700896,-0.834078;-2.87289,-4.33418,3.89274,6.00911
205;0.709578,-0.689717,0.623874,-0.790922,0.849816,-0.393325,0.35806,-0.946734,-0.513044,0.922181,0.41132,-0.114178,0.944296,-0.971146,0.115222,-0.132709,-0.13188,-0.248589,0.172661,-0.714527,-0.62531,-0.166409,-0.778907,-0.794051,-0.702004;-6.66413,-4.91951,9.80551,-0.0997649
206;0.617124,-0.971512,-0.442732,0.368452,0.435071,-0.209415,0.0441283,-0.682543,0.141548,0.605662,-0.1952,0.181927,0.467027,-0.735735,0.689919,0.164663,0.6196,-0.584839,-0.750523,-0.613289,-0.516615,0.197878,-0.169949,-0.977791,-0.629104;8.81709,5.80351,6.96519,14.1434
207;0.582792,-0.639849,-0.299232,0.301873,0.734036,-0.236748,-0.640174,-0.616401,0.121676,0.0748984,-0.1952,0.12215,0.393134,-0.401226,0.462405,-0.279465,0.483437,-0.456675,-0.131756,-0.568532,-0.59989,0.0672578,0.410259,-0.697515,-0.239383;9.81477,4.36478,-0.402071,7.67645
208;0.526245,-0.337737,-0.0713263,0.0766349,0.648654,-0.281735,-0.716223,-0.417768,0.145054,-0.479521,-0.1952,0.207144,0.549086,-0.411955,0.167306,-0.101513,0.38179,-0.507908,0.296939,-0.603148,-0.500709,0.0340084,0.410259,-0.346133,-0.212445;7.12495,0.527095,-4.08196,3.45892
209;0.0792065,0.139082,0.167743,-0.277902,0.245162,-0.534241,-0.107538,-0.0647542,0.191951,-0.647275,-0.429951,0.389856,0.63588,-0.679522,0.525144,-0.348663,-0.153477,-0.603,0.414811,-0.378937,-0.156592,0.126765,0.727445,-0.709517,-0.273803;-3.7271,-2.06781,0.0387966,9.61634
210;0.0608377,0.234994,-0.020407,-0.715195,0.438576,-0.545047,0.461187,0.221606,0.224682,-0.799484,-0.429951,0.428073,0.552664,-0.713934,0.761245,-0.547188,-0.726669,-0.513505,0.300985,-0.178977,0.0472615,-0.0504402,0.820525,-0.818685,-0.40712;-13.1999,-1.28302,3.31655,9.26763
211;0.0276494,0.643625,0.198646,-0.944909,0.752251,-0.481574,0.758072,-0.0740088,-0.255247,-0.616475,-0.0584031,0.173818,0.491148,-0.684061,0.804043,-0.714424,-0.697536,-0.308342,0.114998,0.320161,-0.199911,0.0591868,0.531049,-0.967481,-0.597499;-21.8578,-1.53893,0.967264,4.7777
212;0.372853,0.060838,-0.139862,-0.851949,0.813456,-0.737421,0.69356,-0.291714,-0.403977,-0.481057,-0.109495,0.28781,0.763954,-0.721059,0.703584,-0.545167,-0.873347,-0.161636,-0.184661,-0.22647,-0.00996843,0.412183,0.556796,-0.994513,-0.301756;-19.9809,2.89005,4.98696,4.35826
213;0.437638,0.535928,0.682164,-0.940211,0.497851,-0.202876,0.914686,-0.291965,-0.595958,-0.0234855,0.280595,0.0876114,0.942455,-0.817178,0.882402,-0.600983,-0.896282,0.215041,-0.38128,0.293592,-0.350167,-0.039309,-0.0664363,-0.850753,-0.877122;-23.2475,-4.31365,0.34158,6.70793
214;0.330556,-0.102497,0.777057,-0.964553,0.737337,-0.617751,0.906396,-0.849189,-0.42936,0.643632,0.173333,0.2777,0.949831,-0.966181,0.53716,-0.732781,-0.967549,-0.237076,-0.321193,-0.389627,0.0152348,-0.234288,-0.322662,-0.928293,-0.729616;-17.1612,-3.92234,9.60209,1.04757
215;0.703187,-0.960485,-0.27927,0.0706808,0.386702,-0.277882,0.484565,-0.624798,0.155379,0.672232,-0.296968,0.137523,0.781241,-0.691814,0.490212,0.355652,-0.628763,-0.360666,-0.763138,-0.551371,-0.355202,0.193696,0.302666,-0.933307,-0.76921;0.472466,8.56664,5.77828,13.8841
216;0.658718,-0.702512,0.15262,-0.196108,0.852523,-0.180672,0.0141329,-0.851217,-0.381154,0.568068,0.0948891,-0.378223,0.688064,-0.542438,0.134792,0.277653,0.463887,-0.119909,0.0247952,-0.439196,-0.774633,0.32493,0.213392,-0.724361,-0.791989;1.55374,4.56312,2.32995,7.08612
217;0.780045,-0.594748,0.61157,-0.508271,0.798868,0.144704,0.373166,-0.816325,-0.645902,0.521445,0.500839,-0.29931,0.899608,-0.899213,0.476015,0.236788,0.279724,0.133318,0.235409,-0.395372,-0.742702,0.0490953,-0.640262,-0.700896,-0.834078;-2.87289,-4.33418,3.89274,6.00911
218;0.709578,-0.689717,0.623874,-0.790922,0.849816,-0.393325,0.35806,-0.946734,-0.513044,0.922181,0.41132,-0.114178,0.944296,-0.971146,0.115222,-0.132709,-0.13188,-0.248589,0.172661,-0.714527,-0.62531,-0.166409,-0.778907,-0.794051,-0.702004;-6.66413,-4.91951,9.80551,-0.0997649
219;0.617124,-0.971512,-0.442732,0.368452,0.435071,-0.209415,0.0441283,-0.682543,0.141548,0.605662,-0.1952,0.181927,0.467027,-0.735735,0.689919,0.164663,0.6196,-0.584839,-0.750523,-0.613289,-0.516615,0.197878,-0.169949,-0.977791,-0.629104;8.81709,5.80351,6.96519,14.1434
220;0.582792,-0.639849,-0.299232,0.301873,0.734036,-0.236748,-0.640174,-0.616401,0.121676,0.0748984,-0.1952,0.12215,0.393134,-0.401226,0.462405,-0.279465,0.483437,-0.456675,-0.131756,-0.568532,-0.59989,0.0672578,0.410259,-0.697515,-0.239383;9.81477,4.36478,-0.402071,7.67645
221;0.526245,-0.337737,-0.0713263,0.0766349,0.648654,-0.281735,-0.716223,-0.417768,0.145054,-0.479521,-0.1952,0.207144,0.549086,-0.411955,0.167306,-0.101513,0.38179,-0.507908,0.296939,-0.603148,-0.500709,0.0340084,0.410259,-0.346133,-0.212445;7.12495,0.527095,-4.08196,3.45892
222;0.0792065,0.139082,0.167743,-0.277902,0.245162,-0.534241,-0.107538,-0.0647542,0.191951,-0.647275,-0.429951,0.389856,0.63588,-0.679522,0.525144,-0.348663,-0.153477,-0.603,0.414811,-0.378937,-0.156592,0.126765,0.727445,-0.709517,-0.273803;-3.7271,-2.06781,0.0387966,9.61634
223;0.0608377,0.234994,-0.020407,-0.715195,0.438576,-0.545047,0.461187,0.221606,0.224682,-0.799484,-0.429951,0.428073,0.552664,-0.713934,0.761245,-0.547188,-0.726669,-0.513505,0.300985,-0.178977,0.0472615,-0.0504402,0.820525,-0.818685,-0.40712;-13.1999,-1.28302,3.31655,9.26763
224;0.0276494,0.643625,0.198646,-0.944909,0.752251,-0.481574,0.758072,-0.0740088,-0.255247,-0.616475,-0.0584031,0.173818,0.491148,-0.684061,0.804043,-0.714424,-0.697536,-0.308342,0.114998,0.320161,-0.199911,0.0591868,0.531049,-0.967481,-0.597499;-21.8578,-1.53893,0.967264,4.7777
225;0.372853,0.060838,-0.139862,-0.851949,0.813456,-0.737421,0.69356,-0.291714,-0.403977,-0.481057,-0.109495,0.28781,0.763954,-0.721059,0.703584,-0.545167,-0.873347,-0.161636,-0.184661,-0.22647,-0.00996843,0.412183,0.556796,-0.994513,-0.301756;-19.9809,2.89005,4.98696,4.35826
226;0.437638,0.535928,0.682164,-0.940211,0.497851,-0.202876,0.914686,-0.291965,-0.595958,-0.0234855,0.280595,0.0876114,0.942455,-0.817178,0.882402,-0.600983,-0.896282,0.215041,-0.38128,0.293592,-0.350167,-0.039309,-0.0664363,-0.850753,-0.877122;-23.2475,-4.31365,0.34158,6.70793
227;0.330556,-0.102497,0.777057,-0.964553,0.737337,-0.617751,0.906396,-0.849189,-0.42936,0.643632,0.173333,0.2777,0.949831,-0.966181,0.53716,-0.732781,-0.967549,-0.237076,-0.321193,-0.389627,0.0152348,-0.234288,-0.322662,-0.928293,-0.729616;-17.1612,-3.92234,9.60209,1.04757
228;0.703187,-0.960485,-0.27927,0.0706808,0.386702,-0.277882,0.484565,-0.624798,0.155379,0.672232,-0.296968,0.137523,0.781241,-0.691814,0.490212,0.355652,-0.628763,-0.360666,-0.763138,-0.551371,-0.355202,0.193696,0.302666,-0.933307,-0.76921;0.472466,8.56664,5.77828,13.8841
229;0.658718,-0.702512,0.15262,-0.196108,0.852523,-0.180672,0.0141329,-0.851217,-0.381154,0.568068,0.0948891,-0.378223,0.688064,-0.542438,0.134792,0.277653,0.463887,-0.119909,0.0247952,-0.439196,-0.774633,0.32493,0.213392,-0.724361,-0.791989;1.55374,4.56312,2.32995,7.08612
230;0.780045,-0.594748,0.61157,-0.508271,0.798868,0.144704,0.373166,-0.816325,-0.645902,0.521445,0.500839,-0.29931,0.899608,-0.899213,0.476015,0.236788,0.279724,0.133318,0.235409,-0.395372,-0.742702,0.0490953,-0.640262,-0.700896,-0.834078;-2.87289,-4.33418,3.89274,6.00911
231;0.709578,-0.689717,0.623874,-0.790922,0.849816,-0.393325,0.35806,-0.946734,-0.513044,0.922181,0.41132,-0.114178,0.944296,-0.971146,0.115222,-0.132709,-0.13188,-0.248589,0.172661,-0.714527,-0.62531,-0.166409,-0.778907,-0.794051,-0.702004;-6.66413,-4.91951,9.80551,-0.0997649
232;0.617124,-0.971512,-0.442732,0.368452,0.435071,-0.209415,0.0441283,-0.682543,0.141548,0.605662,-0.1952,0.181927,0.467027,-0.735735,0.689919,0.164663,0.6196,-0.584839,-0.750523,-0.613289,-0.516615,0.197878,-0.169949,-0.977791,-0.629104;8.81709,5.80351,6.96519,14.1434
233;0.582792,-0.639849,-0.299232,0.301873,0.734036,-0.236748,-0.640174,-0.616401,0.121676,0.0748984,-0.1952,0.12215,0.393134,-0.401226,0.462405,-0.279465,0.483437,-0.456675,-0.131756,-0.568532,-0.59989,0.0672578,0.410259,-0.697515,-0.239383;9.81477,4.36478,-0.402071,7.67645
234;0.526245,-0.337737,-0.0713263,0.0766349,0.648654,-0.281735,-0.716223,-0.417768,0.145054,-0.479521,-0.1952,0.207144,0.549086,-0.411955,0.167306,-0.101513,0.38179,-0.507908,0.296939,-0.603148,-0.500709,0.0340084,0.410259,-0.346133,-0.212445;7.12495,0.527095,-4.08196,3.45892
235;0.0792065,0.139082,0.167743,-0.277902,0.245162,-0.534241,-0.107538,-0.0647542,0.191951,-0.647275,-0.429951,0.389856,0.63588,-0.679522,0.525144,-0.348663,-0.153477,-0.603,0.414811,-0.378937,-0.156592,0.126765,0.727445,-0.709517,-0.273803;-3.7271,-2.06781,0.0387966,9.61634
236;0.0608377,0.234994,-0.020407,-0.715195,0.438576,-0.545047,0.461187,0.221606,0.224682,-0.799484,-0.429951,0.428073,0.552664,-0.713934,0.761245,-0.547188,-0.726669,-0.513505,0.300985,-0.178977,0.0472615,-0.0504402,0.820525,-0.818685,-0.40712;-13.1999,-1.28302,3.31655,9.26763
237;0.0276494,0.643625,0.198646,-0.944909,0.752251,-0.481574,0.758072,-0.0740088,-0.255247,-0.616475,-0.0584031,0.173818,0.491148,-0.684061,0.804043,-0.714424,-0.697536,-0.308342,0.114998,0.320161,-0.199911,0.0591868,0.531049,-0.967481,-0.597499;-21.8578,-1.53893,0.967264,4.7777
238;0.372853,0.060838,-0.139862,-0.851949,0.813456,-0.737421,0.69356,-0.291714,-0.403977,-0.481057,-0.109495,0.28781,0.763954,-0.721059,0.703584,-0.545167,-0.873347,-0.161636,-0.184661,-0.22647,-0.00996843,0.412183,0.556796,-0.994513,-0.301756;-19.9809,2.89005,4.98696,4.35826
239;0.437638,0.535928,0.682164,-0.940211,0.497851,-0.202876,0.914686,-0.291965,-0.595958,-0.0234855,0.280595,0.0876114,0.942455,-0.817178,0.882402,-0.600983,-0.896282,0.215041,-0.38128,0.293592,-0.350167,-0.039309,-0.0664363,-0.850753,-0.877122;-23.2475,-4.31365,0.34158,6.70793
240;0.330556,-0.102497,0.777057,-0.964553,0.737337,-0.617751,0.906396,-0.849189,-0.42936,0.643632,0.173333,0.2777,0.949831,-0.966181,0.53716,-0.732781,-0.967549,-0.237076,-0.321193,-0.389627,0.0152348,-0.234288,-0.322662,-0.928293,-0.729616;-17.1612,-3.92234,9.60209,1.04757
241;0.703187,-0.960485,-0.27927,0.0706808,0.386702,-0.277882,0.484565,-0.624798,0.155379,0.672232,-0.296968,0.137523,0.781241,-0.691814,0.490212,0.355652,-0.628763,-0.360666,-0.763138,-0.551371,-0.355202,0.193696,0.302666,-0.933307,-0.76921;0.472466,8.56664,5.77828,13.8841
242;0.658718,-0.702512,0.15262,-0.196108,0.852523,-0.180672,0.0141329,-0.851217,-0.381154,0.568068,0.0948891,-0.378223,0.688064,-0.542438,0.134792,0.277653,0.463887,-0.119909,0.0247952,-0.439196,-0.774633,0.32493,0.213392,-0.724361,-0.791989;1.55374,4.56312,2.32995,7.08612
243;0.780045,-0.594748,0.61157,-0.508271,0.798868,0.144704,0.373166,-0.816325,-0.645902,0.521445,0.500839,-0.29931,0.899608,-0.899213,0.476015,0.236788,0.279724,0.133318,0.235409,-0.395372,-0.742702,0.0490953,-0.640262,-0.700896,-0.834078;-2.87289,-4.33418,3.89274,6.00911
244;0.709578,-0.689717,0.623874,-0.790922,0.849816,-0.393325,0.35806,-0.946734,-0.513044,0.922181,0.41132,-0.114178,0.944296,-0.971146,0.115222,-0.132709,-0.13188,-0.248589,0.172661,-0.714527,-0.62531,-0.166409,-0.778907,-0.794051,-0.702004;-6.66413,-4.91951,9.80551,-0.0997649
245;0.617124,-0.971512,-0.442732,0.368452,0.435071,-0.209415,0.0441283,-0.682543,0.141548,0.605662,-0.1952,0.181927,0.467027,-0.735735,0.689919,0.164663,0.6196,-0.584839,-0.750523,-0.613289,-0.516615,0.197878,-0.169949,-0.977791,-0.629104;8.81709,5.80351,6.96519,14.1434
246;0.582792,-0.639849,-0.299232,0.301873,0.734036,-0.236748,-0.640174,-0.616401,0.121676,0.0748984,-0.1952,0.12215,0.393134,-0.401226,0.462405,-0.279465,0.483437,-0.456675,-0.131756,-0.568532,-0.59989,0.0672578,0.410259,-0.697515,-0.239383;9.81477,4.36478,-0.402071,7.67645
247;0.526245,-0.337737,-0.0713263,0.0766349,0.648654,-0.281735,-0.716223,-0.417768,0.145054,-0.479521,-0.1952,0.207144,0.549086,-0.411955,0.167306,-0.101513,0.38179,-0.507908,0.296939,-0.603148,-0.500709,0.0340084,0.410259,-0.346133,-0.212445;7.12495,0.527095,-4.08196,3.45892
248;0.0792065,0.139082,0.167743,-0.277902,0.245162,-0.534241,-0.107538,-0.0647542,0.191951,-0.647275,-0.429951,0.389856,0.63588,-0.679522,0.525144,-0.348663,-0.153477,-0.603,0.414811,-0.378937,-0.156592,0.126765,0.727445,-0.709517,-0.273803;-3.7271,-2.06781,0.0387966,9.61634
249;0.0608377,0.234994,-0.020407,-0.715195,0.438576,-0.545047,0.461187,0.221606,0.224682,-0.799484,-0.429951,0.428073,0.552664,-0.713934,0.761245,-0.547188,-0.726669,-0.513505,0.300985,-0.178977,0.0472615,-0.0504402,0.820525,-0.818685,-0.40712;-13.1999,-1.28302,3.31655,9.26763
250;0.0276494,0.643625,0.198646,-0.944909,0.752251,-0.481574,0.758072,-0.0740088,-0.255247,-0.616475,-0.0584031,0.173818,0.491148,-0.684061,0.804043,-0.714424,-0.697536,-0.308342,0.114998,0.320161,-0.199911,0.0591868,0.531049,-0.967481,-0.597499;-21.8578,-1.53893,0.967264,4.7777
251;0.372853,0.060838,-0.139862,-0.851949,0.813456,-0.737421,0.69356,-0.291714,-0.403977,-0.481057,-0.109495,0.28781,0.763954,-0.721059,0.703584,-0.545167,-0.873347,-0.161636,-0.184661,-0.22647,-0.00996843,0.412183,0.556796,-0.994513,-0.301756;-19.9809,2.89005,4.98696,4.35826
252;0.437638,0.535928,0.682164,-0.940211,0.497851,-0.202876,0.914686,-0.291965,-0.595958,-0.0234855,0.280595,0.0876114,0.942455,-0.817178,0.882402,-0.600983,-0.896282,0.215041,-0.38128,0.293592,-0.350167,-0.039309,-0.0664363,-0.850753,-0.877122;-23.2475,-4.31365,0.34158,6.70793
253;0.330556,-0.102497,0.777057,-0.964553,0.737337,-0.617751,0.906396,-0.849189,-0.42936,0.643632,0.173333,0.2777,0.949831,-0.966181,0.53716,-0.732781,-0.967549,-0.237076,-0.321193,-0.389627,0.0152348,-0.234288,-0.322662,-0.928293,-0.729616;-17.1612,-3.92234,9.60209,1.04757
254;0.703187,-0.960485,-0.27927,0.0706808,0.386702,-0.277882,0.484565,-0.624798,0.155379,0.672232,-0.296968,0.137523,0.781241,-0.691814,0.490212,0.355652,-0.628763,-0.360666,-0.763138,-0.551371,-0.355202,0.193696,0.302666,-0.933307,-0.76921;0.472466,8.56664,5.77828,13.8841
255;0.658718,-0.702512,0.15262,-0.196108,0.852523,-0.180672,0.0141329,-0.851217,-0.381154,0.568068,0.0948891,-0.378223,0.688064,-0.542438,0.134792,0.277653,0.463887,-0.119909,0.0247952,-0.439196,-0.774633,0.32493,0.213392,-0.724361,-0.791989;1.55374,4.56312,2.32995,7.08612
256;0.780045,-0.594748,0.61157,-0.508271,0.798868,0.144704,0.373166,-0.816325,-0.645902,0.521445,0.500839,-0.29931,0.899608,-0.899213,0.476015,0.236788,0.279724,0.133318,0.235409,-0.395372,-0.742702,0.0490953,-0.640262,-0.700896,-0.834078;-2.87289,-4.33418,3.89274,6.00911
257;0.709578,-0.689717,0.623874,-0.790922,0.849816,-0.393325,0.35806,-0.946734,-0.513044,0.922181,0.41132,-0.114178,0.944296,-0.971146,0.115222,-0.132709,-0.13188,-0.248589,0.172661,-0.714527,-0.62531,-0.166409,-0.778907,-0.794051,-0.702004;-6.66413,-4.91951,9.80551,-0.0997649
258;0.617124,-0.971512,-0.442732,0.368452,0.435071,-0.209415,0.0441283,-0.682543,0.141548,0.605662,-0.1952,0.181927,0.467027,-0.735735,0.689919,0.164663,0.6196,-0.584839,-0.750523,-0.613289,-0.516615,0.197878,-0.169949,-0.977791,-0.629104;8.81709,5.80351,6.96519,14.1434
259;0.582792,-0.639849,-0.299232,0.301873,0.734036,-0.236748,-0.640174,-0.616401,0.121676,0.0748984,-0.1952,0.12215,0.393134,-0.401226,0.462405,-0.279465,0.483437,-0.456675,-0.131756,-0.568532,-0.59989,0.0672578,0.410259,-0.697515,-0.239383;9.81477,4.36478,-0.402071,7.67645
260;0.526245,-0.337737,-0.0713263,0.0766349,0.648654,-0.281735,-0.716223,-0.417768,0.145054,-0.479521,-0.1952,0.207144,0.549086,-0.411955,0.167306,-0.101513,0.38179,-0.507908,0.296939,-0.603148,-0.500709,0.0340084,0.410259,-0.346133,-0.212445;7.12495,0.527095,-4.08196,3.45892
261;0.0792065,0.139082,0.167743,-0.277902,0.245162,-0.534241,-0.107538,-0.0647542,0.191951,-0.647275,-0.429951,0.389856,0.63588,-0.679522,0.525144,-0.348663,-0.153477,-0.603,0.414811,-0.378937,-0.156592,0.126765,0.727445,-0.709517,-0.273803;-3.7271,-2.06781,0.0387966,9.61634
262;0.0608377,0.234994,-0.020407,-0.715195,0.438576,-0.545047,0.461187,0.221606,0.224682,-0.799484,-0.429951,0.428073,0.552664,-0.713934,0.761245,-0.547188,-0.726669,-0.513505,0.300985,-0.178977,0.0472615,-0.0504402,0.820525,-0.818685,-0.40712;-13.1999,-1.28302,3.31655,9.26763
263;0.0276494,0.643625,0.198646,-0.944909,0.752251,-0.481574,0.758072,-0.0740088,-0.255247,-0.616475,-0.0584031,0.173818,0.491148,-0.684061,0.804043,-0.714424,-0.697536,-0.308342,0.114998,0.320161,-0.199911,0.0591868,0.531049,-0.967481,-0.597499;-21.8578,-1.53893,0.967264,4.7777
264;0.372853,0.060838,-0.139862,-0.851949,0.813456,-0.737421,0.69356,-0.291714,-0.403977,-0.481057,-0.109495,0.28781,0.763954,-0.721059,0.703584,-0.545167,-0.873347,-0.161636,-0.184661,-0.22647,-0.00996843,0.412183,0.556796,-0.994513,-0.301756;-19.9809,2.89005,4.98696,4.35826
265;0.437638,0.535928,0.682164,-0.940211,0.497851,-0.202876,0.914686,-0.291965,-0.595958,-0.0234855,0.280595,0.0876114,0.942455,-0.817178,0.882402,-0.600983,-0.896282,0.215041,-0.38128,0.293592,-0.350167,-0.039309,-0.0664363,-0.850753,-0.877122;-23.2475,-4.31365,0.34158,6.70793
266;0.330556,-0.102497,0.777057,-0.964553,0.737337,-0.617751,0.906396,-0.849189,-0.42936,0.643632,0.173333,0.2777,0.949831,-0.966181,0.53716,-0.732781,-0.967549,-0.237076,-0.321193,-0.389627,0.0152348,-0.234288,-0.322662,-0.928293,-0.729616;-17.1612,-3.92234,9.60209,1.04757
267;0.703187,-0.960485,-0.27927,0.0706808,0.386702,-0.277882,0.484565,-0.624798,0.155379,0.672232,-0.296968,0.137523,0.781241,-0.691814,0.490212,0.355652,-0.628763,-0.360666,-0.763138,-0.551371,-0.355202,0.193696,0.302666,-0.933307,-0.76921;0.472466,8.56664,5.77828,13.8841
268;0.658718,-0.702512,0.15262,-0.196108,0.852523,-0.180672,0.0141329,-0.851217,-0.381154,0.568068,0.0948891,-0.378223,0.688064,-0.542438,0.134792,0.277653,0.463887,-0.119909,0.0247952,-0.439196,-0.774633,0.32493,0.213392,-0.724361,-0.791989;1.55374,4.56312,2.32995,7.08612
269;0.780045,-0.594748,0.61157,-0.508271,0.798868,0.144704,0.373166,-0.816325,-0.645902,0.521445,0.500839,-0.29931,0.899608,-0.899213,0.476015,0.236788,0.279724,0.133318,0.235409,-0.395372,-0.742702,0.0490953,-0.640262,-0.700896,-0.834078;-2.87289,-4.33418,3.89274,6.00911
270;0.709578,-0.689717,0.623874,-0.790922,0.849816,-0.393325,0.35806,-0.946734,-0.513044,0.922181,0.41132,-0.114178,0.944296,-0.971146,0.115222,-0.132709,-0.13188,-0.248589,0.172661,-0.714527,-0.62531,-0.166409,-0.778907,-0.794051,-0.702004;-6.66413,-4.91951,9.80551,-0.0997649
271;0.617124,-0.971512,-0.442732,0.368452,0.435071,-0.209415,0.0441283,-0.682543,0.141548,0.605662,-0.1952,0.181927,0.467027,-0.735735,0.689919,0.164663,0.6196,-0.584839,-0.750523,-0.613289,-0.516615,0.197878,-0.169949,-0.977791,-0.629104;8.81709,5.80351,6.96519,14.1434
272;0.582792,-0.639849,-0.299232,0.301873,0.734036,-0.236748,-0.640174,-0.616401,0.121676,0.0748984,-0.1952,0.12215,0.393134,-0.401226,0.462405,-0.279465,0.483437,-0.456675,-0.131756,-0.568532,-0.59989,0.0672578,0.410259,-0.697515,-0.239383;9.81477,4.36478,-0.402071,7.67645
273;0.526245,-0.337737,-0.0713263,0.0766349,0.648654,-0.281735,-0.716223,-0.417768,0.145054,-0.479521,-0.1952,0.207144,0.549086,-0.411955,0.167306,-0.101513,0.38179,-0.507908,0.296939,-0.603148,-0.500709,0.0340084,0.410259,-0.346133,-0.212445;7.12495,0.527095,-4.08196,3.45892
274;0.0792065,0.139082,0.167743,-0.277902,0.245162,-0.534241,-0.107538,-0.0647542,0.191951,-0.647275,-0.429951,0.389856,0.63588,-0.679522,0.525144,-0.348663,-0.153477,-0.603,0.414811,-0.378937,-0.156592,0.126765,0.727445,-0.709517,-0.273803;-3.7271,-2.06781,0.0387966,9.61634
275;0.0608377,0.234994,-0.020407,-0.715195,0.438576,-0.545047,0.461187,0.221606,0.224682,-0.799484,-0.429951,0.428073,0.552664,-0.713934,0.761245,-0.547188,-0.726669,-0.513505,0.300985,-0.178977,0.0472615,-0.0504402,0.820525,-0.818685,-0.40712;-13.1999,-1.28302,3.31655,9.26763
276;0.0276494,0.643625,0.198646,-0.944909,0.752251,-0.481574,0.758072,-0.0740088,-0.255247,-0.616475,-0.0584031,0.173818,0.491148,-0.684061,0.804043,-0.714424,-0.697536,-0.308342,0.114998,0.320161,-0.199911,0.0591868,0.531049,-0.967481,-0.597499;-21.8578,-1.53893,0.967264,4.7777
277;0.372853,0.060838,-0.139862,-0.851949,0.813456,-0.737421,0.69356,-0.291714,-0.403977,-0.481057,-0.109495,0.28781,0.763954,-0.721059,0.703584,-0.545167,-0.873347,-0.161636,-0.184661,-0.22647,-0.00996843,0.412183,0.556796,-0.994513,-0.301756;-19.9809,2.89005,4.98696,4.35826
278;0.437638,0.535928,0.682164,-0.940211,0.497851,-0.202876,0.914686,-0.291965,-0.595958,-0.0234855,0.280595,0.0876114,0.942455,-0.817178,0.882402,-0.600983,-0.896282,0.215041,-0.38128,0.293592,-0.350167,-0.039309,-0.0664363,-0.850753,-0.877122;-23.2475,-4.31365,0.34158,6.70793
279;0.330556,-0.102497,0.777057,-0.964553,0.737337,-0.617751,0.906396,-0.849189,-0.42936,0.643632,0.173333,0.2777,0.949831,-0.966181,0.53716,-0.732781,-0.967549,-0.237076,-0.321193,-0.389627,0.0152348,-0.234288,-0.322662,-0.928293,-0.729616;-17.1612,-3.92234,9.60209,1.04757
280;0.703187,-0.960485,-0.27927,0.0706808,0.386702,-0.277882,0.484565,-0.624798,0.155379,0.672232,-0.296968,0.137523,0.781241,-0.691814,0.490212,0.355652,-0.628763,-0.360666,-0.763138,-0.551371,-0.355202,0.193696,0.302666,-0.933307,-0.76921;0.472466,8.56664,5.77828,13.8841
281;0.658718,-0.702512,0.15262,-0.196108,0.852523,-0.180672,0.0141329,-0.851217,-0.381154,0.568068,0.0948891,-0.378223,0.688064,-0.542438,0.134792,0.277653,0.463887,-0.119909,0.0247952,-0.439196,-0.774633,0.32493,0.213392,-0.724361,-0.791989;1.55374,4.56312,2.32995,7.08612
282;0.780045,-0.594748,0.61157,-0.508271,0.798868,0.144704,0.373166,-0.816325,-0.645902,0.521445,0.500839,-0.29931,0.899608,-0.899213,0.476015,0.236788,0.279724,0.133318,0.235409,-0.395372,-0.742702,0.0490953,-0.640262,-0.700896,-0.834078;-2.87289,-4.33418,3.89274,6.00911
283;0.709578,-0.689717,0.623874,-0.790922,0.849816,-0.393325,0.35806,-0.946734,-0.513044,0.922181,0.41132,-0.114178,0.944296,-0.971146,0.115222,-0.132709,-0.13188,-0.248589,0.172661,-0.714527,-0.62531,-0.166409,-0.778907,-0.794051,-0.702004;-6.66413,-4.91951,9.80551,-0.0997649
284;0.617124,-0.971512,-0.442732,0.368452,0.435071,-0.209415,0.0441283,-0.682543,0.141548,0.605662,-0.1952,0.181927,0.467027,-0.735735,0.689919,0.164663,0.6196,-0.584839,-0.750523,-0.613289,-0.516615,0.197878,-0.169949,-0.977791,-0.629104;8.81709,5.80351,6.96519,14.1434
285;0.582792,-0.639849,-0.299232,0.301873,0.734036,-0.236748,-0.640174,-0.616401,0.121676,0.0748984,-0.1952,0.12215,0.393134,-0.401226,0.462405,-0.279465,0.483437,-0.456675,-0.131756,-0.568532,-0.59989,0.0672578,0.410259,-0.697515,-0.239383;9.81477,4.36478,-0.402071,7.67645
286;0.526245,-0.337737,-0.0713263,0.0766349,0.648654,-0.281735,-0.716223,-0.417768,0.145054,-0.479521,-0.1952,0.207144,0.549086,-0.411955,0.167306,-0.101513,0.38179,-0.507908,0.296939,-0.603148,-0.500709,0.0340084,0.410259,-0.346133,-0.212445;7.12495,0.527095,-4.08196,3.45892
287;0.0792065,0.139082,0.167743,-0.277902,0.245162,-0.534241,-0.107538,-0.0647542,0.191951,-0.647275,-0.429951,0.389856,0.63588,-0.679522,0.525144,-0.348663,-0.153477,-0.603,0.414811,-0.378937,-0.156592,0.126765,0.727445,-0.709517,-0.273803;-3.7271,-2.06781,0.0387966,9.61634
288;0.0608377,0.234994,-0.020407,-0.715195,0.438576,-0.545047,0.461187,0.221606,0.224682,-0.799484,-0.429951,0.428073,0.552664,-0.713934,0.761245,-0.547188,-0.726669,-0.513505,0.300985,-0.178977,0.0472615,-0.0504402,0.820525,-0.818685,-0.40712;-13.1999,-1.28302,3.31655,9.26763
289;0.0276494,0.643625,0.198646,-0.944909,0.752251,-0.481574,0.758072,-0.0740088,-0.255247,-0.616475,-0.0584031,0.173818,0.491148,-0.684061,0.804043,-0.714424,-0.697536,-0.308342,0.114998,0.320161,-0.199911,0.0591868,0.531049,-0.967481,-0.597499;-21.8578,-1.53893,0.967264,4.7777
290;0.372853,0.060838,-0.139862,-0.851949,0.813456,-0.737421,0.69356,-0.291714,-0.403977,-0.481057,-0.109495,0.28781,0.763954,-0.721059,0.703584,-0.545167,-0.873347,-0.161636,-0.184661,-0.22647,-0.00996843,0.412183,0.556796,-0.994513,-0.301756;-19.9809,2.89005,4.98696,4.35826
291;0.437638,0.535928,0.682164,-0.940211,0.497851,-0.202876,0.914686,-0.291965,-0.595958,-0.0234855,0.280595,0.0876114,0.942455,-0.817178,0.882402,-0.600983,-0.896282,0.215041,-0.38128,0.293592,-0.350167,-0.039309,-0.0664363,-0.850753,-0.877122;-23.2475,-4.31365,0.34158,6.70793
292;0.330556,-0.102497,0.777057,-0.964553,0.737337,-0.617751,0.906396,-0.849189,-0.42936,0.643632,0.173333,0.2777,0.949831,-0.966181,0.53716,-0.732781,-0.967549,-0.237076,-0.321193,-0.389627,0.0152348,-0.234288,-0.322662,-0.928293,-0.729616;-17.1612,-3.92234,9.60209,1.04757
293;0.703187,-0.960485,-0.27927,0.0706808,0.386702,-0.277882,0.484565,-0.624798,0.155379,0.672232,-0.296968,0.137523,0.781241,-0.691814,0.490212,0.355652,-0.628763,-0.360666,-0.763138,-0.551371,-0.355202,0.193696,0.302666,-0.933307,-0.76921;0.472466,8.56664,5.77828,13.8841
294;0.658718,-0.702512,0.15262,-0.196108,0.852523,-0.180672,0.0141329,-0.851217,-0.381154,0.568068,0.0948891,-0.378223,0.688064,-0.542438,0.134792,0.277653,0.463887,-0.119909,0.0247952,-0.439196,-0.774633,0.32493,0.213392,-0.724361,-0.791989;1.55374,4.56312,2.32995,7.08612
295;0.780045,-0.594748,0.61157,-0.508271,0.798868,0.144704,0.373166,-0.816325,-0.645902,0.521445,0.500839,-0.29931,0.899608,-0.899213,0.476015,0.236788,0.279724,0.133318,0.235409,-0.395372,-0.742702,0.0490953,-0.640262,-0.700896,-0.834078;-2.87289,-4.33418,3.89274,6.00911
296;0.709578,-0.689717,0.623874,-0.790922,0.849816,-0.393325,0.35806,-0.946734,-0.513044,0.922181,0.41132,-0.114178,0.944296,-0.971146,0.115222,-0.132709,-0.13188,-0.248589,0.172661,-0.714527,-0.62531,-0.166409,-0.778907,-0.794051,-0.702004;-6.66413,-4.91951,9.80551,-0.0997649
297;0.617124,-0.971512,-0.442732,0.368452,0.435071,-0.209415,0.0441283,-0.682543,0.141548,0.605662,-0.1952,0.181927,0.467027,-0.735735,0.689919,0.164663,0.6196,-0.584839,-0.750523,-0.613289,-0.516615,0.197878,-0.169949,-0.977791,-0.629104;8.81709,5.80351,6.96519,14.1434
298;0.582792,-0.639849,-0.299232,0.301873,0.734036,-0.236748,-0.640174,-0.616401,0.121676,0.0748984,-0.1952,0.12215,0.393134,-0.401226,0.462405,-0.279465,0.483437,-0.456675,-0.131756,-0.568532,-0.59989,0.0672578,0.410259,-0.697515,-0.239383;9.81477,4.36478,-0.402071,7.67645
299;0.526245,-0.337737,-0.0713263,0.0766349,0.648654,-0.281735,-0.716223,-0.417768,0.145054,-0.479521,-0.1952,0.207144,0.549086,-0.411955,0.167306,-0.101513,0.38179,-0.507908,0.296939,-0.603148,-0.500709,0.0340084,0.410259,-0.346133,-0.212445;7.12495,0.527095,-4.08196,3.45892
