Passo;Reservat rio (Ativa  es);Sa da (Ativa  es)
0;0.368961,0.0870823,0.367056,-0.268535,-0.408835,-0.399764,0.0114084,0.136707,-0.467381,0.373984,-0.251727,0.400409,-0.461313,-0.262693,-0.44245,0.0905788,0.382685,0.08397,-0.0130668,0.0702269,0.167891,0.187295,0.135981,0.253233,-0.388818;-0.368783,-2.39144,1.41689,1.60363
1;0.543503,0.189144,0.394555,0.0215907,-0.357867,-0.0586808,0.290345,0.399047,-0.644012,0.549336,-0.355384,0.418549,-0.461313,-0.38587,-0.66242,0.185671,0.485013,-0.129276,-0.150058,0.264984,-0.031035,-0.0607511,0.105578,0.193959,-0.388818;0.207273,-2.65269,1.20096,2.92689
2;0.588552,0.113646,0.371135,-0.162567,-0.333187,0.0838175,0.277648,0.355217,-0.702438,0.694434,-0.408846,0.381909,-0.461313,-0.218319,-0.662988,0.337957,0.498154,-0.276565,-0.293337,0.0898024,-0.149502,-0.119905,-0.0115597,0.227338,-0.388818;-0.61914,-2.28795,1.80816,2.72956
3;0.622708,0.182013,0.361206,-0.236978,-0.366639,0.0721765,0.266258,0.350864,-0.694305,0.717308,-0.488345,0.366195,-0.461313,-0.235527,-0.63055,0.300971,0.506785,-0.398585,-0.265904,0.0603916,-0.201285,-0.182194,0.00645421,0.274522,-0.388818;-1.03148,-2.15809,2.20515,2.19419
4;0.619356,0.191644,0.36202,-0.230989,-0.363245,0.0451521,0.258319,0.364167,-0.686395,0.731353,-0.465147,0.375771,-0.461313,-0.298572,-0.60916,0.284656,0.507923,-0.401956,-0.267711,0.0274746,-0.202973,-0.209645,0.00758827,0.275773,-0.388818;-0.735624,-1.78693,2.21988,2.33077
5;0.62132,0.205735,0.363908,-0.217021,-0.350728,0.0330347,0.256267,0.363621,-0.681739,0.724925,-0.424719,0.375852,-0.461313,-0.296436,-0.593936,0.27787,0.504024,-0.409542,-0.274704,0.0363328,-0.193233,-0.209202,0.00157823,0.275663,-0.388818;-0.503561,-1.63214,2.33879,2.37338
6;0.666186,-0.169827,0.0791379,0.0991363,-0.0923144,0.406046,0.261506,0.0398948,-0.62732,0.904894,-0.583122,0.0941967,-0.328044,0.19649,-0.801585,0.165417,0.125811,-0.768357,0.0802055,0.0192701,0.0598529,0.303399,-0.490697,0.603613,-0.455085;-5.01298,-4.66998,-1.38429,2.04776
7;0.634883,-0.238274,0.0492489,-0.125776,-0.201927,0.390071,0.17943,0.0375711,-0.678673,0.958852,-0.794858,0.117425,-0.328044,0.141639,-0.848053,-0.0292682,0.26506,-0.759901,0.300975,-0.149108,-0.0843751,0.232913,-0.391488,0.671171,-0.455085;-7.57648,-4.62761,-1.05302,0.161997
8;0.612654,-0.366703,-0.132437,-0.731397,0.405338,0.758988,0.592734,-0.243193,-0.52056,0.970828,-0.856941,-0.377487,-0.0775863,-0.427709,-0.802589,-0.0980086,-0.754911,0.118669,0.60901,-0.563173,-0.209381,-0.11683,-0.283004,0.84688,-0.49871;-8.7198,-3.18699,-7.62641,-2.16346
9;0.51193,-0.248067,-0.161479,-0.826046,0.50766,0.707771,0.469147,-0.256405,-0.471925,0.870097,-0.72281,-0.3516,-0.0775863,-0.705339,-0.83843,-0.246741,-0.670037,0.219367,0.743971,-0.689197,0.180693,-0.134199,-0.176411,0.842254,-0.49871;-7.89621,-0.312887,-8.74364,-0.82825
10;0.137691,0.277756,-0.180073,-0.470266,0.172689,0.652385,0.328036,0.553557,-0.916487,0.956662,-0.580951,0.0339408,-0.712846,-0.906026,-0.954141,0.225348,0.414453,0.213123,0.851534,-0.560804,0.273108,-0.486562,-0.492749,0.31215,-0.380138;-6.3145,2.59853,-2.17497,3.15267
11;0.678392,-0.129011,-0.121095,-0.715952,0.55295,0.779345,0.790942,0.442517,-0.87114,0.965942,-0.659341,-0.367227,-0.397087,-0.745596,-0.913449,0.461369,-0.0298097,0.148743,0.159811,-0.523887,0.277746,-0.164036,-0.902102,0.551056,0.164774;-10.5284,0.96839,-6.44027,3.86042
12;0.640913,-0.165217,-0.131149,-0.770956,0.527096,0.768996,0.765941,0.240417,-0.850829,0.971503,-0.697009,-0.49219,-0.397087,-0.780942,-0.923617,0.222371,-0.193895,-0.121737,0.272876,-0.7584,0.101148,-0.543692,-0.891166,0.630048,0.164774;-12.0349,2.19735,-5.39912,1.8716
13;0.130433,0.574977,0.115551,-0.665256,-0.082355,0.426253,0.396526,0.772137,-0.92833,0.923375,-0.424037,0.256979,-0.782307,-0.932214,-0.858163,0.479012,0.515207,0.496862,0.540533,-0.540229,-0.15208,-0.804172,-0.221444,0.130585,-0.309085;-2.68705,2.5854,1.12945,2.14437
14;0.651341,0.362429,0.337011,-0.356371,-0.218511,0.0996402,0.242014,0.601872,-0.732064,0.463859,-0.227233,0.517902,-0.461313,-0.446012,-0.671965,0.534818,0.519628,-0.260733,-0.453631,0.288607,0.318075,0.179141,-0.203251,0.331701,-0.388818;3.05651,-0.856513,-0.487464,6.06084
15;0.632683,0.0866772,0.360098,-0.245088,-0.320967,0.0542264,0.28139,0.351354,-0.694868,0.816221,-0.384828,0.347938,-0.461313,-0.282282,-0.614658,0.326545,0.475148,-0.327716,-0.384494,0.123714,-0.136769,-0.280461,-0.108788,0.271234,-0.388818;-0.491825,-1.74631,1.81444,3.27342
16;0.634118,0.164451,0.363274,-0.221722,-0.353974,0.0359451,0.249828,0.347793,-0.67997,0.68677,-0.435271,0.354108,-0.461313,-0.253588,-0.568546,0.251437,0.51093,-0.483451,-0.262188,0.0572344,-0.226154,-0.234791,0.00726909,0.299634,-0.388818;-1.00774,-1.66574,2.72517,1.85603
17;0.61271,-0.403037,-0.284707,-0.259256,-0.447336,0.54351,0.678582,0.0933309,-0.804758,0.940834,-0.809817,-0.077329,-0.452034,-0.313664,-0.895826,0.541556,-0.354716,-0.42167,0.584055,0.0844894,-0.103911,-0.207205,-0.28616,0.531167,-0.64067;-6.8255,-4.25196,-2.42946,1.48129
18;0.360487,-0.0799882,-0.167254,-0.342243,0.0851068,0.663174,0.403204,0.613422,-0.914839,0.985598,-0.732557,-0.00989239,-0.712846,-0.799166,-0.952008,0.353421,0.41036,0.122149,0.726246,-0.561362,-0.162045,-0.426914,-0.61077,0.373671,-0.380138;-8.36162,0.210378,-1.99125,1.77635
19;0.398991,0.2533,0.00960271,-0.679231,0.832769,0.853179,0.453029,0.436152,-0.729477,0.977858,-0.409972,-0.320538,-0.448991,-0.744463,-0.87743,0.0701612,-0.437296,0.582497,0.471062,-0.672424,0.160584,-0.135739,-0.78143,0.781721,-0.186298;-4.83357,1.29182,-6.39138,1.59626
20;0.274577,0.332789,-0.005686,-0.751529,0.828914,0.847949,0.442783,0.344685,-0.708115,0.960023,-0.39812,-0.395315,-0.448991,-0.794086,-0.870965,-0.071732,-0.447661,0.517417,0.617063,-0.683228,0.418265,-0.365004,-0.741035,0.7852,-0.186298;-5.33701,2.60331,-6.28709,1.87023
21;0.178993,0.297239,-0.190964,-0.479881,0.19221,0.697043,0.459115,0.654847,-0.91617,0.955878,-0.561622,0.0177098,-0.712846,-0.831591,-0.948609,0.428785,0.284825,0.104805,0.736876,-0.281657,0.440583,-0.417723,-0.664589,0.430572,-0.380138;-5.01999,1.75591,-2.86046,4.58888
22;-0.0350945,0.441664,-0.048992,-0.307568,0.665132,0.800651,-0.0668004,0.714675,-0.83601,0.98521,-0.238955,0.156119,-0.742575,-0.755528,-0.917282,0.368281,-0.176672,0.626693,0.78877,-0.38016,0.295449,-0.0708426,-0.460618,0.64865,-0.638129;1.76944,2.84039,-3.29575,3.37785
23;0.439358,0.228172,-0.00145929,-0.715023,0.8297,0.852047,0.512465,0.477126,-0.727881,0.970946,-0.414542,-0.34368,-0.448991,-0.672587,-0.878647,0.0757286,-0.369783,0.603555,0.485111,-0.372342,0.436637,-0.09504,-0.79509,0.737734,-0.186298;-5.29121,1.00506,-6.94412,2.98483
24;0.267936,0.208077,-0.00559489,-0.751261,0.823727,0.84825,0.443023,0.34506,-0.707101,0.962078,-0.434298,-0.38765,-0.448991,-0.808821,-0.874906,-0.0561633,-0.441739,0.524075,0.601284,-0.696035,0.376296,-0.359851,-0.74978,0.772696,-0.186298;-5.757,2.48166,-6.51487,1.89694
25;0.184321,0.302373,-0.190988,-0.480006,0.195436,0.698873,0.459498,0.652627,-0.916404,0.955905,-0.557254,0.014769,-0.712846,-0.828273,-0.950944,0.402959,0.282994,0.0980443,0.736449,-0.289219,0.405982,-0.413985,-0.66468,0.43712,-0.380138;-5.05001,1.73819,-2.76468,4.36214
26;0.692721,-0.246796,-0.124779,-0.728061,0.540547,0.77196,0.792129,0.43889,-0.866663,0.974384,-0.684021,-0.393791,-0.397087,-0.731403,-0.907404,0.413568,-0.0241378,0.109057,0.104262,-0.572389,0.212954,-0.253301,-0.910358,0.574324,0.164774;-11.0294,1.07017,-6.03322,3.44273
27;0.632544,-0.145523,-0.130565,-0.76932,0.52476,0.766038,0.762174,0.235222,-0.850375,0.970453,-0.699434,-0.499721,-0.397087,-0.776953,-0.918831,0.17208,-0.186478,-0.146066,0.273331,-0.763703,0.0557475,-0.562155,-0.890889,0.636568,0.164774;-12.0774,2.19105,-5.15766,1.51288
28;0.119022,0.576646,0.115786,-0.664358,-0.0832564,0.423632,0.395288,0.772393,-0.92847,0.923607,-0.42356,0.257578,-0.782307,-0.931589,-0.85464,0.479511,0.516572,0.497459,0.542518,-0.542019,-0.151404,-0.804023,-0.219137,0.1363,-0.309085;-2.64598,2.58485,1.17712,2.1049
29;0.651523,0.36317,0.337198,-0.355125,-0.218646,0.0971447,0.242093,0.602415,-0.731228,0.462389,-0.225551,0.518309,-0.461313,-0.441258,-0.672069,0.531902,0.519222,-0.260207,-0.453851,0.289301,0.318973,0.181233,-0.203344,0.33101,-0.388818;3.06516,-0.869024,-0.467832,6.05011
30;0.63221,0.0864296,0.360273,-0.243811,-0.321937,0.0544247,0.281613,0.351172,-0.695041,0.816501,-0.38729,0.347815,-0.461313,-0.282096,-0.61457,0.327121,0.475057,-0.326996,-0.384789,0.124173,-0.136276,-0.280267,-0.109017,0.271151,-0.388818;-0.496478,-1.7683,1.80929,3.27797
31;0.634203,0.164305,0.363261,-0.221824,-0.354011,0.0359675,0.249894,0.347656,-0.679914,0.686506,-0.435316,0.353995,-0.461313,-0.252595,-0.569863,0.251367,0.510951,-0.48366,-0.26221,0.0566235,-0.226203,-0.234624,0.0073669,0.299638,-0.388818;-1.01124,-1.66491,2.72496,1.85328
32;0.612641,-0.402816,-0.284709,-0.259268,-0.447517,0.544041,0.678588,0.0933359,-0.804995,0.940921,-0.810296,-0.0773696,-0.452034,-0.313762,-0.895819,0.541947,-0.354564,-0.421545,0.584106,0.0844186,-0.103906,-0.207242,-0.286104,0.531151,-0.64067;-6.82706,-4.25459,-2.43042,1.48172
33;0.360558,-0.0799579,-0.167296,-0.342498,0.0851288,0.663172,0.403201,0.613426,-0.914833,0.985596,-0.732528,-0.00987143,-0.712846,-0.79913,-0.952043,0.353487,0.41037,0.122116,0.726233,-0.561434,-0.161981,-0.42688,-0.610772,0.373656,-0.380138;-8.36181,0.211506,-1.99144,1.77666
34;0.688255,-0.12505,-0.12195,-0.718801,0.535837,0.778275,0.794343,0.423275,-0.867249,0.97216,-0.693336,-0.394778,-0.397087,-0.748396,-0.926985,0.338431,-0.0163011,0.0878011,0.112708,-0.582776,0.119327,-0.286946,-0.906878,0.611732,0.164774;-10.8367,0.805127,-5.7284,2.68704
35;0.623696,-0.140249,-0.131064,-0.770719,0.527556,0.769536,0.761274,0.239545,-0.854814,0.970424,-0.700309,-0.498915,-0.397087,-0.775687,-0.917043,0.199096,-0.1842,-0.141824,0.281416,-0.766385,0.0952017,-0.570495,-0.889357,0.643142,0.164774;-12.0372,2.25529,-5.18445,1.66996
36;0.124119,0.577332,0.115508,-0.665421,-0.0835425,0.422088,0.394535,0.77324,-0.928041,0.92291,-0.423309,0.25936,-0.782307,-0.931284,-0.854799,0.477516,0.51625,0.499626,0.540948,-0.54145,-0.148833,-0.803297,-0.221058,0.130814,-0.309085;-2.6465,2.58202,1.15578,2.14184
37;0.651499,0.362883,0.337308,-0.354391,-0.218712,0.0976845,0.242075,0.601939,-0.731422,0.462052,-0.225821,0.5181,-0.461313,-0.443583,-0.672393,0.534168,0.518826,-0.260336,-0.454287,0.289958,0.319905,0.181351,-0.203738,0.331223,-0.388818;3.06998,-0.867492,-0.484929,6.06577
38;0.632374,0.0861756,0.360235,-0.244087,-0.321462,0.0546298,0.281653,0.35108,-0.695019,0.816512,-0.38628,0.347672,-0.461313,-0.281548,-0.614765,0.327072,0.475134,-0.326954,-0.384552,0.124096,-0.136618,-0.280408,-0.108792,0.271148,-0.388818;-0.498536,-1.76215,1.81284,3.27367
39;0.634175,0.164328,0.363246,-0.22193,-0.354121,0.0360658,0.249871,0.347708,-0.679962,0.686491,-0.435676,0.354048,-0.461313,-0.252901,-0.569432,0.251376,0.511,-0.4836,-0.262098,0.0568657,-0.226251,-0.23464,0.00740584,0.299618,-0.388818;-1.01216,-1.66706,2.7245,1.85324
40;0.612649,-0.402909,-0.284716,-0.259317,-0.447461,0.543864,0.678584,0.0933598,-0.804918,0.940896,-0.810143,-0.0773243,-0.452034,-0.313822,-0.895862,0.54182,-0.354618,-0.421506,0.584076,0.0843473,-0.10393,-0.207205,-0.286127,0.531147,-0.64067;-6.82627,-4.25346,-2.43064,1.48178
41;0.360544,-0.0799289,-0.167282,-0.342413,0.0851424,0.663185,0.403202,0.613426,-0.914839,0.985596,-0.732523,-0.00987982,-0.712846,-0.799145,-0.952034,0.35348,0.410362,0.12212,0.72623,-0.561403,-0.161967,-0.426887,-0.610779,0.373664,-0.380138;-8.36152,0.211271,-1.99147,1.77678
42;0.688253,-0.125059,-0.121951,-0.718804,0.535839,0.778275,0.794344,0.42327,-0.867248,0.97216,-0.693329,-0.394783,-0.397087,-0.748374,-0.926987,0.338432,-0.0162993,0.0877996,0.11271,-0.582775,0.119328,-0.286944,-0.906878,0.611732,0.164774;-10.8367,0.805131,-5.72833,2.68697
43;0.623695,-0.14025,-0.131064,-0.770719,0.527552,0.769537,0.761274,0.239546,-0.854815,0.970424,-0.700316,-0.498915,-0.397087,-0.775688,-0.917042,0.199094,-0.184199,-0.141823,0.281419,-0.766384,0.0951981,-0.570494,-0.889356,0.643142,0.164774;-12.0373,2.25524,-5.18446,1.66994
44;0.124119,0.577332,0.115508,-0.665421,-0.0835423,0.422088,0.394535,0.77324,-0.928041,0.92291,-0.423308,0.259361,-0.782307,-0.931284,-0.8548,0.477515,0.516249,0.499627,0.540948,-0.541451,-0.148833,-0.803297,-0.221059,0.130814,-0.309085;-2.64649,2.58202,1.15578,2.14184
45;0.651499,0.362883,0.337309,-0.35439,-0.218712,0.0976851,0.242075,0.601938,-0.731423,0.462052,-0.225821,0.5181,-0.461313,-0.443582,-0.672393,0.534169,0.518826,-0.260336,-0.454287,0.289959,0.319906,0.18135,-0.203738,0.331223,-0.388818;3.06998,-0.867496,-0.484929,6.06577
46;0.588398,-0.15869,0.00528966,-0.545748,-0.612126,0.245122,0.691435,0.393089,-0.847022,0.880923,-0.694627,0.184637,-0.568699,-0.661589,-0.798668,0.673003,0.0152104,0.197187,0.172012,0.198213,-0.254816,-0.66362,0.12553,0.166904,-0.590622;-2.92994,-2.56172,0.0194992,2.62709
47;0.612086,-0.200388,-0.00657397,-0.587654,-0.580163,0.213498,0.612651,0.514903,-0.853092,0.657711,-0.66553,0.278905,-0.568699,-0.775509,-0.853702,0.66093,0.235169,0.176262,0.24096,0.0107944,-0.224489,-0.525721,0.190679,0.143885,-0.590622;-3.24127,-1.23366,-0.313273,2.4998
48;0.641139,-0.463161,-0.297782,-0.33057,-0.347506,0.573234,0.621147,0.237776,-0.83894,0.910106,-0.757824,0.0161706,-0.452034,-0.544269,-0.938632,0.605909,-0.207663,-0.241082,0.490782,0.0229525,0.0367142,-0.0427029,-0.382192,0.490563,-0.64067;-5.95575,-3.25855,-4.2812,3.43699
49;0.386501,-0.0569575,-0.169578,-0.356444,0.136921,0.676361,0.412134,0.604835,-0.918908,0.987074,-0.677354,-0.0168138,-0.712846,-0.798882,-0.959528,0.372306,0.389499,0.107725,0.689701,-0.515037,-0.124737,-0.438054,-0.651151,0.382574,-0.380138;-8.02862,0.512781,-2.17279,2.13682
50;0.689245,-0.145674,-0.122996,-0.722252,0.535796,0.779283,0.793722,0.420131,-0.867652,0.972361,-0.695741,-0.401692,-0.397087,-0.74939,-0.921083,0.343773,-0.013342,0.0740468,0.124779,-0.577601,0.115226,-0.30605,-0.906213,0.616226,0.164774;-11.0302,0.863995,-5.69825,2.62474
51;0.623145,-0.142773,-0.131144,-0.770942,0.527719,0.767802,0.760426,0.242075,-0.853695,0.970185,-0.698158,-0.496658,-0.397087,-0.77862,-0.915428,0.187933,-0.182703,-0.137744,0.283154,-0.767358,0.0826678,-0.570424,-0.889075,0.643338,0.164774;-12.0435,2.24152,-5.16108,1.59381
52;0.122664,0.577601,0.115646,-0.664894,-0.0828797,0.421284,0.39452,0.773367,-0.928085,0.922627,-0.421082,0.259838,-0.782307,-0.931424,-0.854794,0.476247,0.515606,0.500196,0.539886,-0.540374,-0.148026,-0.803133,-0.222164,0.132332,-0.309085;-2.62338,2.5837,1.15928,2.14249
53;0.651401,0.362508,0.337366,-0.354008,-0.218682,0.0975796,0.242128,0.601906,-0.731491,0.461868,-0.22574,0.517892,-0.461313,-0.442346,-0.671914,0.533659,0.518716,-0.260528,-0.454276,0.290555,0.319941,0.181045,-0.203782,0.331424,-0.388818;3.06727,-0.872227,-0.477194,6.06043
54;0.632255,0.0859327,0.360242,-0.244034,-0.321715,0.0543556,0.281644,0.351074,-0.694904,0.816422,-0.386657,0.347663,-0.461313,-0.281323,-0.614685,0.326676,0.475146,-0.326851,-0.384531,0.124065,-0.136949,-0.280443,-0.108773,0.271156,-0.388818;-0.500784,-1.76614,1.8144,3.27026
55;0.634117,0.164343,0.363265,-0.221789,-0.354165,0.0360222,0.24987,0.347708,-0.679958,0.68643,-0.435745,0.354052,-0.461313,-0.252868,-0.569575,0.251266,0.510995,-0.483553,-0.262126,0.0567902,-0.226273,-0.234597,0.00740936,0.299652,-0.388818;-1.0119,-1.668,2.72439,1.85279
56;0.612627,-0.402876,-0.284713,-0.259295,-0.447467,0.543924,0.67859,0.0933478,-0.804947,0.940902,-0.81018,-0.0773425,-0.452034,-0.313727,-0.895879,0.541857,-0.354606,-0.421483,0.584072,0.0843373,-0.103901,-0.207201,-0.286125,0.531149,-0.64067;-6.82647,-4.25396,-2.4304,1.48166
57;0.360547,-0.0799236,-0.167287,-0.342442,0.0851209,0.663191,0.403203,0.613424,-0.914839,0.985596,-0.732555,-0.00988162,-0.712846,-0.799132,-0.952038,0.353496,0.410368,0.122115,0.726233,-0.561408,-0.161956,-0.426881,-0.610775,0.373661,-0.380138;-8.3617,0.211161,-1.9915,1.7768
58;0.688254,-0.125058,-0.121952,-0.718806,0.535837,0.778276,0.794344,0.423272,-0.867248,0.97216,-0.693334,-0.394781,-0.397087,-0.748381,-0.926989,0.338437,-0.0162984,0.0878008,0.112708,-0.582781,0.119331,-0.286943,-0.906878,0.611731,0.164774;-10.8367,0.805139,-5.72837,2.68702
59;0.623696,-0.140247,-0.131064,-0.770719,0.527554,0.769537,0.761274,0.239546,-0.854815,0.970424,-0.700315,-0.498915,-0.397087,-0.775688,-0.917043,0.199095,-0.184199,-0.141824,0.281418,-0.766385,0.0952,-0.570494,-0.889356,0.643142,0.164774;-12.0372,2.25525,-5.18446,1.66995
60;0.124119,0.577332,0.115508,-0.665421,-0.0835423,0.422088,0.394535,0.77324,-0.928041,0.922911,-0.423309,0.259361,-0.782307,-0.931284,-0.8548,0.477516,0.51625,0.499627,0.540948,-0.541451,-0.148832,-0.803297,-0.221059,0.130814,-0.309085;-2.64649,2.58203,1.15578,2.14184
61;0.651499,0.362883,0.337308,-0.354391,-0.218712,0.097685,0.242075,0.601939,-0.731422,0.462052,-0.225821,0.5181,-0.461313,-0.443582,-0.672393,0.534169,0.518826,-0.260336,-0.454287,0.289958,0.319906,0.18135,-0.203738,0.331223,-0.388818;3.06998,-0.867494,-0.48493,6.06577
62;0.632374,0.0861755,0.360235,-0.244088,-0.321462,0.0546297,0.281653,0.35108,-0.695019,0.816512,-0.38628,0.347672,-0.461313,-0.281548,-0.614765,0.327072,0.475134,-0.326954,-0.384552,0.124095,-0.136618,-0.280408,-0.108792,0.271148,-0.388818;-0.498537,-1.76215,1.81284,3.27367
63;0.634175,0.164328,0.363246,-0.22193,-0.354121,0.0360659,0.249871,0.347708,-0.679962,0.686491,-0.435676,0.354048,-0.461313,-0.252901,-0.569432,0.251376,0.511,-0.4836,-0.262098,0.0568656,-0.226251,-0.23464,0.00740584,0.299618,-0.388818;-1.01216,-1.66706,2.7245,1.85324
64;0.612649,-0.402909,-0.284716,-0.259318,-0.447461,0.543864,0.678584,0.0933598,-0.804918,0.940896,-0.810143,-0.0773243,-0.452034,-0.313822,-0.895862,0.54182,-0.354618,-0.421506,0.584076,0.0843473,-0.10393,-0.207205,-0.286127,0.531147,-0.64067;-6.82627,-4.25346,-2.43064,1.48178
65;0.360544,-0.0799289,-0.167282,-0.342413,0.0851424,0.663185,0.403202,0.613426,-0.914839,0.985596,-0.732523,-0.00987982,-0.712846,-0.799145,-0.952034,0.35348,0.410362,0.12212,0.72623,-0.561403,-0.161967,-0.426887,-0.610779,0.373664,-0.380138;-8.36152,0.211271,-1.99147,1.77678
66;0.688253,-0.125059,-0.121951,-0.718804,0.535839,0.778275,0.794344,0.42327,-0.867248,0.97216,-0.693329,-0.394783,-0.397087,-0.748374,-0.926987,0.338432,-0.0162993,0.0877996,0.11271,-0.582775,0.119328,-0.286944,-0.906878,0.611732,0.164774;-10.8367,0.805131,-5.72833,2.68697
67;0.623695,-0.14025,-0.131064,-0.770719,0.527552,0.769537,0.761274,0.239546,-0.854815,0.970424,-0.700316,-0.498915,-0.397087,-0.775688,-0.917042,0.199094,-0.184199,-0.141823,0.281419,-0.766384,0.0951981,-0.570494,-0.889356,0.643142,0.164774;-12.0373,2.25524,-5.18446,1.66994
68;0.124119,0.577332,0.115508,-0.665421,-0.0835423,0.422088,0.394535,0.77324,-0.928041,0.92291,-0.423308,0.259361,-0.782307,-0.931284,-0.8548,0.477515,0.516249,0.499627,0.540948,-0.541451,-0.148833,-0.803297,-0.221059,0.130814,-0.309085;-2.64649,2.58202,1.15578,2.14184
69;0.651499,0.362883,0.337309,-0.35439,-0.218712,0.0976851,0.242075,0.601938,-0.731423,0.462052,-0.225821,0.5181,-0.461313,-0.443582,-0.672393,0.534169,0.518826,-0.260336,-0.454287,0.289959,0.319906,0.18135,-0.203738,0.331223,-0.388818;3.06998,-0.867496,-0.484929,6.06577
70;0.632374,0.0861755,0.360235,-0.244088,-0.321462,0.0546298,0.281653,0.35108,-0.695019,0.816512,-0.38628,0.347672,-0.461313,-0.281548,-0.614765,0.327072,0.475134,-0.326954,-0.384552,0.124095,-0.136618,-0.280408,-0.108792,0.271148,-0.388818;-0.498538,-1.76215,1.81284,3.27367
71;0.634175,0.164328,0.363246,-0.22193,-0.354121,0.036066,0.249871,0.347708,-0.679962,0.686491,-0.435676,0.354048,-0.461313,-0.252901,-0.569432,0.251376,0.511,-0.4836,-0.262098,0.0568656,-0.226251,-0.23464,0.00740584,0.299618,-0.388818;-1.01216,-1.66706,2.7245,1.85324
72;0.612649,-0.402909,-0.284716,-0.259318,-0.447461,0.543864,0.678584,0.0933598,-0.804918,0.940896,-0.810143,-0.0773243,-0.452034,-0.313822,-0.895862,0.54182,-0.354618,-0.421506,0.584076,0.0843473,-0.10393,-0.207205,-0.286127,0.531147,-0.64067;-6.82627,-4.25346,-2.43064,1.48178
73;0.360544,-0.0799289,-0.167282,-0.342413,0.0851424,0.663185,0.403202,0.613426,-0.914839,0.985596,-0.732523,-0.00987982,-0.712846,-0.799145,-0.952034,0.35348,0.410362,0.12212,0.72623,-0.561403,-0.161967,-0.426887,-0.610779,0.373664,-0.380138;-8.36152,0.211271,-1.99147,1.77678
74;0.688253,-0.125059,-0.121951,-0.718804,0.535839,0.778275,0.794344,0.42327,-0.867248,0.97216,-0.693329,-0.394783,-0.397087,-0.748374,-0.926987,0.338432,-0.0162993,0.0877996,0.11271,-0.582775,0.119328,-0.286944,-0.906878,0.611732,0.164774;-10.8367,0.805131,-5.72833,2.68697
75;0.623695,-0.14025,-0.131064,-0.770719,0.527552,0.769537,0.761274,0.239546,-0.854815,0.970424,-0.700316,-0.498915,-0.397087,-0.775688,-0.917042,0.199094,-0.184199,-0.141823,0.281419,-0.766384,0.0951981,-0.570494,-0.889356,0.643142,0.164774;-12.0373,2.25524,-5.18446,1.66994
76;0.124119,0.577332,0.115508,-0.665421,-0.0835423,0.422088,0.394535,0.77324,-0.928041,0.92291,-0.423308,0.259361,-0.782307,-0.931284,-0.8548,0.477515,0.516249,0.499627,0.540948,-0.541451,-0.148833,-0.803297,-0.221059,0.130814,-0.309085;-2.64649,2.58202,1.15578,2.14184
77;0.651499,0.362883,0.337309,-0.35439,-0.218712,0.0976851,0.242075,0.601938,-0.731423,0.462052,-0.225821,0.5181,-0.461313,-0.443582,-0.672393,0.534169,0.518826,-0.260336,-0.454287,0.289959,0.319906,0.18135,-0.203738,0.331223,-0.388818;3.06998,-0.867496,-0.484929,6.06577
78;0.632374,0.0861755,0.360235,-0.244088,-0.321462,0.0546298,0.281653,0.35108,-0.695019,0.816512,-0.38628,0.347672,-0.461313,-0.281548,-0.614765,0.327072,0.475134,-0.326954,-0.384552,0.124095,-0.136618,-0.280408,-0.108792,0.271148,-0.388818;-0.498538,-1.76215,1.81284,3.27367
79;0.634175,0.164328,0.363246,-0.22193,-0.354121,0.036066,0.249871,0.347708,-0.679962,0.686491,-0.435676,0.354048,-0.461313,-0.252901,-0.569432,0.251376,0.511,-0.4836,-0.262098,0.0568656,-0.226251,-0.23464,0.00740584,0.299618,-0.388818;-1.01216,-1.66706,2.7245,1.85324
80;0.612649,-0.402909,-0.284716,-0.259318,-0.447461,0.543864,0.678584,0.0933598,-0.804918,0.940896,-0.810143,-0.0773243,-0.452034,-0.313822,-0.895862,0.54182,-0.354618,-0.421506,0.584076,0.0843473,-0.10393,-0.207205,-0.286127,0.531147,-0.64067;-6.82627,-4.25346,-2.43064,1.48178
81;0.360544,-0.0799289,-0.167282,-0.342413,0.0851424,0.663185,0.403202,0.613426,-0.914839,0.985596,-0.732523,-0.00987982,-0.712846,-0.799145,-0.952034,0.35348,0.410362,0.12212,0.72623,-0.561403,-0.161967,-0.426887,-0.610779,0.373664,-0.380138;-8.36152,0.211271,-1.99147,1.77678
82;0.688253,-0.125059,-0.121951,-0.718804,0.535839,0.778275,0.794344,0.42327,-0.867248,0.97216,-0.693329,-0.394783,-0.397087,-0.748374,-0.926987,0.338432,-0.0162993,0.0877996,0.11271,-0.582775,0.119328,-0.286944,-0.906878,0.611732,0.164774;-10.8367,0.805131,-5.72833,2.68697
83;0.623695,-0.14025,-0.131064,-0.770719,0.527552,0.769537,0.761274,0.239546,-0.854815,0.970424,-0.700316,-0.498915,-0.397087,-0.775688,-0.917042,0.199094,-0.184199,-0.141823,0.281419,-0.766384,0.0951981,-0.570494,-0.889356,0.643142,0.164774;-12.0373,2.25524,-5.18446,1.66994
84;0.124119,0.577332,0.115508,-0.665421,-0.0835423,0.422088,0.394535,0.77324,-0.928041,0.92291,-0.423308,0.259361,-0.782307,-0.931284,-0.8548,0.477515,0.516249,0.499627,0.540948,-0.541451,-0.148833,-0.803297,-0.221059,0.130814,-0.309085;-2.64649,2.58202,1.15578,2.14184
85;0.651499,0.362883,0.337309,-0.35439,-0.218712,0.0976851,0.242075,0.601938,-0.731423,0.462052,-0.225821,0.5181,-0.461313,-0.443582,-0.672393,0.534169,0.518826,-0.260336,-0.454287,0.289959,0.319906,0.18135,-0.203738,0.331223,-0.388818;3.06998,-0.867496,-0.484929,6.06577
86;0.588398,-0.15869,0.00528966,-0.545748,-0.612126,0.245122,0.691435,0.393089,-0.847022,0.880923,-0.694627,0.184637,-0.568699,-0.661589,-0.798668,0.673003,0.0152104,0.197187,0.172012,0.198213,-0.254816,-0.66362,0.12553,0.166904,-0.590622;-2.92994,-2.56172,0.0194992,2.62709
87;0.612086,-0.200388,-0.00657397,-0.587654,-0.580163,0.213498,0.612651,0.514903,-0.853092,0.657711,-0.66553,0.278905,-0.568699,-0.775509,-0.853702,0.66093,0.235169,0.176262,0.24096,0.0107944,-0.224489,-0.525721,0.190679,0.143885,-0.590622;-3.24127,-1.23366,-0.313273,2.4998
88;0.641139,-0.463161,-0.297782,-0.33057,-0.347506,0.573234,0.621147,0.237776,-0.83894,0.910106,-0.757824,0.0161706,-0.452034,-0.544269,-0.938632,0.605909,-0.207663,-0.241082,0.490782,0.0229525,0.0367142,-0.0427029,-0.382192,0.490563,-0.64067;-5.95575,-3.25855,-4.2812,3.43699
89;0.386501,-0.0569575,-0.169578,-0.356444,0.136921,0.676361,0.412134,0.604835,-0.918908,0.987074,-0.677354,-0.0168138,-0.712846,-0.798882,-0.959528,0.372306,0.389499,0.107725,0.689701,-0.515037,-0.124737,-0.438054,-0.651151,0.382574,-0.380138;-8.02862,0.512781,-2.17279,2.13682
90;0.689245,-0.145674,-0.122996,-0.722252,0.535796,0.779283,0.793722,0.420131,-0.867652,0.972361,-0.695741,-0.401692,-0.397087,-0.74939,-0.921083,0.343773,-0.013342,0.0740468,0.124779,-0.577601,0.115226,-0.30605,-0.906213,0.616226,0.164774;-11.0302,0.863995,-5.69825,2.62474
91;0.623145,-0.142773,-0.131144,-0.770942,0.527719,0.767802,0.760426,0.242075,-0.853695,0.970185,-0.698158,-0.496658,-0.397087,-0.77862,-0.915428,0.187933,-0.182703,-0.137744,0.283154,-0.767358,0.0826678,-0.570424,-0.889075,0.643338,0.164774;-12.0435,2.24152,-5.16108,1.59381
92;0.122664,0.577601,0.115646,-0.664894,-0.0828797,0.421284,0.39452,0.773367,-0.928085,0.922627,-0.421082,0.259838,-0.782307,-0.931424,-0.854794,0.476247,0.515606,0.500196,0.539886,-0.540374,-0.148026,-0.803133,-0.222164,0.132332,-0.309085;-2.62338,2.5837,1.15928,2.14249
93;0.651401,0.362508,0.337366,-0.354008,-0.218682,0.0975796,0.242128,0.601906,-0.731491,0.461868,-0.22574,0.517892,-0.461313,-0.442346,-0.671914,0.533659,0.518716,-0.260528,-0.454276,0.290555,0.319941,0.181045,-0.203782,0.331424,-0.388818;3.06727,-0.872227,-0.477194,6.06043
94;0.632255,0.0859327,0.360242,-0.244034,-0.321715,0.0543556,0.281644,0.351074,-0.694904,0.816422,-0.386657,0.347663,-0.461313,-0.281323,-0.614685,0.326676,0.475146,-0.326851,-0.384531,0.124065,-0.136949,-0.280443,-0.108773,0.271156,-0.388818;-0.500784,-1.76614,1.8144,3.27026
95;0.634117,0.164343,0.363265,-0.221789,-0.354165,0.0360222,0.24987,0.347708,-0.679958,0.68643,-0.435745,0.354052,-0.461313,-0.252868,-0.569575,0.251266,0.510995,-0.483553,-0.262126,0.0567902,-0.226273,-0.234597,0.00740936,0.299652,-0.388818;-1.0119,-1.668,2.72439,1.85279
96;0.612627,-0.402876,-0.284713,-0.259295,-0.447467,0.543924,0.67859,0.0933478,-0.804947,0.940902,-0.81018,-0.0773425,-0.452034,-0.313727,-0.895879,0.541857,-0.354606,-0.421483,0.584072,0.0843373,-0.103901,-0.207201,-0.286125,0.531149,-0.64067;-6.82647,-4.25396,-2.4304,1.48166
97;0.360547,-0.0799236,-0.167287,-0.342442,0.0851209,0.663191,0.403203,0.613424,-0.914839,0.985596,-0.732555,-0.00988162,-0.712846,-0.799132,-0.952038,0.353496,0.410368,0.122115,0.726233,-0.561408,-0.161956,-0.426881,-0.610775,0.373661,-0.380138;-8.3617,0.211161,-1.9915,1.7768
98;0.688254,-0.125058,-0.121952,-0.718806,0.535837,0.778276,0.794344,0.423272,-0.867248,0.97216,-0.693334,-0.394781,-0.397087,-0.748381,-0.926989,0.338437,-0.0162984,0.0878008,0.112708,-0.582781,0.119331,-0.286943,-0.906878,0.611731,0.164774;-10.8367,0.805139,-5.72837,2.68702
99;0.623696,-0.140247,-0.131064,-0.770719,0.527554,0.769537,0.761274,0.239546,-0.854815,0.970424,-0.700315,-0.498915,-0.397087,-0.775688,-0.917043,0.199095,-0.184199,-0.141824,0.281418,-0.766385,0.0952,-0.570494,-0.889356,0.643142,0.164774;-12.0372,2.25525,-5.18446,1.66995
100;0.124119,0.577332,0.115508,-0.665421,-0.0835423,0.422088,0.394535,0.77324,-0.928041,0.922911,-0.423309,0.259361,-0.782307,-0.931284,-0.8548,0.477516,0.51625,0.499627,0.540948,-0.541451,-0.148832,-0.803297,-0.221059,0.130814,-0.309085;-2.64649,2.58203,1.15578,2.14184
101;0.651499,0.362883,0.337308,-0.354391,-0.218712,0.097685,0.242075,0.601939,-0.731422,0.462052,-0.225821,0.5181,-0.461313,-0.443582,-0.672393,0.534169,0.518826,-0.260336,-0.454287,0.289958,0.319906,0.18135,-0.203738,0.331223,-0.388818;3.06998,-0.867494,-0.48493,6.06577
102;0.632374,0.0861755,0.360235,-0.244088,-0.321462,0.0546297,0.281653,0.35108,-0.695019,0.816512,-0.38628,0.347672,-0.461313,-0.281548,-0.614765,0.327072,0.475134,-0.326954,-0.384552,0.124095,-0.136618,-0.280408,-0.108792,0.271148,-0.388818;-0.498537,-1.76215,1.81284,3.27367
103;0.590361,-0.0804264,0.00875401,-0.529086,-0.634662,0.227559,0.67316,0.389837,-0.838756,0.791301,-0.724144,0.191651,-0.568699,-0.643886,-0.771919,0.625231,0.0625307,0.0115439,0.301137,0.132281,-0.339312,-0.635283,0.238163,0.196873,-0.590622;-3.43744,-2.13471,0.895026,1.42577
104;0.642593,-0.500587,-0.298813,-0.337369,-0.37356,0.540991,0.617977,0.247799,-0.824327,0.901071,-0.76931,0.0167281,-0.452034,-0.533192,-0.931475,0.588508,-0.189608,-0.295747,0.54057,-0.0429642,0.00941331,-0.0436767,-0.33117,0.491132,-0.64067;-6.3572,-2.93017,-3.91123,3.06248
105;0.381989,-0.0284166,-0.167057,-0.341032,0.134446,0.673881,0.411805,0.610255,-0.918568,0.987893,-0.678595,-0.00501795,-0.712846,-0.810194,-0.957941,0.358924,0.388716,0.130484,0.684639,-0.522025,-0.139717,-0.430621,-0.653832,0.372557,-0.380138;-7.82712,0.360727,-2.18658,2.11941
106;0.689792,-0.141949,-0.122799,-0.721606,0.537629,0.779688,0.794246,0.417586,-0.868002,0.971873,-0.691771,-0.403231,-0.397087,-0.744269,-0.92315,0.355695,-0.0172053,0.0717712,0.121232,-0.575468,0.133154,-0.301322,-0.906616,0.617927,0.164774;-10.9751,0.895065,-5.72094,2.72223
107;0.624144,-0.143633,-0.131176,-0.771031,0.526878,0.768249,0.760629,0.24166,-0.853675,0.970365,-0.700348,-0.497461,-0.397087,-0.777941,-0.915202,0.189124,-0.182027,-0.138691,0.284792,-0.76718,0.0828346,-0.571518,-0.888827,0.642041,0.164774;-12.0728,2.23481,-5.16481,1.59507
108;0.122703,0.577543,0.115611,-0.66503,-0.0830331,0.421275,0.39443,0.773421,-0.928044,0.922596,-0.421299,0.260198,-0.782307,-0.931599,-0.854931,0.476482,0.515774,0.500551,0.539982,-0.540927,-0.14864,-0.80295,-0.221987,0.132239,-0.309085;-2.62416,2.58186,1.15871,2.13989
109;0.651479,0.36271,0.337366,-0.354004,-0.218644,0.0976539,0.242133,0.601916,-0.731531,0.461842,-0.22572,0.517916,-0.461313,-0.442466,-0.672064,0.533725,0.518644,-0.260479,-0.454318,0.29059,0.320124,0.181086,-0.203809,0.331447,-0.388818;3.06857,-0.871915,-0.478642,6.06192
110;0.632263,0.0859177,0.360237,-0.244072,-0.32169,0.0544396,0.281648,0.35107,-0.694942,0.816443,-0.386674,0.347647,-0.461313,-0.281331,-0.614705,0.326783,0.475152,-0.326851,-0.384532,0.124074,-0.136878,-0.280487,-0.108777,0.271141,-0.388818;-0.501038,-1.76578,1.81402,3.27086
111;0.634129,0.164338,0.363259,-0.221832,-0.354164,0.0360331,0.249865,0.347709,-0.679958,0.686424,-0.43575,0.354053,-0.461313,-0.252873,-0.569576,0.251277,0.511001,-0.483563,-0.262121,0.0567843,-0.226289,-0.234595,0.00741074,0.299644,-0.388818;-1.01206,-1.66784,2.72431,1.85275
112;0.612628,-0.402876,-0.284713,-0.259301,-0.447466,0.543923,0.678589,0.0933513,-0.804947,0.940903,-0.810179,-0.0773388,-0.452034,-0.313754,-0.895878,0.541859,-0.354606,-0.421479,0.584072,0.0843366,-0.103904,-0.207202,-0.286126,0.53115,-0.64067;-6.82641,-4.25389,-2.4305,1.48172
113;0.360548,-0.0799236,-0.167287,-0.342442,0.0851269,0.66319,0.403203,0.613424,-0.914839,0.985596,-0.732547,-0.00988135,-0.712846,-0.799133,-0.952038,0.353495,0.410367,0.122114,0.726232,-0.561408,-0.161954,-0.426882,-0.610776,0.373661,-0.380138;-8.36166,0.211218,-1.9915,1.77682
114;0.688254,-0.125058,-0.121952,-0.718806,0.535837,0.778275,0.794344,0.423272,-0.867248,0.97216,-0.693333,-0.394781,-0.397087,-0.748381,-0.926988,0.338437,-0.0162984,0.0878005,0.112709,-0.58278,0.11933,-0.286944,-0.906878,0.611731,0.164774;-10.8367,0.805139,-5.72837,2.68702
115;0.623696,-0.140248,-0.131064,-0.770719,0.527554,0.769537,0.761274,0.239546,-0.854815,0.970424,-0.700315,-0.498915,-0.397087,-0.775688,-0.917043,0.199095,-0.184199,-0.141823,0.281418,-0.766385,0.0951996,-0.570494,-0.889356,0.643142,0.164774;-12.0372,2.25525,-5.18446,1.66995
116;0.124119,0.577332,0.115508,-0.665421,-0.0835423,0.422088,0.394535,0.77324,-0.928041,0.92291,-0.423309,0.259361,-0.782307,-0.931284,-0.8548,0.477516,0.51625,0.499627,0.540948,-0.541451,-0.148832,-0.803297,-0.221059,0.130814,-0.309085;-2.64649,2.58203,1.15578,2.14184
117;0.651499,0.362883,0.337308,-0.354391,-0.218712,0.097685,0.242075,0.601939,-0.731422,0.462052,-0.225821,0.5181,-0.461313,-0.443582,-0.672393,0.534169,0.518826,-0.260336,-0.454287,0.289958,0.319906,0.18135,-0.203738,0.331223,-0.388818;3.06998,-0.867494,-0.48493,6.06577
118;0.632374,0.0861755,0.360235,-0.244088,-0.321462,0.0546297,0.281653,0.35108,-0.695019,0.816512,-0.38628,0.347672,-0.461313,-0.281548,-0.614765,0.327072,0.475134,-0.326954,-0.384552,0.124095,-0.136618,-0.280408,-0.108792,0.271148,-0.388818;-0.498537,-1.76215,1.81284,3.27367
119;0.634175,0.164328,0.363246,-0.22193,-0.354121,0.0360659,0.249871,0.347708,-0.679962,0.686491,-0.435676,0.354048,-0.461313,-0.252901,-0.569432,0.251376,0.511,-0.4836,-0.262098,0.0568656,-0.226251,-0.23464,0.00740584,0.299618,-0.388818;-1.01216,-1.66706,2.7245,1.85324
120;0.612649,-0.402909,-0.284716,-0.259318,-0.447461,0.543864,0.678584,0.0933598,-0.804918,0.940896,-0.810143,-0.0773243,-0.452034,-0.313822,-0.895862,0.54182,-0.354618,-0.421506,0.584076,0.0843473,-0.10393,-0.207205,-0.286127,0.531147,-0.64067;-6.82627,-4.25346,-2.43064,1.48178
121;0.360544,-0.0799289,-0.167282,-0.342413,0.0851424,0.663185,0.403202,0.613426,-0.914839,0.985596,-0.732523,-0.00987982,-0.712846,-0.799145,-0.952034,0.35348,0.410362,0.12212,0.72623,-0.561403,-0.161967,-0.426887,-0.610779,0.373664,-0.380138;-8.36152,0.211271,-1.99147,1.77678
122;0.688253,-0.125059,-0.121951,-0.718804,0.535839,0.778275,0.794344,0.42327,-0.867248,0.97216,-0.693329,-0.394783,-0.397087,-0.748374,-0.926987,0.338432,-0.0162993,0.0877996,0.11271,-0.582775,0.119328,-0.286944,-0.906878,0.611732,0.164774;-10.8367,0.805131,-5.72833,2.68697
123;0.623695,-0.14025,-0.131064,-0.770719,0.527552,0.769537,0.761274,0.239546,-0.854815,0.970424,-0.700316,-0.498915,-0.397087,-0.775688,-0.917042,0.199094,-0.184199,-0.141823,0.281419,-0.766384,0.0951981,-0.570494,-0.889356,0.643142,0.164774;-12.0373,2.25524,-5.18446,1.66994
124;0.124119,0.577332,0.115508,-0.665421,-0.0835423,0.422088,0.394535,0.77324,-0.928041,0.92291,-0.423308,0.259361,-0.782307,-0.931284,-0.8548,0.477515,0.516249,0.499627,0.540948,-0.541451,-0.148833,-0.803297,-0.221059,0.130814,-0.309085;-2.64649,2.58202,1.15578,2.14184
125;0.651499,0.362883,0.337309,-0.35439,-0.218712,0.0976851,0.242075,0.601938,-0.731423,0.462052,-0.225821,0.5181,-0.461313,-0.443582,-0.672393,0.534169,0.518826,-0.260336,-0.454287,0.289959,0.319906,0.18135,-0.203738,0.331223,-0.388818;3.06998,-0.867496,-0.484929,6.06577
126;0.632374,0.0861755,0.360235,-0.244088,-0.321462,0.0546298,0.281653,0.35108,-0.695019,0.816512,-0.38628,0.347672,-0.461313,-0.281548,-0.614765,0.327072,0.475134,-0.326954,-0.384552,0.124095,-0.136618,-0.280408,-0.108792,0.271148,-0.388818;-0.498538,-1.76215,1.81284,3.27367
127;0.634175,0.164328,0.363246,-0.22193,-0.354121,0.036066,0.249871,0.347708,-0.679962,0.686491,-0.435676,0.354048,-0.461313,-0.252901,-0.569432,0.251376,0.511,-0.4836,-0.262098,0.0568656,-0.226251,-0.23464,0.00740584,0.299618,-0.388818;-1.01216,-1.66706,2.7245,1.85324
128;0.612649,-0.402909,-0.284716,-0.259318,-0.447461,0.543864,0.678584,0.0933598,-0.804918,0.940896,-0.810143,-0.0773243,-0.452034,-0.313822,-0.895862,0.54182,-0.354618,-0.421506,0.584076,0.0843473,-0.10393,-0.207205,-0.286127,0.531147,-0.64067;-6.82627,-4.25346,-2.43064,1.48178
129;0.360544,-0.0799289,-0.167282,-0.342413,0.0851424,0.663185,0.403202,0.613426,-0.914839,0.985596,-0.732523,-0.00987982,-0.712846,-0.799145,-0.952034,0.35348,0.410362,0.12212,0.72623,-0.561403,-0.161967,-0.426887,-0.610779,0.373664,-0.380138;-8.36152,0.211271,-1.99147,1.77678
130;0.688253,-0.125059,-0.121951,-0.718804,0.535839,0.778275,0.794344,0.42327,-0.867248,0.97216,-0.693329,-0.394783,-0.397087,-0.748374,-0.926987,0.338432,-0.0162993,0.0877996,0.11271,-0.582775,0.119328,-0.286944,-0.906878,0.611732,0.164774;-10.8367,0.805131,-5.72833,2.68697
131;0.623695,-0.14025,-0.131064,-0.770719,0.527552,0.769537,0.761274,0.239546,-0.854815,0.970424,-0.700316,-0.498915,-0.397087,-0.775688,-0.917042,0.199094,-0.184199,-0.141823,0.281419,-0.766384,0.0951981,-0.570494,-0.889356,0.643142,0.164774;-12.0373,2.25524,-5.18446,1.66994
132;0.124119,0.577332,0.115508,-0.665421,-0.0835423,0.422088,0.394535,0.77324,-0.928041,0.92291,-0.423308,0.259361,-0.782307,-0.931284,-0.8548,0.477515,0.516249,0.499627,0.540948,-0.541451,-0.148833,-0.803297,-0.221059,0.130814,-0.309085;-2.64649,2.58202,1.15578,2.14184
133;0.651499,0.362883,0.337309,-0.35439,-0.218712,0.0976851,0.242075,0.601938,-0.731423,0.462052,-0.225821,0.5181,-0.461313,-0.443582,-0.672393,0.534169,0.518826,-0.260336,-0.454287,0.289959,0.319906,0.18135,-0.203738,0.331223,-0.388818;3.06998,-0.867496,-0.484929,6.06577
134;0.632374,0.0861755,0.360235,-0.244088,-0.321462,0.0546298,0.281653,0.35108,-0.695019,0.816512,-0.38628,0.347672,-0.461313,-0.281548,-0.614765,0.327072,0.475134,-0.326954,-0.384552,0.124095,-0.136618,-0.280408,-0.108792,0.271148,-0.388818;-0.498538,-1.76215,1.81284,3.27367
135;0.634175,0.164328,0.363246,-0.22193,-0.354121,0.036066,0.249871,0.347708,-0.679962,0.686491,-0.435676,0.354048,-0.461313,-0.252901,-0.569432,0.251376,0.511,-0.4836,-0.262098,0.0568656,-0.226251,-0.23464,0.00740584,0.299618,-0.388818;-1.01216,-1.66706,2.7245,1.85324
136;0.612649,-0.402909,-0.284716,-0.259318,-0.447461,0.543864,0.678584,0.0933598,-0.804918,0.940896,-0.810143,-0.0773243,-0.452034,-0.313822,-0.895862,0.54182,-0.354618,-0.421506,0.584076,0.0843473,-0.10393,-0.207205,-0.286127,0.531147,-0.64067;-6.82627,-4.25346,-2.43064,1.48178
137;0.360544,-0.0799289,-0.167282,-0.342413,0.0851424,0.663185,0.403202,0.613426,-0.914839,0.985596,-0.732523,-0.00987982,-0.712846,-0.799145,-0.952034,0.35348,0.410362,0.12212,0.72623,-0.561403,-0.161967,-0.426887,-0.610779,0.373664,-0.380138;-8.36152,0.211271,-1.99147,1.77678
138;0.688253,-0.125059,-0.121951,-0.718804,0.535839,0.778275,0.794344,0.42327,-0.867248,0.97216,-0.693329,-0.394783,-0.397087,-0.748374,-0.926987,0.338432,-0.0162993,0.0877996,0.11271,-0.582775,0.119328,-0.286944,-0.906878,0.611732,0.164774;-10.8367,0.805131,-5.72833,2.68697
139;0.623695,-0.14025,-0.131064,-0.770719,0.527552,0.769537,0.761274,0.239546,-0.854815,0.970424,-0.700316,-0.498915,-0.397087,-0.775688,-0.917042,0.199094,-0.184199,-0.141823,0.281419,-0.766384,0.0951981,-0.570494,-0.889356,0.643142,0.164774;-12.0373,2.25524,-5.18446,1.66994
140;0.124119,0.577332,0.115508,-0.665421,-0.0835423,0.422088,0.394535,0.77324,-0.928041,0.92291,-0.423308,0.259361,-0.782307,-0.931284,-0.8548,0.477515,0.516249,0.499627,0.540948,-0.541451,-0.148833,-0.803297,-0.221059,0.130814,-0.309085;-2.64649,2.58202,1.15578,2.14184
141;0.651499,0.362883,0.337309,-0.35439,-0.218712,0.0976851,0.242075,0.601938,-0.731423,0.462052,-0.225821,0.5181,-0.461313,-0.443582,-0.672393,0.534169,0.518826,-0.260336,-0.454287,0.289959,0.319906,0.18135,-0.203738,0.331223,-0.388818;3.06998,-0.867496,-0.484929,6.06577
142;0.588398,-0.15869,0.00528966,-0.545748,-0.612126,0.245122,0.691435,0.393089,-0.847022,0.880923,-0.694627,0.184637,-0.568699,-0.661589,-0.798668,0.673003,0.0152104,0.197187,0.172012,0.198213,-0.254816,-0.66362,0.12553,0.166904,-0.590622;-2.92994,-2.56172,0.0194992,2.62709
143;0.612086,-0.200388,-0.00657397,-0.587654,-0.580163,0.213498,0.612651,0.514903,-0.853092,0.657711,-0.66553,0.278905,-0.568699,-0.775509,-0.853702,0.66093,0.235169,0.176262,0.24096,0.0107944,-0.224489,-0.525721,0.190679,0.143885,-0.590622;-3.24127,-1.23366,-0.313273,2.4998
144;0.641139,-0.463161,-0.297782,-0.33057,-0.347506,0.573234,0.621147,0.237776,-0.83894,0.910106,-0.757824,0.0161706,-0.452034,-0.544269,-0.938632,0.605909,-0.207663,-0.241082,0.490782,0.0229525,0.0367142,-0.0427029,-0.382192,0.490563,-0.64067;-5.95575,-3.25855,-4.2812,3.43699
145;0.386501,-0.0569575,-0.169578,-0.356444,0.136921,0.676361,0.412134,0.604835,-0.918908,0.987074,-0.677354,-0.0168138,-0.712846,-0.798882,-0.959528,0.372306,0.389499,0.107725,0.689701,-0.515037,-0.124737,-0.438054,-0.651151,0.382574,-0.380138;-8.02862,0.512781,-2.17279,2.13682
146;0.689245,-0.145674,-0.122996,-0.722252,0.535796,0.779283,0.793722,0.420131,-0.867652,0.972361,-0.695741,-0.401692,-0.397087,-0.74939,-0.921083,0.343773,-0.013342,0.0740468,0.124779,-0.577601,0.115226,-0.30605,-0.906213,0.616226,0.164774;-11.0302,0.863995,-5.69825,2.62474
147;0.623145,-0.142773,-0.131144,-0.770942,0.527719,0.767802,0.760426,0.242075,-0.853695,0.970185,-0.698158,-0.496658,-0.397087,-0.77862,-0.915428,0.187933,-0.182703,-0.137744,0.283154,-0.767358,0.0826678,-0.570424,-0.889075,0.643338,0.164774;-12.0435,2.24152,-5.16108,1.59381
148;0.122664,0.577601,0.115646,-0.664894,-0.0828797,0.421284,0.39452,0.773367,-0.928085,0.922627,-0.421082,0.259838,-0.782307,-0.931424,-0.854794,0.476247,0.515606,0.500196,0.539886,-0.540374,-0.148026,-0.803133,-0.222164,0.132332,-0.309085;-2.62338,2.5837,1.15928,2.14249
149;0.651401,0.362508,0.337366,-0.354008,-0.218682,0.0975796,0.242128,0.601906,-0.731491,0.461868,-0.22574,0.517892,-0.461313,-0.442346,-0.671914,0.533659,0.518716,-0.260528,-0.454276,0.290555,0.319941,0.181045,-0.203782,0.331424,-0.388818;3.06727,-0.872227,-0.477194,6.06043
150;0.632255,0.0859327,0.360242,-0.244034,-0.321715,0.0543556,0.281644,0.351074,-0.694904,0.816422,-0.386657,0.347663,-0.461313,-0.281323,-0.614685,0.326676,0.475146,-0.326851,-0.384531,0.124065,-0.136949,-0.280443,-0.108773,0.271156,-0.388818;-0.500784,-1.76614,1.8144,3.27026
151;0.634117,0.164343,0.363265,-0.221789,-0.354165,0.0360222,0.24987,0.347708,-0.679958,0.68643,-0.435745,0.354052,-0.461313,-0.252868,-0.569575,0.251266,0.510995,-0.483553,-0.262126,0.0567902,-0.226273,-0.234597,0.00740936,0.299652,-0.388818;-1.0119,-1.668,2.72439,1.85279
152;0.612627,-0.402876,-0.284713,-0.259295,-0.447467,0.543924,0.67859,0.0933478,-0.804947,0.940902,-0.81018,-0.0773425,-0.452034,-0.313727,-0.895879,0.541857,-0.354606,-0.421483,0.584072,0.0843373,-0.103901,-0.207201,-0.286125,0.531149,-0.64067;-6.82647,-4.25396,-2.4304,1.48166
153;0.360547,-0.0799236,-0.167287,-0.342442,0.0851209,0.663191,0.403203,0.613424,-0.914839,0.985596,-0.732555,-0.00988162,-0.712846,-0.799132,-0.952038,0.353496,0.410368,0.122115,0.726233,-0.561408,-0.161956,-0.426881,-0.610775,0.373661,-0.380138;-8.3617,0.211161,-1.9915,1.7768
154;0.688254,-0.125058,-0.121952,-0.718806,0.535837,0.778276,0.794344,0.423272,-0.867248,0.97216,-0.693334,-0.394781,-0.397087,-0.748381,-0.926989,0.338437,-0.0162984,0.0878008,0.112708,-0.582781,0.119331,-0.286943,-0.906878,0.611731,0.164774;-10.8367,0.805139,-5.72837,2.68702
155;0.623696,-0.140247,-0.131064,-0.770719,0.527554,0.769537,0.761274,0.239546,-0.854815,0.970424,-0.700315,-0.498915,-0.397087,-0.775688,-0.917043,0.199095,-0.184199,-0.141824,0.281418,-0.766385,0.0952,-0.570494,-0.889356,0.643142,0.164774;-12.0372,2.25525,-5.18446,1.66995
156;0.124119,0.577332,0.115508,-0.665421,-0.0835423,0.422088,0.394535,0.77324,-0.928041,0.922911,-0.423309,0.259361,-0.782307,-0.931284,-0.8548,0.477516,0.51625,0.499627,0.540948,-0.541451,-0.148832,-0.803297,-0.221059,0.130814,-0.309085;-2.64649,2.58203,1.15578,2.14184
157;0.651499,0.362883,0.337308,-0.354391,-0.218712,0.097685,0.242075,0.601939,-0.731422,0.462052,-0.225821,0.5181,-0.461313,-0.443582,-0.672393,0.534169,0.518826,-0.260336,-0.454287,0.289958,0.319906,0.18135,-0.203738,0.331223,-0.388818;3.06998,-0.867494,-0.48493,6.06577
158;0.588398,-0.15869,0.00528967,-0.545748,-0.612126,0.245122,0.691435,0.393089,-0.847022,0.880923,-0.694627,0.184637,-0.568699,-0.66159,-0.798668,0.673003,0.0152103,0.197187,0.172012,0.198213,-0.254816,-0.66362,0.12553,0.166904,-0.590622;-2.92994,-2.56172,0.0194991,2.62709
159;0.612086,-0.200388,-0.00657397,-0.587654,-0.580163,0.213498,0.612651,0.514903,-0.853092,0.657711,-0.66553,0.278905,-0.568699,-0.775509,-0.853702,0.66093,0.235169,0.176262,0.24096,0.0107944,-0.224489,-0.525721,0.190679,0.143885,-0.590622;-3.24127,-1.23366,-0.313272,2.4998
160;0.641139,-0.463161,-0.297782,-0.33057,-0.347506,0.573234,0.621147,0.237776,-0.83894,0.910106,-0.757824,0.0161706,-0.452034,-0.544269,-0.938632,0.605909,-0.207663,-0.241082,0.490782,0.0229525,0.0367142,-0.0427029,-0.382192,0.490563,-0.64067;-5.95575,-3.25855,-4.2812,3.43699
161;0.386501,-0.0569575,-0.169578,-0.356444,0.136921,0.676361,0.412134,0.604835,-0.918908,0.987074,-0.677354,-0.0168138,-0.712846,-0.798882,-0.959528,0.372306,0.389499,0.107725,0.689701,-0.515037,-0.124737,-0.438054,-0.651151,0.382574,-0.380138;-8.02862,0.512781,-2.17279,2.13682
162;0.689245,-0.145674,-0.122996,-0.722252,0.535796,0.779283,0.793722,0.420131,-0.867652,0.972361,-0.695741,-0.401692,-0.397087,-0.74939,-0.921083,0.343773,-0.013342,0.0740468,0.124779,-0.577601,0.115226,-0.30605,-0.906213,0.616226,0.164774;-11.0302,0.863995,-5.69825,2.62474
163;0.623145,-0.142773,-0.131144,-0.770942,0.527719,0.767802,0.760426,0.242075,-0.853695,0.970185,-0.698158,-0.496658,-0.397087,-0.77862,-0.915428,0.187933,-0.182703,-0.137744,0.283154,-0.767358,0.0826678,-0.570424,-0.889075,0.643338,0.164774;-12.0435,2.24152,-5.16108,1.59381
164;0.122664,0.577601,0.115646,-0.664894,-0.0828797,0.421284,0.39452,0.773367,-0.928085,0.922627,-0.421082,0.259838,-0.782307,-0.931424,-0.854794,0.476247,0.515606,0.500196,0.539886,-0.540374,-0.148026,-0.803133,-0.222164,0.132332,-0.309085;-2.62338,2.5837,1.15928,2.14249
165;0.651401,0.362508,0.337366,-0.354008,-0.218682,0.0975796,0.242128,0.601906,-0.731491,0.461868,-0.22574,0.517892,-0.461313,-0.442346,-0.671914,0.533659,0.518716,-0.260528,-0.454276,0.290555,0.319941,0.181045,-0.203782,0.331424,-0.388818;3.06727,-0.872227,-0.477194,6.06043
166;0.632255,0.0859327,0.360242,-0.244034,-0.321715,0.0543556,0.281644,0.351074,-0.694904,0.816422,-0.386657,0.347663,-0.461313,-0.281323,-0.614685,0.326676,0.475146,-0.326851,-0.384531,0.124065,-0.136949,-0.280443,-0.108773,0.271156,-0.388818;-0.500784,-1.76614,1.8144,3.27026
167;0.634117,0.164343,0.363265,-0.221789,-0.354165,0.0360222,0.24987,0.347708,-0.679958,0.68643,-0.435745,0.354052,-0.461313,-0.252868,-0.569575,0.251266,0.510995,-0.483553,-0.262126,0.0567902,-0.226273,-0.234597,0.00740936,0.299652,-0.388818;-1.0119,-1.668,2.72439,1.85279
168;0.612627,-0.402876,-0.284713,-0.259295,-0.447467,0.543924,0.67859,0.0933478,-0.804947,0.940902,-0.81018,-0.0773425,-0.452034,-0.313727,-0.895879,0.541857,-0.354606,-0.421483,0.584072,0.0843373,-0.103901,-0.207201,-0.286125,0.531149,-0.64067;-6.82647,-4.25396,-2.4304,1.48166
169;0.360547,-0.0799236,-0.167287,-0.342442,0.0851209,0.663191,0.403203,0.613424,-0.914839,0.985596,-0.732555,-0.00988162,-0.712846,-0.799132,-0.952038,0.353496,0.410368,0.122115,0.726233,-0.561408,-0.161956,-0.426881,-0.610775,0.373661,-0.380138;-8.3617,0.211161,-1.9915,1.7768
170;0.688254,-0.125058,-0.121952,-0.718806,0.535837,0.778276,0.794344,0.423272,-0.867248,0.97216,-0.693334,-0.394781,-0.397087,-0.748381,-0.926989,0.338437,-0.0162984,0.0878008,0.112708,-0.582781,0.119331,-0.286943,-0.906878,0.611731,0.164774;-10.8367,0.805139,-5.72837,2.68702
171;0.623696,-0.140247,-0.131064,-0.770719,0.527554,0.769537,0.761274,0.239546,-0.854815,0.970424,-0.700315,-0.498915,-0.397087,-0.775688,-0.917043,0.199095,-0.184199,-0.141824,0.281418,-0.766385,0.0952,-0.570494,-0.889356,0.643142,0.164774;-12.0372,2.25525,-5.18446,1.66995
172;0.124119,0.577332,0.115508,-0.665421,-0.0835423,0.422088,0.394535,0.77324,-0.928041,0.922911,-0.423309,0.259361,-0.782307,-0.931284,-0.8548,0.477516,0.51625,0.499627,0.540948,-0.541451,-0.148832,-0.803297,-0.221059,0.130814,-0.309085;-2.64649,2.58203,1.15578,2.14184
173;0.651499,0.362883,0.337308,-0.354391,-0.218712,0.097685,0.242075,0.601939,-0.731422,0.462052,-0.225821,0.5181,-0.461313,-0.443582,-0.672393,0.534169,0.518826,-0.260336,-0.454287,0.289958,0.319906,0.18135,-0.203738,0.331223,-0.388818;3.06998,-0.867494,-0.48493,6.06577
174;0.632374,0.0861755,0.360235,-0.244088,-0.321462,0.0546297,0.281653,0.35108,-0.695019,0.816512,-0.38628,0.347672,-0.461313,-0.281548,-0.614765,0.327072,0.475134,-0.326954,-0.384552,0.124095,-0.136618,-0.280408,-0.108792,0.271148,-0.388818;-0.498537,-1.76215,1.81284,3.27367
175;0.634175,0.164328,0.363246,-0.22193,-0.354121,0.0360659,0.249871,0.347708,-0.679962,0.686491,-0.435676,0.354048,-0.461313,-0.252901,-0.569432,0.251376,0.511,-0.4836,-0.262098,0.0568656,-0.226251,-0.23464,0.00740584,0.299618,-0.388818;-1.01216,-1.66706,2.7245,1.85324
176;0.612649,-0.402909,-0.284716,-0.259318,-0.447461,0.543864,0.678584,0.0933598,-0.804918,0.940896,-0.810143,-0.0773243,-0.452034,-0.313822,-0.895862,0.54182,-0.354618,-0.421506,0.584076,0.0843473,-0.10393,-0.207205,-0.286127,0.531147,-0.64067;-6.82627,-4.25346,-2.43064,1.48178
177;0.360544,-0.0799289,-0.167282,-0.342413,0.0851424,0.663185,0.403202,0.613426,-0.914839,0.985596,-0.732523,-0.00987982,-0.712846,-0.799145,-0.952034,0.35348,0.410362,0.12212,0.72623,-0.561403,-0.161967,-0.426887,-0.610779,0.373664,-0.380138;-8.36152,0.211271,-1.99147,1.77678
178;0.688253,-0.125059,-0.121951,-0.718804,0.535839,0.778275,0.794344,0.42327,-0.867248,0.97216,-0.693329,-0.394783,-0.397087,-0.748374,-0.926987,0.338432,-0.0162993,0.0877996,0.11271,-0.582775,0.119328,-0.286944,-0.906878,0.611732,0.164774;-10.8367,0.805131,-5.72833,2.68697
179;0.623695,-0.14025,-0.131064,-0.770719,0.527552,0.769537,0.761274,0.239546,-0.854815,0.970424,-0.700316,-0.498915,-0.397087,-0.775688,-0.917042,0.199094,-0.184199,-0.141823,0.281419,-0.766384,0.0951981,-0.570494,-0.889356,0.643142,0.164774;-12.0373,2.25524,-5.18446,1.66994
180;0.124119,0.577332,0.115508,-0.665421,-0.0835423,0.422088,0.394535,0.77324,-0.928041,0.92291,-0.423308,0.259361,-0.782307,-0.931284,-0.8548,0.477515,0.516249,0.499627,0.540948,-0.541451,-0.148833,-0.803297,-0.221059,0.130814,-0.309085;-2.64649,2.58202,1.15578,2.14184
181;0.651499,0.362883,0.337309,-0.35439,-0.218712,0.0976851,0.242075,0.601938,-0.731423,0.462052,-0.225821,0.5181,-0.461313,-0.443582,-0.672393,0.534169,0.518826,-0.260336,-0.454287,0.289959,0.319906,0.18135,-0.203738,0.331223,-0.388818;3.06998,-0.867496,-0.484929,6.06577
182;0.632374,0.0861755,0.360235,-0.244088,-0.321462,0.0546298,0.281653,0.35108,-0.695019,0.816512,-0.38628,0.347672,-0.461313,-0.281548,-0.614765,0.327072,0.475134,-0.326954,-0.384552,0.124095,-0.136618,-0.280408,-0.108792,0.271148,-0.388818;-0.498538,-1.76215,1.81284,3.27367
183;0.634175,0.164328,0.363246,-0.22193,-0.354121,0.036066,0.249871,0.347708,-0.679962,0.686491,-0.435676,0.354048,-0.461313,-0.252901,-0.569432,0.251376,0.511,-0.4836,-0.262098,0.0568656,-0.226251,-0.23464,0.00740584,0.299618,-0.388818;-1.01216,-1.66706,2.7245,1.85324
184;0.612649,-0.402909,-0.284716,-0.259318,-0.447461,0.543864,0.678584,0.0933598,-0.804918,0.940896,-0.810143,-0.0773243,-0.452034,-0.313822,-0.895862,0.54182,-0.354618,-0.421506,0.584076,0.0843473,-0.10393,-0.207205,-0.286127,0.531147,-0.64067;-6.82627,-4.25346,-2.43064,1.48178
185;0.360544,-0.0799289,-0.167282,-0.342413,0.0851424,0.663185,0.403202,0.613426,-0.914839,0.985596,-0.732523,-0.00987982,-0.712846,-0.799145,-0.952034,0.35348,0.410362,0.12212,0.72623,-0.561403,-0.161967,-0.426887,-0.610779,0.373664,-0.380138;-8.36152,0.211271,-1.99147,1.77678
186;0.688253,-0.125059,-0.121951,-0.718804,0.535839,0.778275,0.794344,0.42327,-0.867248,0.97216,-0.693329,-0.394783,-0.397087,-0.748374,-0.926987,0.338432,-0.0162993,0.0877996,0.11271,-0.582775,0.119328,-0.286944,-0.906878,0.611732,0.164774;-10.8367,0.805131,-5.72833,2.68697
187;0.623695,-0.14025,-0.131064,-0.770719,0.527552,0.769537,0.761274,0.239546,-0.854815,0.970424,-0.700316,-0.498915,-0.397087,-0.775688,-0.917042,0.199094,-0.184199,-0.141823,0.281419,-0.766384,0.0951981,-0.570494,-0.889356,0.643142,0.164774;-12.0373,2.25524,-5.18446,1.66994
188;0.124119,0.577332,0.115508,-0.665421,-0.0835423,0.422088,0.394535,0.77324,-0.928041,0.92291,-0.423308,0.259361,-0.782307,-0.931284,-0.8548,0.477515,0.516249,0.499627,0.540948,-0.541451,-0.148833,-0.803297,-0.221059,0.130814,-0.309085;-2.64649,2.58202,1.15578,2.14184
189;0.651499,0.362883,0.337309,-0.35439,-0.218712,0.0976851,0.242075,0.601938,-0.731423,0.462052,-0.225821,0.5181,-0.461313,-0.443582,-0.672393,0.534169,0.518826,-0.260336,-0.454287,0.289959,0.319906,0.18135,-0.203738,0.331223,-0.388818;3.06998,-0.867496,-0.484929,6.06577
190;0.632374,0.0861755,0.360235,-0.244088,-0.321462,0.0546298,0.281653,0.35108,-0.695019,0.816512,-0.38628,0.347672,-0.461313,-0.281548,-0.614765,0.327072,0.475134,-0.326954,-0.384552,0.124095,-0.136618,-0.280408,-0.108792,0.271148,-0.388818;-0.498538,-1.76215,1.81284,3.27367
191;0.634175,0.164328,0.363246,-0.22193,-0.354121,0.036066,0.249871,0.347708,-0.679962,0.686491,-0.435676,0.354048,-0.461313,-0.252901,-0.569432,0.251376,0.511,-0.4836,-0.262098,0.0568656,-0.226251,-0.23464,0.00740584,0.299618,-0.388818;-1.01216,-1.66706,2.7245,1.85324
192;0.612649,-0.402909,-0.284716,-0.259318,-0.447461,0.543864,0.678584,0.0933598,-0.804918,0.940896,-0.810143,-0.0773243,-0.452034,-0.313822,-0.895862,0.54182,-0.354618,-0.421506,0.584076,0.0843473,-0.10393,-0.207205,-0.286127,0.531147,-0.64067;-6.82627,-4.25346,-2.43064,1.48178
193;0.360544,-0.0799289,-0.167282,-0.342413,0.0851424,0.663185,0.403202,0.613426,-0.914839,0.985596,-0.732523,-0.00987982,-0.712846,-0.799145,-0.952034,0.35348,0.410362,0.12212,0.72623,-0.561403,-0.161967,-0.426887,-0.610779,0.373664,-0.380138;-8.36152,0.211271,-1.99147,1.77678
194;0.688253,-0.125059,-0.121951,-0.718804,0.535839,0.778275,0.794344,0.42327,-0.867248,0.97216,-0.693329,-0.394783,-0.397087,-0.748374,-0.926987,0.338432,-0.0162993,0.0877996,0.11271,-0.582775,0.119328,-0.286944,-0.906878,0.611732,0.164774;-10.8367,0.805131,-5.72833,2.68697
195;0.623695,-0.14025,-0.131064,-0.770719,0.527552,0.769537,0.761274,0.239546,-0.854815,0.970424,-0.700316,-0.498915,-0.397087,-0.775688,-0.917042,0.199094,-0.184199,-0.141823,0.281419,-0.766384,0.0951981,-0.570494,-0.889356,0.643142,0.164774;-12.0373,2.25524,-5.18446,1.66994
196;0.124119,0.577332,0.115508,-0.665421,-0.0835423,0.422088,0.394535,0.77324,-0.928041,0.92291,-0.423308,0.259361,-0.782307,-0.931284,-0.8548,0.477515,0.516249,0.499627,0.540948,-0.541451,-0.148833,-0.803297,-0.221059,0.130814,-0.309085;-2.64649,2.58202,1.15578,2.14184
197;0.651499,0.362883,0.337309,-0.35439,-0.218712,0.0976851,0.242075,0.601938,-0.731423,0.462052,-0.225821,0.5181,-0.461313,-0.443582,-0.672393,0.534169,0.518826,-0.260336,-0.454287,0.289959,0.319906,0.18135,-0.203738,0.331223,-0.388818;3.06998,-0.867496,-0.484929,6.06577
198;0.588398,-0.15869,0.00528966,-0.545748,-0.612126,0.245122,0.691435,0.393089,-0.847022,0.880923,-0.694627,0.184637,-0.568699,-0.661589,-0.798668,0.673003,0.0152104,0.197187,0.172012,0.198213,-0.254816,-0.66362,0.12553,0.166904,-0.590622;-2.92994,-2.56172,0.0194992,2.62709
199;0.612086,-0.200388,-0.00657397,-0.587654,-0.580163,0.213498,0.612651,0.514903,-0.853092,0.657711,-0.66553,0.278905,-0.568699,-0.775509,-0.853702,0.66093,0.235169,0.176262,0.24096,0.0107944,-0.224489,-0.525721,0.190679,0.143885,-0.590622;-3.24127,-1.23366,-0.313273,2.4998
200;0.641139,-0.463161,-0.297782,-0.33057,-0.347506,0.573234,0.621147,0.237776,-0.83894,0.910106,-0.757824,0.0161706,-0.452034,-0.544269,-0.938632,0.605909,-0.207663,-0.241082,0.490782,0.0229525,0.0367142,-0.0427029,-0.382192,0.490563,-0.64067;-5.95575,-3.25855,-4.2812,3.43699
201;0.386501,-0.0569575,-0.169578,-0.356444,0.136921,0.676361,0.412134,0.604835,-0.918908,0.987074,-0.677354,-0.0168138,-0.712846,-0.798882,-0.959528,0.372306,0.389499,0.107725,0.689701,-0.515037,-0.124737,-0.438054,-0.651151,0.382574,-0.380138;-8.02862,0.512781,-2.17279,2.13682
202;0.689245,-0.145674,-0.122996,-0.722252,0.535796,0.779283,0.793722,0.420131,-0.867652,0.972361,-0.695741,-0.401692,-0.397087,-0.74939,-0.921083,0.343773,-0.013342,0.0740468,0.124779,-0.577601,0.115226,-0.30605,-0.906213,0.616226,0.164774;-11.0302,0.863995,-5.69825,2.62474
203;0.623145,-0.142773,-0.131144,-0.770942,0.527719,0.767802,0.760426,0.242075,-0.853695,0.970185,-0.698158,-0.496658,-0.397087,-0.77862,-0.915428,0.187933,-0.182703,-0.137744,0.283154,-0.767358,0.0826678,-0.570424,-0.889075,0.643338,0.164774;-12.0435,2.24152,-5.16108,1.59381
204;0.122664,0.577601,0.115646,-0.664894,-0.0828797,0.421284,0.39452,0.773367,-0.928085,0.922627,-0.421082,0.259838,-0.782307,-0.931424,-0.854794,0.476247,0.515606,0.500196,0.539886,-0.540374,-0.148026,-0.803133,-0.222164,0.132332,-0.309085;-2.62338,2.5837,1.15928,2.14249
205;0.651401,0.362508,0.337366,-0.354008,-0.218682,0.0975796,0.242128,0.601906,-0.731491,0.461868,-0.22574,0.517892,-0.461313,-0.442346,-0.671914,0.533659,0.518716,-0.260528,-0.454276,0.290555,0.319941,0.181045,-0.203782,0.331424,-0.388818;3.06727,-0.872227,-0.477194,6.06043
206;0.632255,0.0859327,0.360242,-0.244034,-0.321715,0.0543556,0.281644,0.351074,-0.694904,0.816422,-0.386657,0.347663,-0.461313,-0.281323,-0.614685,0.326676,0.475146,-0.326851,-0.384531,0.124065,-0.136949,-0.280443,-0.108773,0.271156,-0.388818;-0.500784,-1.76614,1.8144,3.27026
207;0.634117,0.164343,0.363265,-0.221789,-0.354165,0.0360222,0.24987,0.347708,-0.679958,0.68643,-0.435745,0.354052,-0.461313,-0.252868,-0.569575,0.251266,0.510995,-0.483553,-0.262126,0.0567902,-0.226273,-0.234597,0.00740936,0.299652,-0.388818;-1.0119,-1.668,2.72439,1.85279
208;0.612627,-0.402876,-0.284713,-0.259295,-0.447467,0.543924,0.67859,0.0933478,-0.804947,0.940902,-0.81018,-0.0773425,-0.452034,-0.313727,-0.895879,0.541857,-0.354606,-0.421483,0.584072,0.0843373,-0.103901,-0.207201,-0.286125,0.531149,-0.64067;-6.82647,-4.25396,-2.4304,1.48166
209;0.360547,-0.0799236,-0.167287,-0.342442,0.0851209,0.663191,0.403203,0.613424,-0.914839,0.985596,-0.732555,-0.00988162,-0.712846,-0.799132,-0.952038,0.353496,0.410368,0.122115,0.726233,-0.561408,-0.161956,-0.426881,-0.610775,0.373661,-0.380138;-8.3617,0.211161,-1.9915,1.7768
210;0.688254,-0.125058,-0.121952,-0.718806,0.535837,0.778276,0.794344,0.423272,-0.867248,0.97216,-0.693334,-0.394781,-0.397087,-0.748381,-0.926989,0.338437,-0.0162984,0.0878008,0.112708,-0.582781,0.119331,-0.286943,-0.906878,0.611731,0.164774;-10.8367,0.805139,-5.72837,2.68702
211;0.623696,-0.140247,-0.131064,-0.770719,0.527554,0.769537,0.761274,0.239546,-0.854815,0.970424,-0.700315,-0.498915,-0.397087,-0.775688,-0.917043,0.199095,-0.184199,-0.141824,0.281418,-0.766385,0.0952,-0.570494,-0.889356,0.643142,0.164774;-12.0372,2.25525,-5.18446,1.66995
212;0.124119,0.577332,0.115508,-0.665421,-0.0835423,0.422088,0.394535,0.77324,-0.928041,0.922911,-0.423309,0.259361,-0.782307,-0.931284,-0.8548,0.477516,0.51625,0.499627,0.540948,-0.541451,-0.148832,-0.803297,-0.221059,0.130814,-0.309085;-2.64649,2.58203,1.15578,2.14184
213;0.651499,0.362883,0.337308,-0.354391,-0.218712,0.097685,0.242075,0.601939,-0.731422,0.462052,-0.225821,0.5181,-0.461313,-0.443582,-0.672393,0.534169,0.518826,-0.260336,-0.454287,0.289958,0.319906,0.18135,-0.203738,0.331223,-0.388818;3.06998,-0.867494,-0.48493,6.06577
214;0.632374,0.0861755,0.360235,-0.244088,-0.321462,0.0546297,0.281653,0.35108,-0.695019,0.816512,-0.38628,0.347672,-0.461313,-0.281548,-0.614765,0.327072,0.475134,-0.326954,-0.384552,0.124095,-0.136618,-0.280408,-0.108792,0.271148,-0.388818;-0.498537,-1.76215,1.81284,3.27367
215;0.590361,-0.0804264,0.00875401,-0.529086,-0.634662,0.227559,0.67316,0.389837,-0.838756,0.791301,-0.724144,0.191651,-0.568699,-0.643886,-0.771919,0.625231,0.0625307,0.0115439,0.301137,0.132281,-0.339312,-0.635283,0.238163,0.196873,-0.590622;-3.43744,-2.13471,0.895026,1.42577
216;0.642593,-0.500587,-0.298813,-0.337369,-0.37356,0.540991,0.617977,0.247799,-0.824327,0.901071,-0.76931,0.0167281,-0.452034,-0.533192,-0.931475,0.588508,-0.189608,-0.295747,0.54057,-0.0429642,0.00941331,-0.0436767,-0.33117,0.491132,-0.64067;-6.3572,-2.93017,-3.91123,3.06248
217;0.381989,-0.0284166,-0.167057,-0.341032,0.134446,0.673881,0.411805,0.610255,-0.918568,0.987893,-0.678595,-0.00501795,-0.712846,-0.810194,-0.957941,0.358924,0.388716,0.130484,0.684639,-0.522025,-0.139717,-0.430621,-0.653832,0.372557,-0.380138;-7.82712,0.360727,-2.18658,2.11941
218;0.689792,-0.141949,-0.122799,-0.721606,0.537629,0.779688,0.794246,0.417586,-0.868002,0.971873,-0.691771,-0.403231,-0.397087,-0.744269,-0.92315,0.355695,-0.0172053,0.0717712,0.121232,-0.575468,0.133154,-0.301322,-0.906616,0.617927,0.164774;-10.9751,0.895065,-5.72094,2.72223
219;0.624144,-0.143633,-0.131176,-0.771031,0.526878,0.768249,0.760629,0.24166,-0.853675,0.970365,-0.700348,-0.497461,-0.397087,-0.777941,-0.915202,0.189124,-0.182027,-0.138691,0.284792,-0.76718,0.0828346,-0.571518,-0.888827,0.642041,0.164774;-12.0728,2.23481,-5.16481,1.59507
220;0.122703,0.577543,0.115611,-0.66503,-0.0830331,0.421275,0.39443,0.773421,-0.928044,0.922596,-0.421299,0.260198,-0.782307,-0.931599,-0.854931,0.476482,0.515774,0.500551,0.539982,-0.540927,-0.14864,-0.80295,-0.221987,0.132239,-0.309085;-2.62416,2.58186,1.15871,2.13989
221;0.651479,0.36271,0.337366,-0.354004,-0.218644,0.0976539,0.242133,0.601916,-0.731531,0.461842,-0.22572,0.517916,-0.461313,-0.442466,-0.672064,0.533725,0.518644,-0.260479,-0.454318,0.29059,0.320124,0.181086,-0.203809,0.331447,-0.388818;3.06857,-0.871915,-0.478642,6.06192
222;0.632263,0.0859177,0.360237,-0.244072,-0.32169,0.0544396,0.281648,0.35107,-0.694942,0.816443,-0.386674,0.347647,-0.461313,-0.281331,-0.614705,0.326783,0.475152,-0.326851,-0.384532,0.124074,-0.136878,-0.280487,-0.108777,0.271141,-0.388818;-0.501038,-1.76578,1.81402,3.27086
223;0.634129,0.164338,0.363259,-0.221832,-0.354164,0.0360331,0.249865,0.347709,-0.679958,0.686424,-0.43575,0.354053,-0.461313,-0.252873,-0.569576,0.251277,0.511001,-0.483563,-0.262121,0.0567843,-0.226289,-0.234595,0.00741074,0.299644,-0.388818;-1.01206,-1.66784,2.72431,1.85275
224;0.612628,-0.402876,-0.284713,-0.259301,-0.447466,0.543923,0.678589,0.0933513,-0.804947,0.940903,-0.810179,-0.0773388,-0.452034,-0.313754,-0.895878,0.541859,-0.354606,-0.421479,0.584072,0.0843366,-0.103904,-0.207202,-0.286126,0.53115,-0.64067;-6.82641,-4.25389,-2.4305,1.48172
225;0.360548,-0.0799236,-0.167287,-0.342442,0.0851269,0.66319,0.403203,0.613424,-0.914839,0.985596,-0.732547,-0.00988135,-0.712846,-0.799133,-0.952038,0.353495,0.410367,0.122114,0.726232,-0.561408,-0.161954,-0.426882,-0.610776,0.373661,-0.380138;-8.36166,0.211218,-1.9915,1.77682
226;0.688254,-0.125058,-0.121952,-0.718806,0.535837,0.778275,0.794344,0.423272,-0.867248,0.97216,-0.693333,-0.394781,-0.397087,-0.748381,-0.926988,0.338437,-0.0162984,0.0878005,0.112709,-0.58278,0.11933,-0.286944,-0.906878,0.611731,0.164774;-10.8367,0.805139,-5.72837,2.68702
227;0.623696,-0.140248,-0.131064,-0.770719,0.527554,0.769537,0.761274,0.239546,-0.854815,0.970424,-0.700315,-0.498915,-0.397087,-0.775688,-0.917043,0.199095,-0.184199,-0.141823,0.281418,-0.766385,0.0951996,-0.570494,-0.889356,0.643142,0.164774;-12.0372,2.25525,-5.18446,1.66995
228;0.124119,0.577332,0.115508,-0.665421,-0.0835423,0.422088,0.394535,0.77324,-0.928041,0.92291,-0.423309,0.259361,-0.782307,-0.931284,-0.8548,0.477516,0.51625,0.499627,0.540948,-0.541451,-0.148832,-0.803297,-0.221059,0.130814,-0.309085;-2.64649,2.58203,1.15578,2.14184
229;0.651499,0.362883,0.337308,-0.354391,-0.218712,0.097685,0.242075,0.601939,-0.731422,0.462052,-0.225821,0.5181,-0.461313,-0.443582,-0.672393,0.534169,0.518826,-0.260336,-0.454287,0.289958,0.319906,0.18135,-0.203738,0.331223,-0.388818;3.06998,-0.867494,-0.48493,6.06577
230;0.632374,0.0861755,0.360235,-0.244088,-0.321462,0.0546297,0.281653,0.35108,-0.695019,0.816512,-0.38628,0.347672,-0.461313,-0.281548,-0.614765,0.327072,0.475134,-0.326954,-0.384552,0.124095,-0.136618,-0.280408,-0.108792,0.271148,-0.388818;-0.498537,-1.76215,1.81284,3.27367
231;0.634175,0.164328,0.363246,-0.22193,-0.354121,0.0360659,0.249871,0.347708,-0.679962,0.686491,-0.435676,0.354048,-0.461313,-0.252901,-0.569432,0.251376,0.511,-0.4836,-0.262098,0.0568656,-0.226251,-0.23464,0.00740584,0.299618,-0.388818;-1.01216,-1.66706,2.7245,1.85324
232;0.612649,-0.402909,-0.284716,-0.259318,-0.447461,0.543864,0.678584,0.0933598,-0.804918,0.940896,-0.810143,-0.0773243,-0.452034,-0.313822,-0.895862,0.54182,-0.354618,-0.421506,0.584076,0.0843473,-0.10393,-0.207205,-0.286127,0.531147,-0.64067;-6.82627,-4.25346,-2.43064,1.48178
233;0.360544,-0.0799289,-0.167282,-0.342413,0.0851424,0.663185,0.403202,0.613426,-0.914839,0.985596,-0.732523,-0.00987982,-0.712846,-0.799145,-0.952034,0.35348,0.410362,0.12212,0.72623,-0.561403,-0.161967,-0.426887,-0.610779,0.373664,-0.380138;-8.36152,0.211271,-1.99147,1.77678
234;0.688253,-0.125059,-0.121951,-0.718804,0.535839,0.778275,0.794344,0.42327,-0.867248,0.97216,-0.693329,-0.394783,-0.397087,-0.748374,-0.926987,0.338432,-0.0162993,0.0877996,0.11271,-0.582775,0.119328,-0.286944,-0.906878,0.611732,0.164774;-10.8367,0.805131,-5.72833,2.68697
235;0.623695,-0.14025,-0.131064,-0.770719,0.527552,0.769537,0.761274,0.239546,-0.854815,0.970424,-0.700316,-0.498915,-0.397087,-0.775688,-0.917042,0.199094,-0.184199,-0.141823,0.281419,-0.766384,0.0951981,-0.570494,-0.889356,0.643142,0.164774;-12.0373,2.25524,-5.18446,1.66994
236;0.124119,0.577332,0.115508,-0.665421,-0.0835423,0.422088,0.394535,0.77324,-0.928041,0.92291,-0.423308,0.259361,-0.782307,-0.931284,-0.8548,0.477515,0.516249,0.499627,0.540948,-0.541451,-0.148833,-0.803297,-0.221059,0.130814,-0.309085;-2.64649,2.58202,1.15578,2.14184
237;0.651499,0.362883,0.337309,-0.35439,-0.218712,0.0976851,0.242075,0.601938,-0.731423,0.462052,-0.225821,0.5181,-0.461313,-0.443582,-0.672393,0.534169,0.518826,-0.260336,-0.454287,0.289959,0.319906,0.18135,-0.203738,0.331223,-0.388818;3.06998,-0.867496,-0.484929,6.06577
238;0.632374,0.0861755,0.360235,-0.244088,-0.321462,0.0546298,0.281653,0.35108,-0.695019,0.816512,-0.38628,0.347672,-0.461313,-0.281548,-0.614765,0.327072,0.475134,-0.326954,-0.384552,0.124095,-0.136618,-0.280408,-0.108792,0.271148,-0.388818;-0.498538,-1.76215,1.81284,3.27367
239;0.634175,0.164328,0.363246,-0.22193,-0.354121,0.036066,0.249871,0.347708,-0.679962,0.686491,-0.435676,0.354048,-0.461313,-0.252901,-0.569432,0.251376,0.511,-0.4836,-0.262098,0.0568656,-0.226251,-0.23464,0.00740584,0.299618,-0.388818;-1.01216,-1.66706,2.7245,1.85324
240;0.612649,-0.402909,-0.284716,-0.259318,-0.447461,0.543864,0.678584,0.0933598,-0.804918,0.940896,-0.810143,-0.0773243,-0.452034,-0.313822,-0.895862,0.54182,-0.354618,-0.421506,0.584076,0.0843473,-0.10393,-0.207205,-0.286127,0.531147,-0.64067;-6.82627,-4.25346,-2.43064,1.48178
241;0.360544,-0.0799289,-0.167282,-0.342413,0.0851424,0.663185,0.403202,0.613426,-0.914839,0.985596,-0.732523,-0.00987982,-0.712846,-0.799145,-0.952034,0.35348,0.410362,0.12212,0.72623,-0.561403,-0.161967,-0.426887,-0.610779,0.373664,-0.380138;-8.36152,0.211271,-1.99147,1.77678
242;0.688253,-0.125059,-0.121951,-0.718804,0.535839,0.778275,0.794344,0.42327,-0.867248,0.97216,-0.693329,-0.394783,-0.397087,-0.748374,-0.926987,0.338432,-0.0162993,0.0877996,0.11271,-0.582775,0.119328,-0.286944,-0.906878,0.611732,0.164774;-10.8367,0.805131,-5.72833,2.68697
243;0.623695,-0.14025,-0.131064,-0.770719,0.527552,0.769537,0.761274,0.239546,-0.854815,0.970424,-0.700316,-0.498915,-0.397087,-0.775688,-0.917042,0.199094,-0.184199,-0.141823,0.281419,-0.766384,0.0951981,-0.570494,-0.889356,0.643142,0.164774;-12.0373,2.25524,-5.18446,1.66994
244;0.124119,0.577332,0.115508,-0.665421,-0.0835423,0.422088,0.394535,0.77324,-0.928041,0.92291,-0.423308,0.259361,-0.782307,-0.931284,-0.8548,0.477515,0.516249,0.499627,0.540948,-0.541451,-0.148833,-0.803297,-0.221059,0.130814,-0.309085;-2.64649,2.58202,1.15578,2.14184
245;0.651499,0.362883,0.337309,-0.35439,-0.218712,0.0976851,0.242075,0.601938,-0.731423,0.462052,-0.225821,0.5181,-0.461313,-0.443582,-0.672393,0.534169,0.518826,-0.260336,-0.454287,0.289959,0.319906,0.18135,-0.203738,0.331223,-0.388818;3.06998,-0.867496,-0.484929,6.06577
246;0.632374,0.0861755,0.360235,-0.244088,-0.321462,0.0546298,0.281653,0.35108,-0.695019,0.816512,-0.38628,0.347672,-0.461313,-0.281548,-0.614765,0.327072,0.475134,-0.326954,-0.384552,0.124095,-0.136618,-0.280408,-0.108792,0.271148,-0.388818;-0.498538,-1.76215,1.81284,3.27367
247;0.634175,0.164328,0.363246,-0.22193,-0.354121,0.036066,0.249871,0.347708,-0.679962,0.686491,-0.435676,0.354048,-0.461313,-0.252901,-0.569432,0.251376,0.511,-0.4836,-0.262098,0.0568656,-0.226251,-0.23464,0.00740584,0.299618,-0.388818;-1.01216,-1.66706,2.7245,1.85324
248;0.612649,-0.402909,-0.284716,-0.259318,-0.447461,0.543864,0.678584,0.0933598,-0.804918,0.940896,-0.810143,-0.0773243,-0.452034,-0.313822,-0.895862,0.54182,-0.354618,-0.421506,0.584076,0.0843473,-0.10393,-0.207205,-0.286127,0.531147,-0.64067;-6.82627,-4.25346,-2.43064,1.48178
249;0.360544,-0.0799289,-0.167282,-0.342413,0.0851424,0.663185,0.403202,0.613426,-0.914839,0.985596,-0.732523,-0.00987982,-0.712846,-0.799145,-0.952034,0.35348,0.410362,0.12212,0.72623,-0.561403,-0.161967,-0.426887,-0.610779,0.373664,-0.380138;-8.36152,0.211271,-1.99147,1.77678
250;0.688253,-0.125059,-0.121951,-0.718804,0.535839,0.778275,0.794344,0.42327,-0.867248,0.97216,-0.693329,-0.394783,-0.397087,-0.748374,-0.926987,0.338432,-0.0162993,0.0877996,0.11271,-0.582775,0.119328,-0.286944,-0.906878,0.611732,0.164774;-10.8367,0.805131,-5.72833,2.68697
251;0.623695,-0.14025,-0.131064,-0.770719,0.527552,0.769537,0.761274,0.239546,-0.854815,0.970424,-0.700316,-0.498915,-0.397087,-0.775688,-0.917042,0.199094,-0.184199,-0.141823,0.281419,-0.766384,0.0951981,-0.570494,-0.889356,0.643142,0.164774;-12.0373,2.25524,-5.18446,1.66994
252;0.124119,0.577332,0.115508,-0.665421,-0.0835423,0.422088,0.394535,0.77324,-0.928041,0.92291,-0.423308,0.259361,-0.782307,-0.931284,-0.8548,0.477515,0.516249,0.499627,0.540948,-0.541451,-0.148833,-0.803297,-0.221059,0.130814,-0.309085;-2.64649,2.58202,1.15578,2.14184
253;0.651499,0.362883,0.337309,-0.35439,-0.218712,0.0976851,0.242075,0.601938,-0.731423,0.462052,-0.225821,0.5181,-0.461313,-0.443582,-0.672393,0.534169,0.518826,-0.260336,-0.454287,0.289959,0.319906,0.18135,-0.203738,0.331223,-0.388818;3.06998,-0.867496,-0.484929,6.06577
254;0.588398,-0.15869,0.00528966,-0.545748,-0.612126,0.245122,0.691435,0.393089,-0.847022,0.880923,-0.694627,0.184637,-0.568699,-0.661589,-0.798668,0.673003,0.0152104,0.197187,0.172012,0.198213,-0.254816,-0.66362,0.12553,0.166904,-0.590622;-2.92994,-2.56172,0.0194992,2.62709
255;0.612086,-0.200388,-0.00657397,-0.587654,-0.580163,0.213498,0.612651,0.514903,-0.853092,0.657711,-0.66553,0.278905,-0.568699,-0.775509,-0.853702,0.66093,0.235169,0.176262,0.24096,0.0107944,-0.224489,-0.525721,0.190679,0.143885,-0.590622;-3.24127,-1.23366,-0.313273,2.4998
256;0.641139,-0.463161,-0.297782,-0.33057,-0.347506,0.573234,0.621147,0.237776,-0.83894,0.910106,-0.757824,0.0161706,-0.452034,-0.544269,-0.938632,0.605909,-0.207663,-0.241082,0.490782,0.0229525,0.0367142,-0.0427029,-0.382192,0.490563,-0.64067;-5.95575,-3.25855,-4.2812,3.43699
257;0.386501,-0.0569575,-0.169578,-0.356444,0.136921,0.676361,0.412134,0.604835,-0.918908,0.987074,-0.677354,-0.0168138,-0.712846,-0.798882,-0.959528,0.372306,0.389499,0.107725,0.689701,-0.515037,-0.124737,-0.438054,-0.651151,0.382574,-0.380138;-8.02862,0.512781,-2.17279,2.13682
258;0.689245,-0.145674,-0.122996,-0.722252,0.535796,0.779283,0.793722,0.420131,-0.867652,0.972361,-0.695741,-0.401692,-0.397087,-0.74939,-0.921083,0.343773,-0.013342,0.0740468,0.124779,-0.577601,0.115226,-0.30605,-0.906213,0.616226,0.164774;-11.0302,0.863995,-5.69825,2.62474
259;0.623145,-0.142773,-0.131144,-0.770942,0.527719,0.767802,0.760426,0.242075,-0.853695,0.970185,-0.698158,-0.496658,-0.397087,-0.77862,-0.915428,0.187933,-0.182703,-0.137744,0.283154,-0.767358,0.0826678,-0.570424,-0.889075,0.643338,0.164774;-12.0435,2.24152,-5.16108,1.59381
260;0.122664,0.577601,0.115646,-0.664894,-0.0828797,0.421284,0.39452,0.773367,-0.928085,0.922627,-0.421082,0.259838,-0.782307,-0.931424,-0.854794,0.476247,0.515606,0.500196,0.539886,-0.540374,-0.148026,-0.803133,-0.222164,0.132332,-0.309085;-2.62338,2.5837,1.15928,2.14249
261;0.651401,0.362508,0.337366,-0.354008,-0.218682,0.0975796,0.242128,0.601906,-0.731491,0.461868,-0.22574,0.517892,-0.461313,-0.442346,-0.671914,0.533659,0.518716,-0.260528,-0.454276,0.290555,0.319941,0.181045,-0.203782,0.331424,-0.388818;3.06727,-0.872227,-0.477194,6.06043
262;0.632255,0.0859327,0.360242,-0.244034,-0.321715,0.0543556,0.281644,0.351074,-0.694904,0.816422,-0.386657,0.347663,-0.461313,-0.281323,-0.614685,0.326676,0.475146,-0.326851,-0.384531,0.124065,-0.136949,-0.280443,-0.108773,0.271156,-0.388818;-0.500784,-1.76614,1.8144,3.27026
263;0.634117,0.164343,0.363265,-0.221789,-0.354165,0.0360222,0.24987,0.347708,-0.679958,0.68643,-0.435745,0.354052,-0.461313,-0.252868,-0.569575,0.251266,0.510995,-0.483553,-0.262126,0.0567902,-0.226273,-0.234597,0.00740936,0.299652,-0.388818;-1.0119,-1.668,2.72439,1.85279
264;0.612627,-0.402876,-0.284713,-0.259295,-0.447467,0.543924,0.67859,0.0933478,-0.804947,0.940902,-0.81018,-0.0773425,-0.452034,-0.313727,-0.895879,0.541857,-0.354606,-0.421483,0.584072,0.0843373,-0.103901,-0.207201,-0.286125,0.531149,-0.64067;-6.82647,-4.25396,-2.4304,1.48166
265;0.360547,-0.0799236,-0.167287,-0.342442,0.0851209,0.663191,0.403203,0.613424,-0.914839,0.985596,-0.732555,-0.00988162,-0.712846,-0.799132,-0.952038,0.353496,0.410368,0.122115,0.726233,-0.561408,-0.161956,-0.426881,-0.610775,0.373661,-0.380138;-8.3617,0.211161,-1.9915,1.7768
266;0.688254,-0.125058,-0.121952,-0.718806,0.535837,0.778276,0.794344,0.423272,-0.867248,0.97216,-0.693334,-0.394781,-0.397087,-0.748381,-0.926989,0.338437,-0.0162984,0.0878008,0.112708,-0.582781,0.119331,-0.286943,-0.906878,0.611731,0.164774;-10.8367,0.805139,-5.72837,2.68702
267;0.623696,-0.140247,-0.131064,-0.770719,0.527554,0.769537,0.761274,0.239546,-0.854815,0.970424,-0.700315,-0.498915,-0.397087,-0.775688,-0.917043,0.199095,-0.184199,-0.141824,0.281418,-0.766385,0.0952,-0.570494,-0.889356,0.643142,0.164774;-12.0372,2.25525,-5.18446,1.66995
268;0.124119,0.577332,0.115508,-0.665421,-0.0835423,0.422088,0.394535,0.77324,-0.928041,0.922911,-0.423309,0.259361,-0.782307,-0.931284,-0.8548,0.477516,0.51625,0.499627,0.540948,-0.541451,-0.148832,-0.803297,-0.221059,0.130814,-0.309085;-2.64649,2.58203,1.15578,2.14184
269;0.651499,0.362883,0.337308,-0.354391,-0.218712,0.097685,0.242075,0.601939,-0.731422,0.462052,-0.225821,0.5181,-0.461313,-0.443582,-0.672393,0.534169,0.518826,-0.260336,-0.454287,0.289958,0.319906,0.18135,-0.203738,0.331223,-0.388818;3.06998,-0.867494,-0.48493,6.06577
270;0.588398,-0.15869,0.00528967,-0.545748,-0.612126,0.245122,0.691435,0.393089,-0.847022,0.880923,-0.694627,0.184637,-0.568699,-0.66159,-0.798668,0.673003,0.0152103,0.197187,0.172012,0.198213,-0.254816,-0.66362,0.12553,0.166904,-0.590622;-2.92994,-2.56172,0.0194991,2.62709
271;0.612086,-0.200388,-0.00657397,-0.587654,-0.580163,0.213498,0.612651,0.514903,-0.853092,0.657711,-0.66553,0.278905,-0.568699,-0.775509,-0.853702,0.66093,0.235169,0.176262,0.24096,0.0107944,-0.224489,-0.525721,0.190679,0.143885,-0.590622;-3.24127,-1.23366,-0.313272,2.4998
272;0.641139,-0.463161,-0.297782,-0.33057,-0.347506,0.573234,0.621147,0.237776,-0.83894,0.910106,-0.757824,0.0161706,-0.452034,-0.544269,-0.938632,0.605909,-0.207663,-0.241082,0.490782,0.0229525,0.0367142,-0.0427029,-0.382192,0.490563,-0.64067;-5.95575,-3.25855,-4.2812,3.43699
273;0.386501,-0.0569575,-0.169578,-0.356444,0.136921,0.676361,0.412134,0.604835,-0.918908,0.987074,-0.677354,-0.0168138,-0.712846,-0.798882,-0.959528,0.372306,0.389499,0.107725,0.689701,-0.515037,-0.124737,-0.438054,-0.651151,0.382574,-0.380138;-8.02862,0.512781,-2.17279,2.13682
274;0.689245,-0.145674,-0.122996,-0.722252,0.535796,0.779283,0.793722,0.420131,-0.867652,0.972361,-0.695741,-0.401692,-0.397087,-0.74939,-0.921083,0.343773,-0.013342,0.0740468,0.124779,-0.577601,0.115226,-0.30605,-0.906213,0.616226,0.164774;-11.0302,0.863995,-5.69825,2.62474
275;0.623145,-0.142773,-0.131144,-0.770942,0.527719,0.767802,0.760426,0.242075,-0.853695,0.970185,-0.698158,-0.496658,-0.397087,-0.77862,-0.915428,0.187933,-0.182703,-0.137744,0.283154,-0.767358,0.0826678,-0.570424,-0.889075,0.643338,0.164774;-12.0435,2.24152,-5.16108,1.59381
276;0.122664,0.577601,0.115646,-0.664894,-0.0828797,0.421284,0.39452,0.773367,-0.928085,0.922627,-0.421082,0.259838,-0.782307,-0.931424,-0.854794,0.476247,0.515606,0.500196,0.539886,-0.540374,-0.148026,-0.803133,-0.222164,0.132332,-0.309085;-2.62338,2.5837,1.15928,2.14249
277;0.651401,0.362508,0.337366,-0.354008,-0.218682,0.0975796,0.242128,0.601906,-0.731491,0.461868,-0.22574,0.517892,-0.461313,-0.442346,-0.671914,0.533659,0.518716,-0.260528,-0.454276,0.290555,0.319941,0.181045,-0.203782,0.331424,-0.388818;3.06727,-0.872227,-0.477194,6.06043
278;0.632255,0.0859327,0.360242,-0.244034,-0.321715,0.0543556,0.281644,0.351074,-0.694904,0.816422,-0.386657,0.347663,-0.461313,-0.281323,-0.614685,0.326676,0.475146,-0.326851,-0.384531,0.124065,-0.136949,-0.280443,-0.108773,0.271156,-0.388818;-0.500784,-1.76614,1.8144,3.27026
279;0.634117,0.164343,0.363265,-0.221789,-0.354165,0.0360222,0.24987,0.347708,-0.679958,0.68643,-0.435745,0.354052,-0.461313,-0.252868,-0.569575,0.251266,0.510995,-0.483553,-0.262126,0.0567902,-0.226273,-0.234597,0.00740936,0.299652,-0.388818;-1.0119,-1.668,2.72439,1.85279
280;0.612627,-0.402876,-0.284713,-0.259295,-0.447467,0.543924,0.67859,0.0933478,-0.804947,0.940902,-0.81018,-0.0773425,-0.452034,-0.313727,-0.895879,0.541857,-0.354606,-0.421483,0.584072,0.0843373,-0.103901,-0.207201,-0.286125,0.531149,-0.64067;-6.82647,-4.25396,-2.4304,1.48166
281;0.360547,-0.0799236,-0.167287,-0.342442,0.0851209,0.663191,0.403203,0.613424,-0.914839,0.985596,-0.732555,-0.00988162,-0.712846,-0.799132,-0.952038,0.353496,0.410368,0.122115,0.726233,-0.561408,-0.161956,-0.426881,-0.610775,0.373661,-0.380138;-8.3617,0.211161,-1.9915,1.7768
282;0.688254,-0.125058,-0.121952,-0.718806,0.535837,0.778276,0.794344,0.423272,-0.867248,0.97216,-0.693334,-0.394781,-0.397087,-0.748381,-0.926989,0.338437,-0.0162984,0.0878008,0.112708,-0.582781,0.119331,-0.286943,-0.906878,0.611731,0.164774;-10.8367,0.805139,-5.72837,2.68702
283;0.623696,-0.140247,-0.131064,-0.770719,0.527554,0.769537,0.761274,0.239546,-0.854815,0.970424,-0.700315,-0.498915,-0.397087,-0.775688,-0.917043,0.199095,-0.184199,-0.141824,0.281418,-0.766385,0.0952,-0.570494,-0.889356,0.643142,0.164774;-12.0372,2.25525,-5.18446,1.66995
284;0.124119,0.577332,0.115508,-0.665421,-0.0835423,0.422088,0.394535,0.77324,-0.928041,0.922911,-0.423309,0.259361,-0.782307,-0.931284,-0.8548,0.477516,0.51625,0.499627,0.540948,-0.541451,-0.148832,-0.803297,-0.221059,0.130814,-0.309085;-2.64649,2.58203,1.15578,2.14184
285;0.651499,0.362883,0.337308,-0.354391,-0.218712,0.097685,0.242075,0.601939,-0.731422,0.462052,-0.225821,0.5181,-0.461313,-0.443582,-0.672393,0.534169,0.518826,-0.260336,-0.454287,0.289958,0.319906,0.18135,-0.203738,0.331223,-0.388818;3.06998,-0.867494,-0.48493,6.06577
286;0.632374,0.0861755,0.360235,-0.244088,-0.321462,0.0546297,0.281653,0.35108,-0.695019,0.816512,-0.38628,0.347672,-0.461313,-0.281548,-0.614765,0.327072,0.475134,-0.326954,-0.384552,0.124095,-0.136618,-0.280408,-0.108792,0.271148,-0.388818;-0.498537,-1.76215,1.81284,3.27367
287;0.634175,0.164328,0.363246,-0.22193,-0.354121,0.0360659,0.249871,0.347708,-0.679962,0.686491,-0.435676,0.354048,-0.461313,-0.252901,-0.569432,0.251376,0.511,-0.4836,-0.262098,0.0568656,-0.226251,-0.23464,0.00740584,0.299618,-0.388818;-1.01216,-1.66706,2.7245,1.85324
288;0.612649,-0.402909,-0.284716,-0.259318,-0.447461,0.543864,0.678584,0.0933598,-0.804918,0.940896,-0.810143,-0.0773243,-0.452034,-0.313822,-0.895862,0.54182,-0.354618,-0.421506,0.584076,0.0843473,-0.10393,-0.207205,-0.286127,0.531147,-0.64067;-6.82627,-4.25346,-2.43064,1.48178
289;0.360544,-0.0799289,-0.167282,-0.342413,0.0851424,0.663185,0.403202,0.613426,-0.914839,0.985596,-0.732523,-0.00987982,-0.712846,-0.799145,-0.952034,0.35348,0.410362,0.12212,0.72623,-0.561403,-0.161967,-0.426887,-0.610779,0.373664,-0.380138;-8.36152,0.211271,-1.99147,1.77678
290;0.688253,-0.125059,-0.121951,-0.718804,0.535839,0.778275,0.794344,0.42327,-0.867248,0.97216,-0.693329,-0.394783,-0.397087,-0.748374,-0.926987,0.338432,-0.0162993,0.0877996,0.11271,-0.582775,0.119328,-0.286944,-0.906878,0.611732,0.164774;-10.8367,0.805131,-5.72833,2.68697
291;0.623695,-0.14025,-0.131064,-0.770719,0.527552,0.769537,0.761274,0.239546,-0.854815,0.970424,-0.700316,-0.498915,-0.397087,-0.775688,-0.917042,0.199094,-0.184199,-0.141823,0.281419,-0.766384,0.0951981,-0.570494,-0.889356,0.643142,0.164774;-12.0373,2.25524,-5.18446,1.66994
292;0.124119,0.577332,0.115508,-0.665421,-0.0835423,0.422088,0.394535,0.77324,-0.928041,0.92291,-0.423308,0.259361,-0.782307,-0.931284,-0.8548,0.477515,0.516249,0.499627,0.540948,-0.541451,-0.148833,-0.803297,-0.221059,0.130814,-0.309085;-2.64649,2.58202,1.15578,2.14184
293;0.651499,0.362883,0.337309,-0.35439,-0.218712,0.0976851,0.242075,0.601938,-0.731423,0.462052,-0.225821,0.5181,-0.461313,-0.443582,-0.672393,0.534169,0.518826,-0.260336,-0.454287,0.289959,0.319906,0.18135,-0.203738,0.331223,-0.388818;3.06998,-0.867496,-0.484929,6.06577
294;0.632374,0.0861755,0.360235,-0.244088,-0.321462,0.0546298,0.281653,0.35108,-0.695019,0.816512,-0.38628,0.347672,-0.461313,-0.281548,-0.614765,0.327072,0.475134,-0.326954,-0.384552,0.124095,-0.136618,-0.280408,-0.108792,0.271148,-0.388818;-0.498538,-1.76215,1.81284,3.27367
295;0.634175,0.164328,0.363246,-0.22193,-0.354121,0.036066,0.249871,0.347708,-0.679962,0.686491,-0.435676,0.354048,-0.461313,-0.252901,-0.569432,0.251376,0.511,-0.4836,-0.262098,0.0568656,-0.226251,-0.23464,0.00740584,0.299618,-0.388818;-1.01216,-1.66706,2.7245,1.85324
296;0.612649,-0.402909,-0.284716,-0.259318,-0.447461,0.543864,0.678584,0.0933598,-0.804918,0.940896,-0.810143,-0.0773243,-0.452034,-0.313822,-0.895862,0.54182,-0.354618,-0.421506,0.584076,0.0843473,-0.10393,-0.207205,-0.286127,0.531147,-0.64067;-6.82627,-4.25346,-2.43064,1.48178
297;0.360544,-0.0799289,-0.167282,-0.342413,0.0851424,0.663185,0.403202,0.613426,-0.914839,0.985596,-0.732523,-0.00987982,-0.712846,-0.799145,-0.952034,0.35348,0.410362,0.12212,0.72623,-0.561403,-0.161967,-0.426887,-0.610779,0.373664,-0.380138;-8.36152,0.211271,-1.99147,1.77678
298;0.688253,-0.125059,-0.121951,-0.718804,0.535839,0.778275,0.794344,0.42327,-0.867248,0.97216,-0.693329,-0.394783,-0.397087,-0.748374,-0.926987,0.338432,-0.0162993,0.0877996,0.11271,-0.582775,0.119328,-0.286944,-0.906878,0.611732,0.164774;-10.8367,0.805131,-5.72833,2.68697
299;0.623695,-0.14025,-0.131064,-0.770719,0.527552,0.769537,0.761274,0.239546,-0.854815,0.970424,-0.700316,-0.498915,-0.397087,-0.775688,-0.917042,0.199094,-0.184199,-0.141823,0.281419,-0.766384,0.0951981,-0.570494,-0.889356,0.643142,0.164774;-12.0373,2.25524,-5.18446,1.66994
