0;100;60
1;110;60
2;120;60
3;130;60
4;140;60
5;150;60
6;160;60
7;170;60
8;180;60
9;180;60
10;180;60
11;180;60
12;187.071;67.0711
13;187.071;67.0711
14;187.071;67.0711
15;187.071;67.0711
16;187.071;67.0711
17;187.071;77.0711
18;187.071;87.0711
19;187.071;97.0711
20;187.071;107.071
21;187.071;107.071
22;187.071;107.071
23;177.071;107.071
24;167.071;107.071
25;167.071;107.071
26;167.071;107.071
27;174.142;100
28;181.213;92.9289
29;188.284;85.8579
30;188.284;85.8579
31;188.284;85.8579
32;188.284;85.8579
33;188.284;85.8579
34;188.284;85.8579
35;188.284;85.8579
36;188.284;95.8579
37;188.284;105.858
38;188.284;105.858
39;188.284;105.858
40;178.284;105.858
41;168.284;105.858
42;168.284;105.858
43;168.284;105.858
44;175.355;98.7868
45;182.426;91.7157
46;189.497;84.6447
47;189.497;84.6447
48;189.497;84.6447
49;189.497;84.6447
50;189.497;84.6447
51;189.497;84.6447
52;189.497;84.6447
53;189.497;94.6447
54;189.497;104.645
55;189.497;104.645
56;189.497;104.645
57;189.497;104.645
58;189.497;104.645
59;182.426;111.716
60;182.426;111.716
61;182.426;111.716
62;182.426;111.716
63;182.426;111.716
64;172.426;111.716
65;162.426;111.716
66;162.426;111.716
67;162.426;111.716
68;169.497;104.645
69;176.569;97.5736
70;183.64;90.5025
71;190.711;83.4315
72;190.711;83.4315
73;190.711;83.4315
74;190.711;83.4315
75;190.711;83.4315
76;190.711;83.4315
77;190.711;83.4315
78;190.711;93.4315
79;190.711;103.431
80;190.711;103.431
81;190.711;103.431
82;190.711;103.431
83;190.711;103.431
84;183.64;110.503
85;183.64;110.503
86;183.64;110.503
87;183.64;110.503
88;183.64;110.503
89;173.64;110.503
90;163.64;110.503
91;163.64;110.503
92;163.64;110.503
93;170.711;103.431
94;177.782;96.3604
95;184.853;89.2893
96;191.924;82.2183
97;191.924;82.2183
98;191.924;82.2183
99;191.924;82.2183
100;191.924;82.2183
101;191.924;82.2183
102;191.924;82.2183
103;191.924;92.2183
104;191.924;102.218
105;191.924;102.218
106;191.924;102.218
107;191.924;102.218
108;191.924;102.218
109;184.853;109.289
110;184.853;109.289
111;184.853;109.289
112;184.853;109.289
113;184.853;109.289
114;174.853;109.289
115;164.853;109.289
116;164.853;109.289
117;164.853;109.289
118;171.924;102.218
119;178.995;95.1472
120;186.066;88.0761
121;186.066;88.0761
122;186.066;88.0761
123;186.066;88.0761
124;186.066;88.0761
125;186.066;88.0761
126;186.066;88.0761
127;186.066;98.0761
128;186.066;108.076
129;186.066;108.076
130;186.066;108.076
131;176.066;108.076
132;166.066;108.076
133;166.066;108.076
134;166.066;108.076
135;173.137;101.005
136;180.208;93.934
137;187.279;86.8629
138;187.279;86.8629
139;187.279;86.8629
140;187.279;86.8629
141;187.279;86.8629
142;187.279;86.8629
143;187.279;86.8629
144;187.279;96.8629
145;187.279;106.863
146;187.279;106.863
147;187.279;106.863
148;177.279;106.863
149;167.279;106.863
150;167.279;106.863
151;167.279;106.863
152;174.35;99.7918
153;181.421;92.7208
154;188.492;85.6497
155;188.492;85.6497
156;188.492;85.6497
157;188.492;85.6497
158;188.492;85.6497
159;188.492;85.6497
160;188.492;85.6497
161;188.492;95.6497
162;188.492;105.65
163;188.492;105.65
164;188.492;105.65
165;188.492;105.65
166;188.492;105.65
167;181.421;112.721
168;181.421;112.721
169;181.421;112.721
170;181.421;112.721
171;181.421;112.721
172;171.421;112.721
173;161.421;112.721
174;161.421;112.721
175;161.421;112.721
176;168.492;105.65
177;175.563;98.5786
178;182.635;91.5076
179;189.706;84.4365
180;189.706;84.4365
181;189.706;84.4365
182;189.706;84.4365
183;189.706;84.4365
184;189.706;84.4365
185;189.706;84.4365
186;189.706;94.4365
187;189.706;104.437
188;189.706;104.437
189;189.706;104.437
190;189.706;104.437
191;189.706;104.437
192;182.635;111.508
193;182.635;111.508
194;182.635;111.508
195;182.635;111.508
196;182.635;111.508
197;172.635;111.508
198;162.635;111.508
199;162.635;111.508
200;162.635;111.508
201;169.706;104.437
202;176.777;97.3654
203;183.848;90.2944
204;190.919;83.2233
205;190.919;83.2233
206;190.919;83.2233
207;190.919;83.2233
208;190.919;83.2233
209;190.919;83.2233
210;190.919;83.2233
211;190.919;93.2233
212;190.919;103.223
213;190.919;103.223
214;190.919;103.223
215;190.919;103.223
216;190.919;103.223
217;183.848;110.294
218;183.848;110.294
219;183.848;110.294
220;183.848;110.294
221;183.848;110.294
222;173.848;110.294
223;163.848;110.294
224;163.848;110.294
225;163.848;110.294
226;170.919;103.223
227;177.99;96.1522
228;185.061;89.0812
229;192.132;82.0101
230;192.132;82.0101
231;192.132;82.0101
232;192.132;82.0101
233;192.132;82.0101
234;192.132;82.0101
235;192.132;82.0101
236;192.132;92.0101
237;192.132;102.01
238;192.132;102.01
239;192.132;102.01
240;192.132;102.01
241;192.132;102.01
242;185.061;109.081
243;185.061;109.081
244;185.061;109.081
245;185.061;109.081
246;185.061;109.081
247;175.061;109.081
248;165.061;109.081
249;165.061;109.081
250;165.061;109.081
251;172.132;102.01
252;179.203;94.939
253;186.274;87.868
254;186.274;87.868
255;186.274;87.868
256;186.274;87.868
257;186.274;87.868
258;186.274;87.868
259;186.274;87.868
260;186.274;97.868
261;186.274;107.868
262;186.274;107.868
263;186.274;107.868
264;176.274;107.868
265;166.274;107.868
266;166.274;107.868
267;166.274;107.868
268;173.345;100.797
269;180.416;93.7258
270;187.487;86.6548
271;187.487;86.6548
272;187.487;86.6548
273;187.487;86.6548
274;187.487;86.6548
275;187.487;86.6548
276;187.487;86.6548
277;187.487;96.6548
278;187.487;106.655
279;187.487;106.655
280;187.487;106.655
281;177.487;106.655
282;167.487;106.655
283;167.487;106.655
284;167.487;106.655
285;174.558;99.5837
286;181.63;92.5126
287;188.701;85.4416
288;188.701;85.4416
289;188.701;85.4416
290;188.701;85.4416
291;188.701;85.4416
292;188.701;85.4416
293;188.701;85.4416
294;188.701;95.4416
295;188.701;105.442
296;188.701;105.442
297;188.701;105.442
298;188.701;105.442
299;188.701;105.442
300;181.63;112.513
