0.045
0.076
0.089
0.092
0.105
0.107
0.123
0.124
0.132
0.144
0.162
0.160
0.169
0.186
0.201
0.173
0.160
0.178
0.170
0.197
0.183
0.190
0.191
0.181
0.177
0.186
0.187
0.197
0.188
0.189
0.196
0.197
0.180
0.186
0.178
0.186
0.194
0.174
0.188
0.195
0.194
0.203
0.200
0.209
0.206
0.216
0.186
0.214
0.182
0.201
0.196
0.206
0.202
0.191
0.188
0.194
0.191
0.196
0.203
0.191
0.201
0.207
0.196
0.192
0.192
0.166
0.177
0.176
0.191
0.197
0.189
0.177
0.166
0.190
0.192
0.203
0.195
0.190
0.192
0.194
0.193
0.213
0.191
0.189
0.182
0.177
0.194
0.188
0.204
0.199
0.189
0.186
0.177
0.190
0.212
0.212
0.188
0.194
0.180
0.204
0.200
0.183
0.206
0.184
0.204
0.211
0.185
0.190
0.197
0.181
0.199
0.194
0.200
0.213
0.255
0.228
0.233
0.222
0.222
0.241
0.232
0.215
0.209
0.216
0.226
0.216
0.239
0.246
0.250
0.238
0.256
0.218
0.249
0.231
0.222
0.248
0.260
0.234
0.219
0.233
0.235
0.246
0.260
0.256
0.238
0.222
0.221
0.225
0.253
0.220
0.221
0.223
0.215
0.246
0.231
0.221
0.202
0.223
0.217
0.223
0.231
0.198
0.205
0.218
0.227
0.221
0.213
0.207
0.219
0.236
0.216
0.203
0.221
0.232
0.213
0.231
0.229
0.240
0.253
0.230
0.246
0.220
0.227
0.237
0.220
0.219
0.221
0.237
0.220
0.237
0.232
0.221
0.240
0.228
0.233
0.224
0.232
0.237
0.211
0.218
0.209
0.221
0.213
0.242
0.233
0.205
0.209
0.232
0.205
0.232
0.215
0.211
0.210
0.217
0.229
0.221
0.223
0.225
0.219
0.212
0.197
0.214
0.229
0.242
0.253
0.239
0.204
0.214
0.206
0.225
0.244
0.214
0.223
0.231
0.210
0.201
0.210
0.195
0.219
0.219
0.250
0.207
0.187
0.232
0.228
0.226
0.184
0.223
0.213
0.199
0.221
0.221
0.204
0.232
0.232
0.231
0.203
0.217
0.247
0.236
0.229
0.238
0.234
0.224
0.236
0.255
0.229
0.244
0.259
0.228
0.265
0.244
0.251
0.253
0.230
0.245
0.247
0.224
0.229
0.236
0.240
0.228
0.220
0.221
0.206
0.208
0.229
0.235
0.250
0.224
0.245
0.235
0.214
0.225
0.243
0.228
0.240
0.226
0.218
0.237
0.211
0.223
0.214
0.185
0.194
0.198
0.184
0.204
0.230
0.225
0.200
0.221
0.220
0.216
0.212
0.227
0.201
0.216
0.225
0.235
0.222
0.225
0.214
0.234
0.254
0.244
0.205
0.219
0.202
0.209
0.212
0.186
0.206
0.200
0.224
0.238
0.248
0.229
0.258
0.237
0.240
0.218
0.216
0.217
0.241
0.217
0.254
0.224
0.269
0.233
0.226
0.252
0.261
0.248
0.236
0.234
0.241
0.248
0.214
0.232
0.240
0.251
0.223
0.241
0.219
0.232
0.221
0.241
0.245
0.221
0.230
0.247
0.239
0.253
0.246
0.239
0.254
0.235
0.238
0.232
0.237
0.214
0.213
0.235
0.257
0.221
0.252
0.219
0.208
0.237
0.237
0.256
0.256
0.216
0.197
0.192
0.230
0.188
0.196
0.234
0.243
0.260
0.238
0.235
0.253
0.250
0.230
0.223
0.255
0.221
0.228
0.219
0.223
0.245
0.237
0.236
0.250
0.262
0.273
0.259
0.251
0.265
0.261
0.260
0.264
0.244
0.263
0.269
0.270
0.248
0.224
0.261
0.266
0.270
0.251
0.257
0.259
0.254
0.251
0.230
0.239
0.260
0.222
0.263
0.269
0.250
0.224
0.237
0.190
0.244
0.244
0.255
0.259
0.219
0.236
0.256
0.256
0.242
0.233
0.239
0.228
0.222
0.251
0.241
0.255
0.272
0.267
0.255
0.229
0.252
0.258
0.272
0.259
0.242
0.239
0.260
0.254
0.245
0.267
0.239
0.258
0.246
0.261
0.216
0.222
0.225
0.247
0.228
0.230
0.238
0.247
0.224
0.229
0.223
0.241
0.247
0.241
0.234
0.240
0.249
