0.192
0.208
0.227
0.235
0.233
0.272
0.303
0.297
0.297
0.315
0.308
0.298
0.303
0.315
0.318
0.318
0.300
0.313
0.317
0.305
0.323
0.322
0.305
0.312
0.300
0.315
0.312
0.318
0.313
0.308
0.323
0.330
0.347
0.363
0.347
0.348
0.342
0.368
0.358
0.357
0.375
0.363
0.375
0.355
0.353
0.360
0.358
0.362
0.373
0.358
0.380
0.368
0.362
0.352
0.368
0.377
0.362
0.368
0.360
0.355
0.362
0.377
0.357
0.365
0.355
0.357
0.365
0.370
0.365
0.353
0.357
0.353
0.368
0.362
0.365
0.370
0.365
0.365
0.353
0.367
0.370
0.360
0.357
0.362
0.357
0.363
0.372
0.372
0.377
0.370
0.365
0.375
0.365
0.357
0.363
0.380
0.363
0.343
0.372
0.352
0.355
0.358
0.355
0.365
0.360
0.375
0.367
0.363
0.380
0.368
0.363
0.367
0.353
0.360
0.357
0.357
0.358
0.353
0.375
0.375
0.378
0.373
0.363
0.360
0.353
0.388
0.362
0.363
0.367
0.357
0.363
0.370
0.378
0.375
0.357
0.358
0.368
0.355
0.368
0.363
0.373
0.358
0.358
0.353
0.363
0.377
0.387
0.363
0.367
0.357
0.358
0.357
0.363
0.355
0.358
0.362
0.382
0.358
0.363
0.357
0.357
0.355
0.363
0.367
0.373
0.362
0.360
0.372
0.355
0.372
0.360
0.355
0.358
0.368
0.363
0.355
0.357
0.372
0.375
0.353
0.388
0.357
0.388
0.367
0.377
0.360
0.392
0.345
0.360
0.362
0.363
0.353
0.355
0.355
0.353
0.370
0.368
0.365
0.370
0.363
0.370
0.355
0.365
0.368
0.367
0.358
0.358
0.378
0.358
0.362
0.373
0.362
0.357
0.357
0.355
0.368
0.357
0.367
0.362
0.370
0.363
0.388
0.390
0.412
0.403
0.410
0.413
0.418
0.398
0.423
0.430
0.413
0.407
0.422
0.422
0.410
0.418
0.417
0.425
0.407
0.423
0.420
0.417
0.423
0.423
0.428
0.422
0.425
0.420
0.410
0.413
0.422
0.433
0.430
0.432
0.425
0.447
0.437
0.417
0.400
0.423
0.418
0.408
0.418
0.417
0.425
0.428
0.432
0.418
0.408
0.427
0.413
0.417
0.422
0.412
0.425
0.430
0.410
0.420
0.420
0.415
0.417
0.423
0.443
0.427
0.420
0.417
0.428
0.425
0.420
0.445
0.418
0.425
0.425
0.412
0.418
0.423
0.427
0.413
0.447
0.422
0.438
0.437
0.433
0.428
0.425
0.412
0.418
0.412
0.435
0.407
0.410
0.415
0.413
0.413
0.428
0.415
0.433
0.422
0.417
0.413
0.412
0.420
0.415
0.402
0.418
0.430
0.415
0.415
0.430
0.420
0.410
0.425
0.415
0.430
0.415
0.428
0.412
0.425
0.413
0.413
0.432
0.418
0.418
0.433
0.420
0.430
0.422
0.428
0.408
0.422
0.410
0.423
0.418
0.415
0.422
0.407
0.417
0.418
0.417
0.425
0.438
0.412
0.420
0.432
0.405
0.420
0.415
0.412
0.417
0.432
0.428
0.425
0.423
0.417
0.433
0.410
0.422
0.412
0.423
0.430
0.428
0.417
0.413
0.422
0.430
0.408
0.422
0.425
0.420
0.415
0.415
0.412
0.433
0.415
0.428
0.428
0.430
0.427
0.423
0.427
0.418
0.442
0.417
0.427
0.430
0.423
0.412
0.417
0.417
0.412
0.413
0.420
0.415
0.427
0.428
0.425
0.412
0.435
0.403
0.407
0.415
0.422
0.423
0.422
0.410
0.422
0.425
0.422
0.430
0.430
0.422
0.413
0.433
0.437
0.405
0.412
0.417
0.433
0.410
0.420
0.415
0.410
0.430
0.412
0.417
0.412
0.413
0.415
0.422
0.445
0.417
0.425
0.425
0.427
0.418
0.408
0.428
0.412
0.413
0.417
0.435
0.422
0.432
0.425
0.417
0.413
0.425
0.412
0.405
0.415
0.413
0.420
0.422
0.427
0.417
0.427
0.438
0.408
0.415
0.410
0.427
0.418
0.415
0.415
0.412
0.422
0.415
0.422
0.422
0.412
0.413
0.420
0.418
0.413
0.413
0.420
0.420
0.417
0.415
