0.243
0.250
0.278
0.297
0.305
0.315
0.293
0.312
0.323
0.307
0.318
0.318
0.347
0.340
0.333
0.337
0.345
0.353
0.358
0.372
0.372
0.375
0.377
0.383
0.380
0.382
0.375
0.380
0.385
0.390
0.380
0.390
0.385
0.375
0.395
0.385
0.380
0.377
0.382
0.383
0.383
0.403
0.377
0.385
0.377
0.375
0.370
0.387
0.387
0.378
0.385
0.390
0.378
0.370
0.378
0.382
0.382
0.382
0.397
0.378
0.392
0.378
0.383
0.388
0.388
0.383
0.380
0.373
0.375
0.390
0.378
0.380
0.380
0.395
0.385
0.382
0.377
0.380
0.383
0.387
0.383
0.385
0.382
0.400
0.392
0.380
0.393
0.405
0.402
0.390
0.392
0.388
0.387
0.380
0.382
0.378
0.390
0.385
0.395
0.377
0.393
0.382
0.380
0.382
0.377
0.390
0.375
0.390
0.380
0.380
0.380
0.382
0.383
0.377
0.382
0.382
0.385
0.385
0.380
0.385
0.398
0.378
0.382
0.390
0.385
0.387
0.382
0.380
0.385
0.390
0.385
0.387
0.385
0.380
0.400
0.385
0.378
0.383
0.380
0.385
0.390
0.388
0.385
0.380
0.378
0.405
0.382
0.375
0.385
0.382
0.395
0.380
0.382
0.385
0.390
0.387
0.388
0.382
0.380
0.388
0.390
0.373
0.378
0.370
0.387
0.378
0.392
0.390
0.385
0.392
0.377
0.388
0.390
0.395
0.380
0.398
0.408
0.382
0.398
0.378
0.390
0.385
0.382
0.377
0.385
0.378
0.378
0.378
0.385
0.395
0.378
0.402
0.390
0.390
0.380
0.382
0.395
0.382
0.388
0.378
0.400
0.382
0.385
0.382
0.388
0.397
0.383
0.382
0.398
0.375
0.378
0.390
0.383
0.378
0.385
0.388
0.390
0.393
0.392
0.390
0.382
0.378
0.383
0.380
0.392
0.392
0.383
0.377
0.385
0.380
0.388
0.388
0.382
0.375
0.382
0.388
0.383
0.397
0.382
0.392
0.377
0.393
0.380
0.380
0.383
0.385
0.387
0.377
0.385
0.390
0.395
0.382
0.388
0.388
0.388
0.388
0.380
0.387
0.382
0.375
0.382
0.375
0.385
0.378
0.385
0.373
0.387
0.382
0.387
0.387
0.382
0.402
0.383
0.388
0.395
0.393
0.393
0.380
0.372
0.375
0.383
0.395
0.380
0.380
0.387
0.397
0.382
0.375
0.388
0.402
0.382
0.388
0.382
0.385
0.387
0.372
0.380
0.387
0.397
0.378
0.382
0.373
0.380
0.380
0.382
0.383
0.388
0.388
0.405
0.382
0.392
0.388
0.378
0.395
0.382
0.383
0.388
0.383
0.383
0.385
0.377
0.400
0.378
0.375
0.388
0.390
0.382
0.378
0.378
0.385
0.380
0.388
0.390
0.390
0.390
0.388
0.375
0.392
0.408
0.380
0.380
0.387
0.378
0.390
0.377
0.392
0.388
0.387
0.383
0.375
0.377
0.385
0.377
0.378
0.398
0.380
0.380
0.377
0.387
0.382
0.387
0.402
0.387
0.382
0.380
0.395
0.387
0.395
0.387
0.395
0.380
0.377
0.390
0.377
0.392
0.393
0.378
0.370
0.375
0.388
0.378
0.400
0.382
0.383
0.380
0.378
0.393
0.385
0.380
0.392
0.383
0.382
0.380
0.387
0.380
0.392
0.398
0.387
0.378
0.400
0.402
0.393
0.388
0.387
0.383
0.392
0.387
0.385
0.378
0.382
0.375
0.400
0.385
0.383
0.382
0.382
0.377
0.380
0.387
0.387
0.383
0.395
0.373
0.388
0.383
0.380
0.385
0.378
0.385
0.380
0.388
0.387
0.375
0.380
0.393
0.383
0.385
0.380
0.382
0.385
0.385
0.383
0.378
0.393
0.387
0.387
0.392
0.390
0.378
0.380
0.382
0.390
0.392
0.390
0.382
0.385
0.395
0.392
0.373
0.380
0.378
0.388
0.392
0.378
0.393
0.378
0.387
0.385
0.385
0.403
0.382
0.378
0.377
0.388
0.378
0.373
0.397
0.385
0.367
0.382
0.385
0.383
0.385
0.393
0.388
0.390
0.380
0.385
0.378
0.385
0.373
0.380
0.377
0.383
0.395
0.393
0.378
0.380
0.382
0.377
