Passo;Reservat rio (Ativa  es);Sa da (Ativa  es)
0;-0.419811,0.0773621,-0.404102,0.128198,0.514793,-0.237524,0.311882,0.32609,-0.194225,-0.396558,0.209308,-0.43095,-0.15277,-0.46794,-0.109902,0.27107,-0.492138,0.524223,-0.233334,-0.509088,-0.332143,0.517451,0.246273,-0.510895,-0.411808,0.242016,-0.130249,-0.138521,0.508434,-0.200398;16214.1,12081.2,29915.4,33260.3
1;-0.411634,0.0106036,-0.034759,0.51952,0.685073,-0.215536,0.299993,0.736014,-0.332112,-0.336882,-0.0712548,-0.686144,-0.00318766,-0.318424,-0.297301,-0.609292,-0.158034,0.258501,-0.456192,-0.0153493,-0.464616,0.613897,-0.346403,-0.261636,-0.0177824,0.229317,-0.063605,0.288457,0.719329,-0.233216;-25927.2,-18177.5,12703.4,81283.6
2;-0.461394,-0.114998,-0.0424176,0.663947,0.637106,-0.215967,0.291496,0.416567,-0.384252,-0.257892,0.350283,-0.762289,-0.0794525,-0.402735,-0.389563,-0.256997,-0.0238793,0.522866,-0.220264,-0.28337,-0.58553,0.296004,-0.0360406,-0.335598,-0.174112,0.445793,-0.128869,0.351505,0.801569,-0.337865;-12809.3,-33241.3,-8732.34,52281.4
3;-0.416172,-0.174258,0.00422963,0.615609,0.615582,-0.213346,0.28827,0.552073,-0.470798,-0.319805,0.386888,-0.737614,-0.00357785,-0.404775,-0.382775,-0.106513,-0.00198554,0.459178,-0.16608,-0.382154,-0.691553,0.18581,-0.364437,-0.365904,-0.108243,0.591257,-0.0956972,0.343867,0.818956,-0.235365;-17703.6,-35775.5,-1174.31,56421.1
4;-0.411475,-0.166844,-0.038168,0.629384,0.629328,-0.215728,0.282902,0.326338,-0.416493,-0.293839,0.448269,-0.732892,-0.0218939,-0.417566,-0.403765,-0.148676,0.123437,0.524757,-0.161863,-0.396978,-0.703831,0.201732,-0.366849,-0.41255,-0.0990885,0.488752,-0.1287,0.2082,0.815509,-0.221093;-14436.3,-43136.9,-1713.66,36155.1
5;-0.422245,-0.180611,-0.0425671,0.636993,0.584921,-0.215975,0.286273,0.327065,-0.43058,-0.336836,0.428498,-0.739147,-0.00303397,-0.409199,-0.388142,-0.17782,-0.00904405,0.478273,-0.149147,-0.49128,-0.722656,0.189959,-0.40657,-0.417634,-0.0766342,0.493626,-0.120756,0.246721,0.81194,-0.211096;-18507.4,-31711.9,3332.01,36280.6
6;-0.570003,0.341568,-0.113583,0.838606,0.256362,-0.418965,0.689399,0.681006,0.0475225,-0.431839,0.0228701,-0.505823,0.514129,-0.259137,-0.583579,0.12748,-0.0438151,0.561372,0.371433,-0.639371,-0.776103,0.628639,-0.609172,-0.0499965,0.267881,0.0393317,0.423756,0.0169068,0.890732,-0.363396;-67083.2,19759.3,11048,94448.4
7;-0.775107,0.218423,0.0245122,0.748848,0.103002,-0.412216,0.705967,0.755188,0.289315,-0.369009,0.361909,-0.21723,0.531497,-0.165412,-0.360013,-0.225172,-0.0295032,0.795146,0.384353,-0.611438,-0.440349,0.599288,-0.755434,-0.417851,0.0819861,-0.286385,0.220733,0.171578,0.878167,-0.319559;-109171,45606.6,895.142,102178
8;-0.654096,0.412651,-0.321997,0.182261,0.436113,-0.518031,0.753121,0.878551,0.216344,-0.749542,0.577836,0.219401,0.175737,0.426174,0.596746,0.651842,-0.735554,-0.0145116,0.670904,-0.538165,0.0516238,0.366109,-0.688261,0.00756211,-0.247047,-0.798327,0.100248,0.503058,0.452004,-0.265701;-89481.8,137405,5106.94,88387.2
9;-0.695212,0.766044,0.0514837,0.868818,0.199955,0.522953,0.897836,0.672442,0.00906798,-0.560478,-0.613909,-0.145192,0.0973761,-0.163448,-0.655562,0.516331,-0.0669007,-0.0300511,0.464945,0.300299,0.0819549,0.893876,-0.505921,-0.443821,-0.272664,-0.620538,-0.516733,0.244488,0.122645,-0.3684;-69479.2,13869.4,-22337.6,62736
10;-0.526371,-0.309748,-0.368079,0.471962,-0.139593,0.214519,0.95418,0.817489,-0.260685,-0.771555,-0.190648,0.52446,0.0311964,-0.643121,-0.243863,0.895486,-0.911011,-0.583654,0.903106,-0.522203,-0.521918,0.862514,-0.392788,-0.338283,0.0703529,-0.533081,-0.321099,0.353006,0.0708591,-0.674144;-19771,126923,-4219,111952
11;-0.617012,-0.0825405,0.013312,0.211333,0.722382,0.664565,0.704143,0.333756,-0.602728,-0.488934,0.193454,0.00860299,-0.572177,-0.570278,-0.517495,0.147268,-0.517809,-0.230997,0.25161,0.635832,-0.00178057,0.663077,0.0998518,-0.814352,-0.0498193,-0.247539,-0.796919,-0.128742,-0.37358,0.00950809;27684.3,11900.5,-17359.7,21284.3
12;-0.384564,-0.218738,-0.429715,0.708832,0.257293,0.210396,0.950331,0.948835,-0.408182,-0.798989,-0.554962,0.0817192,-0.0265876,-0.67322,-0.541394,0.850662,-0.857483,-0.833671,0.80483,-0.238281,-0.755656,0.962099,0.286711,-0.343959,0.36209,-0.690866,-0.0378842,0.134347,-0.0749338,-0.676615;37812.6,100470,-4471.18,134904
13;-0.58411,-0.214615,-0.589941,0.455629,0.318785,0.198098,0.951588,0.96615,-0.275213,-0.746803,-0.592491,0.432707,-0.197325,-0.504717,-0.375373,0.709275,-0.858127,-0.505462,0.926594,0.124442,-0.525739,0.910892,0.120791,-0.663794,0.22883,-0.594061,-0.271294,0.316216,0.0695626,-0.672105;17711.2,137198,1269.56,127454
14;-0.638532,-0.171972,0.0673669,0.505479,0.714572,0.666341,0.703648,0.781733,-0.684159,-0.464636,-0.00378631,-0.383529,-0.556855,-0.530843,-0.583916,0.158547,-0.612401,-0.535481,0.196757,0.60535,-0.0228381,0.703835,0.411753,-0.84075,0.0157063,-0.172991,-0.757123,0.246298,-0.313202,0.00251348;29115.1,6810.62,-25178.8,60661.8
15;-0.454273,-0.320361,0.117964,0.678425,0.737481,0.668008,0.689432,0.72101,-0.79553,-0.494669,-0.0720938,-0.640644,-0.562783,-0.723711,-0.745404,0.583155,-0.448748,-0.685561,0.186367,0.385825,-0.650596,0.64024,0.746217,-0.661044,0.0962944,0.140855,-0.681039,-0.142736,0.180039,-0.158487;86754,-35257.8,-16254.9,64389.9
16;-0.371242,-0.347149,-0.545667,0.672676,0.295875,0.201793,0.949054,0.96991,-0.546158,-0.767364,-0.435751,0.0330524,-0.156059,-0.698765,-0.597105,0.746542,-0.819759,-0.775842,0.914908,-0.209901,-0.867279,0.911071,0.273918,-0.377025,0.360682,-0.266717,-0.042016,0.122539,0.435769,-0.708707;38353.2,98809.7,-1997.89,138542
17;-0.561478,-0.248201,-0.598028,0.484141,0.349549,0.197391,0.9507,0.962832,-0.337114,-0.744824,-0.471714,0.400772,-0.181288,-0.485344,-0.419412,0.559587,-0.832205,-0.559246,0.924676,0.175093,-0.611615,0.922591,-0.148527,-0.690424,0.250042,-0.538006,-0.217682,0.276969,0.10812,-0.647044;10904.7,134129,1958.88,127960
18;-0.6326,-0.199123,0.046209,0.54989,0.720345,0.665646,0.701531,0.673101,-0.684732,-0.465187,0.024486,-0.411815,-0.567436,-0.531538,-0.603458,0.118348,-0.564487,-0.51692,0.232472,0.594062,-0.0889889,0.686758,0.452312,-0.843351,0.0158168,-0.171237,-0.760122,0.214236,-0.280478,-0.0147972;33604.8,6013.31,-26009.4,53675.8
19;-0.593041,0.181361,0.0313566,0.867728,0.429555,0.522091,0.885372,0.903082,-0.545229,-0.589562,-0.459147,-0.395335,-0.0467936,-0.631356,-0.840777,0.769394,-0.516032,-0.638504,0.645244,0.0252777,-0.74385,0.855721,0.584517,-0.37992,0.42178,-0.28083,-0.239713,-0.298785,0.454096,-0.305705;53809.1,17055.5,-10731.6,106124
20;-0.659248,0.119814,0.152717,0.772705,0.561811,0.213117,0.756637,0.972633,-0.438986,-0.575228,0.623112,-0.148267,0.0763636,-0.185516,-0.642019,0.1456,-0.704429,-0.263384,0.624636,0.296525,-0.568555,0.647103,0.386801,-0.671157,-0.182709,-0.657301,-0.317335,-0.261532,0.306641,-0.0425634;25000.9,62573.6,-10426.8,123972
21;-0.640026,0.0892201,0.215542,0.591546,0.541205,-0.201576,0.809153,0.984773,0.145209,-0.914586,0.665575,-0.213866,0.402501,0.308914,-0.608457,0.520611,-0.525917,-0.671466,0.684569,-0.0709074,-0.817486,0.911692,0.172191,-0.677154,-0.701929,-0.936885,-0.594991,-0.134411,-0.496768,-0.474627;35110.2,106425,13543.9,108745
22;-0.658742,0.119027,0.198284,0.621828,0.311624,-0.202594,0.822346,0.981396,0.402373,-0.914165,0.384413,-0.198188,0.299753,0.436757,-0.440049,0.744344,-0.49945,-0.644669,0.624288,-0.358038,-0.641908,0.927012,0.631029,-0.544767,-0.794481,-0.917766,-0.679958,0.496404,-0.547823,-0.370534;24606.7,114171,7481.73,107314
23;-0.472222,-0.149833,-0.397272,0.489026,-0.107313,0.212597,0.956499,0.97805,-0.0394946,-0.74374,-0.526186,0.441692,-0.144563,-0.478981,-0.106604,0.914908,-0.585789,-0.604988,0.874778,-0.281943,-0.141952,0.886759,0.193002,-0.181026,-0.152033,-0.643056,-0.398638,0.631086,0.00883193,-0.594913;-21954.6,114357,-16696.3,126370
24;-0.55829,0.0660127,-0.533737,0.178698,0.086796,0.202743,0.953885,0.947898,-0.264156,-0.744057,-0.609444,0.674555,-0.13337,-0.494353,-0.172274,0.893458,-0.847129,-0.621299,0.888659,-0.113806,-0.188674,0.945112,-0.241246,-0.532429,0.0937268,-0.742309,-0.222502,0.217648,-0.306246,-0.590503;-7910.29,137811,3159.26,117036
25;-0.619782,-0.0423538,0.0432239,0.377253,0.710412,0.665548,0.704024,0.593109,-0.595462,-0.467659,-0.143679,-0.192482,-0.579415,-0.532622,-0.5516,0.287409,-0.627503,-0.445075,0.0349307,0.556139,0.0821126,0.80605,0.492735,-0.815784,-0.0394724,-0.382684,-0.768893,0.0066872,-0.460668,-0.0279937;37176.1,3113.23,-13874.2,46888.3
26;-0.460167,-0.302778,0.100587,0.670842,0.725408,0.667435,0.692561,0.788832,-0.781734,-0.52421,-0.083807,-0.6407,-0.544756,-0.71914,-0.7353,0.487507,-0.613479,-0.707772,0.117412,0.376393,-0.587327,0.709082,0.74064,-0.601738,0.0866022,0.0389718,-0.675674,-0.0644933,0.0329302,-0.21828;81170.4,-23920.3,-18016.4,72219.2
27;-0.373059,-0.342528,-0.541774,0.667204,0.351066,0.202105,0.949146,0.969532,-0.535885,-0.761399,-0.513693,0.0455126,-0.162286,-0.695464,-0.595602,0.763089,-0.804719,-0.759127,0.913287,-0.0841415,-0.852145,0.911986,0.347412,-0.345988,0.339863,-0.240641,-0.0499413,0.160653,0.436511,-0.722439;42475.7,99016.2,-2317.03,139101
28;-0.55959,-0.247618,-0.596932,0.513793,0.340916,0.197488,0.950766,0.97029,-0.338712,-0.74486,-0.46446,0.357064,-0.176634,-0.485698,-0.425333,0.588737,-0.846741,-0.554948,0.923928,0.161572,-0.605106,0.9238,-0.0984456,-0.684964,0.237915,-0.5326,-0.215067,0.334578,0.096376,-0.646194;10996.2,133126,-397.724,128033
29;-0.630527,-0.20323,0.0444412,0.540029,0.723439,0.665588,0.701476,0.683288,-0.689379,-0.463949,-0.00309815,-0.405481,-0.566597,-0.531576,-0.602789,0.164822,-0.557477,-0.511362,0.252592,0.601497,-0.104181,0.671327,0.448102,-0.841626,0.0138082,-0.14383,-0.760986,0.205555,-0.248708,-0.0159006;35475.9,5963.43,-24532.8,53595.1
30;-0.452171,-0.330034,0.110553,0.6802,0.728065,0.667763,0.689247,0.732503,-0.802736,-0.510236,-0.0582788,-0.646462,-0.558025,-0.722492,-0.745142,0.556176,-0.506172,-0.689214,0.214793,0.351013,-0.677987,0.621997,0.724324,-0.674566,0.0964156,0.171976,-0.678731,-0.126949,0.195397,-0.135158;85674.6,-29562.1,-13859.4,65227.9
31;-0.369708,-0.346322,-0.547051,0.669638,0.31927,0.201682,0.949005,0.968156,-0.544518,-0.766363,-0.436367,0.0414128,-0.157084,-0.698362,-0.596247,0.730711,-0.813963,-0.775762,0.915378,-0.155563,-0.865926,0.910427,0.255105,-0.388062,0.364492,-0.291483,-0.0441086,0.0943184,0.439737,-0.70286;38996,98747.4,-1581.13,138247
32;-0.5624,-0.247678,-0.598951,0.501645,0.346967,0.19731,0.95071,0.963171,-0.336625,-0.744989,-0.467516,0.382012,-0.181266,-0.485034,-0.422712,0.544174,-0.832734,-0.564192,0.924562,0.170499,-0.609534,0.922997,-0.123685,-0.691456,0.253645,-0.544892,-0.217252,0.292888,0.101228,-0.64659;10682.5,134138,801.222,128436
33;-0.633217,-0.201372,0.0470715,0.546084,0.720363,0.665674,0.701548,0.679279,-0.688399,-0.46513,0.0105775,-0.409649,-0.5684,-0.531311,-0.603015,0.134909,-0.562511,-0.517438,0.24282,0.593621,-0.0963947,0.678112,0.455916,-0.843817,0.0161279,-0.15967,-0.760126,0.212168,-0.267118,-0.014967;34523.8,6266.91,-25378.7,53962.3
34;-0.452835,-0.330366,0.113045,0.678192,0.728855,0.667846,0.689281,0.733512,-0.803996,-0.510864,-0.0689564,-0.64444,-0.559227,-0.722659,-0.745041,0.564452,-0.502038,-0.690844,0.216576,0.352382,-0.67862,0.618909,0.728941,-0.672734,0.0972861,0.173026,-0.678302,-0.129466,0.198646,-0.139254;86174.6,-29783.7,-13684.6,65324.6
35;-0.369653,-0.346245,-0.546614,0.669695,0.318177,0.201717,0.948997,0.968497,-0.544498,-0.766274,-0.432372,0.0408264,-0.157542,-0.698678,-0.596572,0.729735,-0.815958,-0.775607,0.915072,-0.158788,-0.866072,0.910825,0.255454,-0.38909,0.363998,-0.289956,-0.0435799,0.0967895,0.438588,-0.702543;38886.9,98772.6,-1709.14,138299
36;-0.562314,-0.247886,-0.598985,0.500884,0.34767,0.197307,0.95071,0.963101,-0.336904,-0.744957,-0.467892,0.382875,-0.181222,-0.485124,-0.422546,0.545402,-0.831883,-0.564831,0.924574,0.172117,-0.609398,0.923005,-0.124724,-0.691265,0.254128,-0.544761,-0.21706,0.291854,0.101835,-0.646759;10735.9,134078,819.376,128406
37;-0.63325,-0.201265,0.0469912,0.546613,0.720246,0.665671,0.701538,0.679298,-0.688225,-0.465142,0.0113112,-0.41021,-0.568524,-0.531301,-0.603173,0.134166,-0.562709,-0.517256,0.242407,0.593173,-0.0964107,0.678487,0.456701,-0.843883,0.0160899,-0.160064,-0.760134,0.212662,-0.267678,-0.0150226;34515,6253.93,-25428,53988
38;-0.452857,-0.330463,0.113076,0.678083,0.728863,0.667847,0.689287,0.733651,-0.804099,-0.510861,-0.0695944,-0.644371,-0.559191,-0.72265,-0.745015,0.564857,-0.501682,-0.690956,0.216888,0.35246,-0.678656,0.618626,0.728915,-0.672622,0.0973084,0.17343,-0.678273,-0.129409,0.199056,-0.139416;86182.1,-29784.8,-13674.3,65330.2
39;-0.369639,-0.346229,-0.5466,0.669701,0.318081,0.201718,0.948996,0.968499,-0.544451,-0.766262,-0.432139,0.0408234,-0.157573,-0.698683,-0.596582,0.729744,-0.816057,-0.775555,0.915057,-0.159044,-0.866091,0.910842,0.255369,-0.389219,0.36396,-0.289873,-0.0435958,0.0968308,0.43855,-0.702483;38877.5,98771.8,-1709.2,138297
40;-0.562315,-0.247893,-0.598993,0.500828,0.34769,0.197306,0.950711,0.963089,-0.336924,-0.744957,-0.467899,0.382949,-0.181208,-0.485127,-0.422516,0.545411,-0.831837,-0.564908,0.924576,0.1722,-0.609365,0.923005,-0.124865,-0.691252,0.254174,-0.544789,-0.217047,0.291773,0.101834,-0.64676;10733.8,134078,820.622,128404
41;-0.633254,-0.201246,0.046992,0.546639,0.72024,0.665671,0.701537,0.67926,-0.688209,-0.465144,0.0113311,-0.410226,-0.568539,-0.531299,-0.60318,0.134123,-0.562718,-0.517236,0.242371,0.593145,-0.0964055,0.678513,0.456775,-0.843889,0.0160866,-0.160111,-0.760137,0.212666,-0.267727,-0.0150257;34516.1,6252.94,-25429.5,53986.9
42;-0.452859,-0.330468,0.113079,0.678075,0.728862,0.667847,0.689288,0.733675,-0.804106,-0.510867,-0.0696283,-0.644368,-0.559187,-0.72265,-0.745013,0.564873,-0.501694,-0.690968,0.216901,0.35246,-0.678657,0.618614,0.728914,-0.672612,0.09731,0.173441,-0.678269,-0.1294,0.199067,-0.13943;86182.4,-29783,-13673.5,65332
43;-0.369638,-0.346227,-0.546598,0.6697,0.318088,0.201718,0.948996,0.968499,-0.544447,-0.76626,-0.43213,0.0408249,-0.157576,-0.698683,-0.596583,0.72974,-0.816058,-0.775551,0.915056,-0.15903,-0.86609,0.910843,0.255373,-0.389224,0.363957,-0.289869,-0.0435976,0.0968338,0.438549,-0.702481;38877.6,98771.6,-1709.53,138297
44;-0.562315,-0.247893,-0.598993,0.500833,0.347689,0.197306,0.950711,0.96309,-0.336925,-0.744957,-0.467898,0.382943,-0.181207,-0.485127,-0.422516,0.545414,-0.831835,-0.564913,0.924576,0.172201,-0.609363,0.923005,-0.124861,-0.691251,0.254176,-0.54479,-0.217045,0.291779,0.101833,-0.64676;10733.8,134078,820.143,128404
45;-0.633254,-0.201246,0.0469921,0.546638,0.72024,0.665671,0.701537,0.67926,-0.688209,-0.465144,0.0113266,-0.410225,-0.56854,-0.531299,-0.60318,0.13413,-0.562717,-0.517234,0.242373,0.593144,-0.0964093,0.67851,0.456779,-0.843889,0.0160864,-0.160107,-0.760137,0.212664,-0.267723,-0.0150262;34516.6,6252.91,-25429.2,53986.9
46;-0.452859,-0.330468,0.113079,0.678075,0.728862,0.667847,0.689288,0.733676,-0.804106,-0.510867,-0.0696254,-0.644368,-0.559187,-0.72265,-0.745013,0.564871,-0.501696,-0.690968,0.2169,0.35246,-0.678657,0.618615,0.728913,-0.672613,0.0973101,0.173441,-0.678269,-0.1294,0.199066,-0.139429;86182.3,-29782.9,-13673.6,65332.1
47;-0.369638,-0.346227,-0.546598,0.6697,0.318088,0.201718,0.948996,0.968499,-0.544447,-0.76626,-0.43213,0.0408249,-0.157577,-0.698683,-0.596583,0.72974,-0.816057,-0.77555,0.915056,-0.159029,-0.86609,0.910843,0.255373,-0.389224,0.363957,-0.28987,-0.0435977,0.0968329,0.438549,-0.702481;38877.7,98771.6,-1709.57,138297
48;-0.562315,-0.247893,-0.598993,0.500833,0.347689,0.197306,0.950711,0.96309,-0.336926,-0.744957,-0.467898,0.382942,-0.181207,-0.485127,-0.422516,0.545414,-0.831835,-0.564913,0.924576,0.1722,-0.609363,0.923005,-0.12486,-0.691251,0.254176,-0.54479,-0.217045,0.29178,0.101833,-0.64676;10733.8,134078,820.121,128404
49;-0.633254,-0.201246,0.0469921,0.546637,0.72024,0.665671,0.701537,0.67926,-0.688209,-0.465144,0.0113262,-0.410225,-0.56854,-0.531299,-0.60318,0.134131,-0.562717,-0.517234,0.242374,0.593144,-0.0964096,0.67851,0.456778,-0.843889,0.0160864,-0.160107,-0.760137,0.212664,-0.267722,-0.0150262;34516.6,6252.91,-25429.2,53986.9
50;-0.452859,-0.330468,0.113079,0.678075,0.728862,0.667847,0.689288,0.733676,-0.804106,-0.510867,-0.0696249,-0.644368,-0.559187,-0.72265,-0.745013,0.56487,-0.501696,-0.690968,0.2169,0.35246,-0.678657,0.618615,0.728912,-0.672613,0.0973101,0.173441,-0.678269,-0.1294,0.199066,-0.139428;86182.3,-29782.9,-13673.6,65332.1
51;-0.369638,-0.346227,-0.546598,0.6697,0.318088,0.201718,0.948996,0.968499,-0.544447,-0.76626,-0.43213,0.0408249,-0.157577,-0.698683,-0.596583,0.72974,-0.816057,-0.775551,0.915056,-0.159029,-0.86609,0.910843,0.255373,-0.389224,0.363957,-0.28987,-0.0435977,0.0968329,0.438549,-0.702481;38877.7,98771.6,-1709.57,138297
52;-0.562315,-0.247893,-0.598993,0.500833,0.347689,0.197306,0.950711,0.96309,-0.336926,-0.744957,-0.467898,0.382942,-0.181207,-0.485127,-0.422516,0.545414,-0.831835,-0.564913,0.924576,0.1722,-0.609363,0.923005,-0.12486,-0.691251,0.254176,-0.54479,-0.217045,0.29178,0.101833,-0.64676;10733.8,134078,820.122,128404
53;-0.633254,-0.201246,0.0469921,0.546637,0.72024,0.665671,0.701537,0.67926,-0.688209,-0.465144,0.0113262,-0.410225,-0.56854,-0.531299,-0.60318,0.134131,-0.562717,-0.517234,0.242374,0.593144,-0.0964096,0.67851,0.456778,-0.843889,0.0160864,-0.160107,-0.760137,0.212664,-0.267722,-0.0150262;34516.6,6252.91,-25429.2,53986.9
54;-0.452859,-0.330468,0.113079,0.678075,0.728862,0.667847,0.689288,0.733676,-0.804106,-0.510867,-0.0696249,-0.644368,-0.559187,-0.72265,-0.745013,0.56487,-0.501696,-0.690968,0.2169,0.35246,-0.678657,0.618615,0.728912,-0.672613,0.0973101,0.173441,-0.678269,-0.1294,0.199066,-0.139428;86182.3,-29782.9,-13673.6,65332.1
55;-0.369638,-0.346227,-0.546598,0.6697,0.318088,0.201718,0.948996,0.968499,-0.544447,-0.76626,-0.43213,0.0408249,-0.157577,-0.698683,-0.596583,0.72974,-0.816057,-0.775551,0.915056,-0.159029,-0.86609,0.910843,0.255373,-0.389224,0.363957,-0.28987,-0.0435977,0.0968329,0.438549,-0.702481;38877.7,98771.6,-1709.57,138297
56;-0.562315,-0.247893,-0.598993,0.500833,0.347689,0.197306,0.950711,0.96309,-0.336926,-0.744957,-0.467898,0.382942,-0.181207,-0.485127,-0.422516,0.545414,-0.831835,-0.564913,0.924576,0.1722,-0.609363,0.923005,-0.12486,-0.691251,0.254176,-0.54479,-0.217045,0.29178,0.101833,-0.64676;10733.8,134078,820.122,128404
57;-0.633254,-0.201246,0.0469921,0.546637,0.72024,0.665671,0.701537,0.67926,-0.688209,-0.465144,0.0113262,-0.410225,-0.56854,-0.531299,-0.60318,0.134131,-0.562717,-0.517234,0.242374,0.593144,-0.0964096,0.67851,0.456778,-0.843889,0.0160864,-0.160107,-0.760137,0.212664,-0.267722,-0.0150262;34516.6,6252.91,-25429.2,53986.9
58;-0.452859,-0.330468,0.113079,0.678075,0.728862,0.667847,0.689288,0.733676,-0.804106,-0.510867,-0.0696249,-0.644368,-0.559187,-0.72265,-0.745013,0.56487,-0.501696,-0.690968,0.2169,0.35246,-0.678657,0.618615,0.728912,-0.672613,0.0973101,0.173441,-0.678269,-0.1294,0.199066,-0.139428;86182.3,-29782.9,-13673.6,65332.1
59;-0.369638,-0.346227,-0.546598,0.6697,0.318088,0.201718,0.948996,0.968499,-0.544447,-0.76626,-0.43213,0.0408249,-0.157577,-0.698683,-0.596583,0.72974,-0.816057,-0.775551,0.915056,-0.159029,-0.86609,0.910843,0.255373,-0.389224,0.363957,-0.28987,-0.0435977,0.0968329,0.438549,-0.702481;38877.7,98771.6,-1709.57,138297
60;-0.562315,-0.247893,-0.598993,0.500833,0.347689,0.197306,0.950711,0.96309,-0.336926,-0.744957,-0.467898,0.382942,-0.181207,-0.485127,-0.422516,0.545414,-0.831835,-0.564913,0.924576,0.1722,-0.609363,0.923005,-0.12486,-0.691251,0.254176,-0.54479,-0.217045,0.29178,0.101833,-0.64676;10733.8,134078,820.122,128404
61;-0.633254,-0.201246,0.0469921,0.546637,0.72024,0.665671,0.701537,0.67926,-0.688209,-0.465144,0.0113262,-0.410225,-0.56854,-0.531299,-0.60318,0.134131,-0.562717,-0.517234,0.242374,0.593144,-0.0964096,0.67851,0.456778,-0.843889,0.0160864,-0.160107,-0.760137,0.212664,-0.267722,-0.0150262;34516.6,6252.91,-25429.2,53986.9
62;-0.452859,-0.330468,0.113079,0.678075,0.728862,0.667847,0.689288,0.733676,-0.804106,-0.510867,-0.0696249,-0.644368,-0.559187,-0.72265,-0.745013,0.56487,-0.501696,-0.690968,0.2169,0.35246,-0.678657,0.618615,0.728912,-0.672613,0.0973101,0.173441,-0.678269,-0.1294,0.199066,-0.139428;86182.3,-29782.9,-13673.6,65332.1
63;-0.369638,-0.346227,-0.546598,0.6697,0.318088,0.201718,0.948996,0.968499,-0.544447,-0.76626,-0.43213,0.0408249,-0.157577,-0.698683,-0.596583,0.72974,-0.816057,-0.775551,0.915056,-0.159029,-0.86609,0.910843,0.255373,-0.389224,0.363957,-0.28987,-0.0435977,0.0968329,0.438549,-0.702481;38877.7,98771.6,-1709.57,138297
64;-0.562315,-0.247893,-0.598993,0.500833,0.347689,0.197306,0.950711,0.96309,-0.336926,-0.744957,-0.467898,0.382942,-0.181207,-0.485127,-0.422516,0.545414,-0.831835,-0.564913,0.924576,0.1722,-0.609363,0.923005,-0.12486,-0.691251,0.254176,-0.54479,-0.217045,0.29178,0.101833,-0.64676;10733.8,134078,820.122,128404
65;-0.633254,-0.201246,0.0469921,0.546637,0.72024,0.665671,0.701537,0.67926,-0.688209,-0.465144,0.0113262,-0.410225,-0.56854,-0.531299,-0.60318,0.134131,-0.562717,-0.517234,0.242374,0.593144,-0.0964096,0.67851,0.456778,-0.843889,0.0160864,-0.160107,-0.760137,0.212664,-0.267722,-0.0150262;34516.6,6252.91,-25429.2,53986.9
66;-0.452859,-0.330468,0.113079,0.678075,0.728862,0.667847,0.689288,0.733676,-0.804106,-0.510867,-0.0696249,-0.644368,-0.559187,-0.72265,-0.745013,0.56487,-0.501696,-0.690968,0.2169,0.35246,-0.678657,0.618615,0.728912,-0.672613,0.0973101,0.173441,-0.678269,-0.1294,0.199066,-0.139428;86182.3,-29782.9,-13673.6,65332.1
67;-0.369638,-0.346227,-0.546598,0.6697,0.318088,0.201718,0.948996,0.968499,-0.544447,-0.76626,-0.43213,0.0408249,-0.157577,-0.698683,-0.596583,0.72974,-0.816057,-0.775551,0.915056,-0.159029,-0.86609,0.910843,0.255373,-0.389224,0.363957,-0.28987,-0.0435977,0.0968329,0.438549,-0.702481;38877.7,98771.6,-1709.57,138297
68;-0.562315,-0.247893,-0.598993,0.500833,0.347689,0.197306,0.950711,0.96309,-0.336926,-0.744957,-0.467898,0.382942,-0.181207,-0.485127,-0.422516,0.545414,-0.831835,-0.564913,0.924576,0.1722,-0.609363,0.923005,-0.12486,-0.691251,0.254176,-0.54479,-0.217045,0.29178,0.101833,-0.64676;10733.8,134078,820.122,128404
69;-0.633254,-0.201246,0.0469921,0.546637,0.72024,0.665671,0.701537,0.67926,-0.688209,-0.465144,0.0113262,-0.410225,-0.56854,-0.531299,-0.60318,0.134131,-0.562717,-0.517234,0.242374,0.593144,-0.0964096,0.67851,0.456778,-0.843889,0.0160864,-0.160107,-0.760137,0.212664,-0.267722,-0.0150262;34516.6,6252.91,-25429.2,53986.9
70;-0.452859,-0.330468,0.113079,0.678075,0.728862,0.667847,0.689288,0.733676,-0.804106,-0.510867,-0.0696249,-0.644368,-0.559187,-0.72265,-0.745013,0.56487,-0.501696,-0.690968,0.2169,0.35246,-0.678657,0.618615,0.728912,-0.672613,0.0973101,0.173441,-0.678269,-0.1294,0.199066,-0.139428;86182.3,-29782.9,-13673.6,65332.1
71;-0.369638,-0.346227,-0.546598,0.6697,0.318088,0.201718,0.948996,0.968499,-0.544447,-0.76626,-0.43213,0.0408249,-0.157577,-0.698683,-0.596583,0.72974,-0.816057,-0.775551,0.915056,-0.159029,-0.86609,0.910843,0.255373,-0.389224,0.363957,-0.28987,-0.0435977,0.0968329,0.438549,-0.702481;38877.7,98771.6,-1709.57,138297
72;-0.562315,-0.247893,-0.598993,0.500833,0.347689,0.197306,0.950711,0.96309,-0.336926,-0.744957,-0.467898,0.382942,-0.181207,-0.485127,-0.422516,0.545414,-0.831835,-0.564913,0.924576,0.1722,-0.609363,0.923005,-0.12486,-0.691251,0.254176,-0.54479,-0.217045,0.29178,0.101833,-0.64676;10733.8,134078,820.122,128404
73;-0.633254,-0.201246,0.0469921,0.546637,0.72024,0.665671,0.701537,0.67926,-0.688209,-0.465144,0.0113262,-0.410225,-0.56854,-0.531299,-0.60318,0.134131,-0.562717,-0.517234,0.242374,0.593144,-0.0964096,0.67851,0.456778,-0.843889,0.0160864,-0.160107,-0.760137,0.212664,-0.267722,-0.0150262;34516.6,6252.91,-25429.2,53986.9
74;-0.452859,-0.330468,0.113079,0.678075,0.728862,0.667847,0.689288,0.733676,-0.804106,-0.510867,-0.0696249,-0.644368,-0.559187,-0.72265,-0.745013,0.56487,-0.501696,-0.690968,0.2169,0.35246,-0.678657,0.618615,0.728912,-0.672613,0.0973101,0.173441,-0.678269,-0.1294,0.199066,-0.139428;86182.3,-29782.9,-13673.6,65332.1
75;-0.369638,-0.346227,-0.546598,0.6697,0.318088,0.201718,0.948996,0.968499,-0.544447,-0.76626,-0.43213,0.0408249,-0.157577,-0.698683,-0.596583,0.72974,-0.816057,-0.775551,0.915056,-0.159029,-0.86609,0.910843,0.255373,-0.389224,0.363957,-0.28987,-0.0435977,0.0968329,0.438549,-0.702481;38877.7,98771.6,-1709.57,138297
76;-0.562315,-0.247893,-0.598993,0.500833,0.347689,0.197306,0.950711,0.96309,-0.336926,-0.744957,-0.467898,0.382942,-0.181207,-0.485127,-0.422516,0.545414,-0.831835,-0.564913,0.924576,0.1722,-0.609363,0.923005,-0.12486,-0.691251,0.254176,-0.54479,-0.217045,0.29178,0.101833,-0.64676;10733.8,134078,820.122,128404
77;-0.633254,-0.201246,0.0469921,0.546637,0.72024,0.665671,0.701537,0.67926,-0.688209,-0.465144,0.0113262,-0.410225,-0.56854,-0.531299,-0.60318,0.134131,-0.562717,-0.517234,0.242374,0.593144,-0.0964096,0.67851,0.456778,-0.843889,0.0160864,-0.160107,-0.760137,0.212664,-0.267722,-0.0150262;34516.6,6252.91,-25429.2,53986.9
78;-0.452859,-0.330468,0.113079,0.678075,0.728862,0.667847,0.689288,0.733676,-0.804106,-0.510867,-0.0696249,-0.644368,-0.559187,-0.72265,-0.745013,0.56487,-0.501696,-0.690968,0.2169,0.35246,-0.678657,0.618615,0.728912,-0.672613,0.0973101,0.173441,-0.678269,-0.1294,0.199066,-0.139428;86182.3,-29782.9,-13673.6,65332.1
79;-0.369638,-0.346227,-0.546598,0.6697,0.318088,0.201718,0.948996,0.968499,-0.544447,-0.76626,-0.43213,0.0408249,-0.157577,-0.698683,-0.596583,0.72974,-0.816057,-0.775551,0.915056,-0.159029,-0.86609,0.910843,0.255373,-0.389224,0.363957,-0.28987,-0.0435977,0.0968329,0.438549,-0.702481;38877.7,98771.6,-1709.57,138297
80;-0.562315,-0.247893,-0.598993,0.500833,0.347689,0.197306,0.950711,0.96309,-0.336926,-0.744957,-0.467898,0.382942,-0.181207,-0.485127,-0.422516,0.545414,-0.831835,-0.564913,0.924576,0.1722,-0.609363,0.923005,-0.12486,-0.691251,0.254176,-0.54479,-0.217045,0.29178,0.101833,-0.64676;10733.8,134078,820.122,128404
81;-0.633254,-0.201246,0.0469921,0.546637,0.72024,0.665671,0.701537,0.67926,-0.688209,-0.465144,0.0113262,-0.410225,-0.56854,-0.531299,-0.60318,0.134131,-0.562717,-0.517234,0.242374,0.593144,-0.0964096,0.67851,0.456778,-0.843889,0.0160864,-0.160107,-0.760137,0.212664,-0.267722,-0.0150262;34516.6,6252.91,-25429.2,53986.9
82;-0.592552,0.181745,0.0319698,0.867564,0.429997,0.522117,0.885321,0.903898,-0.544817,-0.588711,-0.452516,-0.395128,-0.0468837,-0.631628,-0.840936,0.766513,-0.518657,-0.638408,0.64366,0.025799,-0.744154,0.856615,0.580273,-0.383857,0.421895,-0.281595,-0.239254,-0.30096,0.453106,-0.302049;53647.2,16993.3,-10687.9,106147
83;-0.659308,0.119713,0.152269,0.773079,0.562436,0.213091,0.756649,0.972444,-0.43898,-0.575112,0.623236,-0.148774,0.0763912,-0.185671,-0.64205,0.143612,-0.70201,-0.26549,0.624811,0.298604,-0.567816,0.64711,0.38745,-0.670792,-0.181205,-0.658776,-0.317299,-0.263159,0.306627,-0.0433901;25020.1,62500,-10551.3,123997
84;-0.313679,-0.206674,-0.254498,0.612542,0.481324,-0.143669,0.890644,0.988219,-0.298594,-0.75636,0.494097,0.242162,0.121199,-0.162926,-0.162386,0.57701,-0.607,-0.649827,0.825706,0.240612,-0.52216,0.798027,0.123747,-0.466105,-0.327154,-0.869275,-0.1766,0.146406,-0.173305,-0.5044;12463.2,114372,-13418.2,143491
85;-0.364037,0.120637,-0.52586,0.60952,0.409898,-0.162305,0.892587,0.988435,-0.212334,-0.754928,-0.160278,0.240806,0.0112458,0.0765954,-0.0775498,0.826433,-0.648842,-0.596467,0.873448,0.0747749,-0.307868,0.869625,0.53459,-0.484294,-0.420555,-0.886789,-0.195656,0.447534,-0.414948,-0.467829;15972.9,140595,558.803,139345
86;-0.648176,0.50326,-0.217029,0.806188,0.311888,0.511221,0.892075,0.962451,-0.259562,-0.544326,-0.727505,-0.186742,-0.0695961,-0.272384,-0.730236,0.769932,-0.419579,-0.247728,0.771855,0.0809437,-0.218668,0.829226,0.462155,-0.45301,0.0358732,-0.575743,-0.46165,0.0583337,0.0686605,-0.210104;10135.5,51626.9,-10655.4,98426.5
87;-0.533994,-0.34843,-0.405586,0.453897,0.0990242,0.21204,0.952527,0.966817,-0.335151,-0.745526,-0.429858,0.438044,-0.031396,-0.610022,-0.33712,0.82139,-0.881899,-0.611215,0.90241,-0.253628,-0.579486,0.887633,-0.25137,-0.560664,0.117307,-0.595542,-0.253653,0.169082,0.127131,-0.61147;2872.36,125222,9141.89,124785
88;-0.612793,-0.144696,0.0204598,0.386857,0.729548,0.6648,0.701598,0.534399,-0.623203,-0.464526,0.192409,-0.207875,-0.577485,-0.56526,-0.571288,-0.0054967,-0.544174,-0.35762,0.234414,0.625236,-0.0616572,0.678666,0.268856,-0.821434,0.0193809,-0.225382,-0.786633,-0.0190426,-0.303082,-0.0127884;28776.5,9497.88,-24252.2,42688.6
89;-0.465918,-0.311521,0.0940938,0.695114,0.713992,0.667221,0.691585,0.701361,-0.782735,-0.533159,-0.0113869,-0.652052,-0.526823,-0.719008,-0.734791,0.442837,-0.498997,-0.702703,0.129326,0.331854,-0.624127,0.703342,0.685591,-0.671472,0.102201,0.0399358,-0.676135,-0.0776466,0.0436221,-0.134667;79136.9,-28832.3,-18199.9,64202.9
90;-0.375886,-0.341316,-0.537952,0.665491,0.310137,0.20241,0.949139,0.965728,-0.534589,-0.769068,-0.516448,0.0574781,-0.160866,-0.695346,-0.593772,0.777279,-0.812004,-0.767266,0.915188,-0.187172,-0.865072,0.906569,0.322151,-0.357038,0.362961,-0.304592,-0.0578185,0.0960291,0.443418,-0.719825;42180.4,99414.7,264.584,138592
91;-0.56382,-0.246091,-0.595222,0.489051,0.343105,0.197638,0.950775,0.967331,-0.337306,-0.745218,-0.453788,0.39046,-0.178901,-0.486805,-0.418067,0.543203,-0.848045,-0.558354,0.923423,0.169332,-0.601013,0.923909,-0.145583,-0.691042,0.241928,-0.543656,-0.215664,0.302358,0.0853188,-0.644102;9428.36,135029,634.859,128327
92;-0.631338,-0.19851,0.0484007,0.545618,0.723448,0.665718,0.701524,0.669481,-0.684958,-0.46444,0.00735846,-0.406414,-0.567262,-0.531791,-0.602747,0.143683,-0.554399,-0.515549,0.233783,0.601071,-0.0894976,0.683962,0.457211,-0.8421,0.01683,-0.167353,-0.760566,0.206975,-0.272579,-0.0159046;34657.6,5104.14,-25420.7,53037.1
93;-0.453625,-0.330371,0.111305,0.679574,0.726726,0.667788,0.689403,0.736043,-0.803674,-0.512394,-0.0688325,-0.646361,-0.558853,-0.722692,-0.74504,0.566461,-0.50909,-0.69059,0.217731,0.344911,-0.678634,0.61897,0.731273,-0.670666,0.0967353,0.172211,-0.678573,-0.123871,0.196207,-0.142758;86071.9,-29252.8,-13814.9,65519.9
94;-0.369644,-0.346244,-0.546095,0.668493,0.320635,0.201759,0.948999,0.968482,-0.544716,-0.766053,-0.435603,0.0429938,-0.15747,-0.698466,-0.596159,0.730367,-0.815288,-0.775105,0.915119,-0.152769,-0.865731,0.910614,0.253284,-0.389317,0.363386,-0.287132,-0.0437442,0.0975018,0.439724,-0.702223;38898.8,98792.7,-1570.37,138267
95;-0.562173,-0.247626,-0.59899,0.502716,0.347501,0.197307,0.950709,0.963174,-0.33644,-0.744959,-0.466215,0.380914,-0.181083,-0.485217,-0.423016,0.545733,-0.832511,-0.564808,0.924458,0.171697,-0.608999,0.923165,-0.122714,-0.691128,0.254121,-0.545849,-0.21709,0.293444,0.10013,-0.646726;10725,134021,661.736,128402
96;-0.633315,-0.201588,0.0468594,0.546329,0.720287,0.665667,0.701554,0.679715,-0.688561,-0.46513,0.00949975,-0.410105,-0.56852,-0.53129,-0.603043,0.136099,-0.56195,-0.517252,0.243668,0.593365,-0.09676,0.677551,0.457191,-0.843867,0.0160698,-0.158829,-0.76016,0.212815,-0.266281,-0.0150604;34588.9,6269.68,-25379.3,53987.7
97;-0.452795,-0.330374,0.113135,0.678069,0.728776,0.667849,0.689276,0.733903,-0.804058,-0.510795,-0.0689578,-0.644386,-0.55919,-0.722641,-0.745033,0.56472,-0.502296,-0.690878,0.216657,0.352048,-0.678785,0.618795,0.728628,-0.67293,0.0973019,0.173392,-0.678274,-0.129582,0.198971,-0.138906;86171.9,-29778.7,-13652.8,65344.6
98;-0.369641,-0.346236,-0.54664,0.669678,0.318291,0.201715,0.948997,0.968478,-0.544447,-0.76624,-0.432132,0.0408917,-0.157551,-0.698692,-0.596573,0.729569,-0.815859,-0.775624,0.915064,-0.158498,-0.86604,0.910841,0.255194,-0.389127,0.364053,-0.290211,-0.0435961,0.0964518,0.438558,-0.702532;38884.6,98765,-1714.51,138296
99;-0.562332,-0.247888,-0.598991,0.500985,0.347619,0.197306,0.950711,0.963092,-0.336903,-0.744959,-0.467892,0.382782,-0.181227,-0.485118,-0.422549,0.545267,-0.831841,-0.564864,0.924573,0.172022,-0.609371,0.923008,-0.124558,-0.691276,0.254146,-0.54478,-0.217056,0.29197,0.101783,-0.646759;10731.7,134079,812.62,128411
100;-0.633253,-0.201268,0.0470077,0.546567,0.720238,0.665672,0.701538,0.679333,-0.688248,-0.465143,0.0112203,-0.410167,-0.568531,-0.531299,-0.603166,0.13431,-0.562714,-0.517263,0.242456,0.593142,-0.0964595,0.678438,0.4567,-0.843885,0.0160926,-0.160005,-0.760133,0.212621,-0.267611,-0.0150238;34521.7,6255.07,-25422.1,53989
101;-0.452853,-0.330458,0.113078,0.678079,0.728867,0.667847,0.689287,0.733657,-0.804094,-0.510855,-0.0695226,-0.644366,-0.559192,-0.722653,-0.745017,0.564808,-0.501705,-0.690955,0.216856,0.352474,-0.67865,0.618654,0.728896,-0.672635,0.0973086,0.173402,-0.678271,-0.12943,0.199024,-0.139397;86181.1,-29785.4,-13675.3,65331.3
102;-0.36964,-0.34623,-0.546602,0.669704,0.318087,0.201718,0.948996,0.968499,-0.54445,-0.766262,-0.432148,0.0408182,-0.157573,-0.698683,-0.596583,0.729739,-0.81604,-0.775559,0.915058,-0.159028,-0.866088,0.910842,0.255389,-0.389206,0.363965,-0.289887,-0.0435952,0.0968255,0.438548,-0.70249;38878.5,98771.2,-1710.07,138297
103;-0.562316,-0.247893,-0.598992,0.500831,0.347684,0.197306,0.950711,0.963091,-0.336925,-0.744957,-0.467904,0.382943,-0.181209,-0.485127,-0.422517,0.545415,-0.831839,-0.564904,0.924576,0.172185,-0.609368,0.923005,-0.124853,-0.691253,0.25417,-0.544782,-0.217047,0.291783,0.101838,-0.646761;10734,134078,820.737,128404
104;-0.633253,-0.201246,0.0469928,0.546634,0.720241,0.665671,0.701537,0.679261,-0.688209,-0.465144,0.0113311,-0.410221,-0.568539,-0.531299,-0.603179,0.134128,-0.562719,-0.517236,0.242372,0.593147,-0.0964077,0.678512,0.456765,-0.843888,0.0160869,-0.160107,-0.760137,0.212661,-0.267723,-0.0150256;34516.1,6252.97,-25429.1,53986.9
105;-0.452859,-0.330467,0.113079,0.678076,0.728862,0.667847,0.689288,0.733672,-0.804105,-0.510866,-0.0696228,-0.644368,-0.559187,-0.72265,-0.745013,0.564868,-0.501693,-0.690967,0.216899,0.352462,-0.678656,0.618617,0.728914,-0.672613,0.0973099,0.173438,-0.678269,-0.1294,0.199063,-0.139429;86182.3,-29783.1,-13673.8,65331.9
106;-0.369638,-0.346227,-0.546598,0.6697,0.318087,0.201718,0.948996,0.968499,-0.544447,-0.76626,-0.432132,0.0408245,-0.157576,-0.698683,-0.596583,0.729741,-0.816057,-0.775551,0.915056,-0.159032,-0.86609,0.910843,0.255374,-0.389223,0.363957,-0.289869,-0.0435975,0.0968345,0.438549,-0.702481;38877.7,98771.6,-1709.51,138297
107;-0.562315,-0.247893,-0.598993,0.500832,0.347689,0.197306,0.950711,0.96309,-0.336925,-0.744957,-0.467898,0.382943,-0.181207,-0.485127,-0.422516,0.545414,-0.831836,-0.564913,0.924576,0.172201,-0.609363,0.923005,-0.124861,-0.691251,0.254176,-0.54479,-0.217046,0.291779,0.101833,-0.64676;10733.8,134078,820.201,128404
108;-0.633254,-0.201246,0.046992,0.546638,0.72024,0.665671,0.701537,0.67926,-0.688209,-0.465144,0.0113271,-0.410225,-0.56854,-0.531299,-0.60318,0.134129,-0.562717,-0.517234,0.242373,0.593144,-0.096409,0.678511,0.456778,-0.843889,0.0160864,-0.160107,-0.760137,0.212664,-0.267723,-0.0150261;34516.5,6252.91,-25429.2,53986.9
109;-0.592552,0.181745,0.0319698,0.867564,0.429997,0.522117,0.885321,0.903898,-0.544817,-0.588711,-0.452516,-0.395128,-0.0468837,-0.631628,-0.840936,0.766513,-0.518657,-0.638408,0.643661,0.0257989,-0.744154,0.856615,0.580274,-0.383856,0.421895,-0.281595,-0.239254,-0.30096,0.453107,-0.30205;53647.2,16993.3,-10687.9,106147
110;-0.717879,0.0370533,-0.00619624,0.787141,0.371536,0.52048,0.887397,0.934932,-0.38441,-0.556789,0.168506,-0.15543,-0.0815909,-0.607193,-0.793022,0.0900597,-0.601238,-0.117139,0.766681,0.107117,-0.660283,0.746297,0.0930988,-0.649214,0.308492,-0.248569,-0.441262,-0.262096,0.549636,-0.293058;5712.5,48800,-20348.4,110488
111;-0.478856,-0.301972,-0.202443,0.502456,0.433496,-0.140501,0.891403,0.975637,-0.392254,-0.759736,0.545237,0.411094,0.163002,-0.253822,-0.0931997,0.521522,-0.769209,-0.728513,0.813193,0.190406,-0.514365,0.841965,-0.239694,-0.661654,-0.160581,-0.827266,-0.108445,0.185279,-0.156302,-0.430476;-1235.75,128912,-5936.73,139366
112;-0.381228,0.167337,-0.404881,0.611783,0.489193,-0.153412,0.891294,0.980199,-0.144192,-0.756071,-0.0433427,0.315387,-0.0113864,0.063906,-0.104861,0.804613,-0.635587,-0.612476,0.81433,0.225327,-0.283191,0.888235,0.545,-0.537,-0.314364,-0.919202,-0.213301,0.314716,-0.496396,-0.487737;18307.3,131140,-3050.31,140098
113;-0.398644,0.153231,-0.478507,0.579974,0.372407,-0.158671,0.894688,0.994634,-0.291308,-0.755657,-0.454831,0.248104,0.0219865,0.122596,-0.0206078,0.901521,-0.806545,-0.718116,0.859684,0.0465024,-0.164641,0.879478,0.620879,-0.484877,-0.474131,-0.899463,-0.138897,0.527161,-0.485549,-0.462651;13549.3,152621,12032.3,139964
114;-0.629325,0.52927,-0.185889,0.790033,0.392719,0.512631,0.89098,0.966522,-0.242141,-0.543402,-0.741956,-0.145559,-0.104319,-0.278876,-0.741262,0.780073,-0.556349,-0.208601,0.751785,0.213015,-0.244069,0.83696,0.538033,-0.428024,0.0185049,-0.583041,-0.465365,-0.0327973,0.07253,-0.231933;19260.6,54944,-6019.84,100986
115;-0.533508,-0.354506,-0.420253,0.501557,0.147312,0.211046,0.952636,0.97483,-0.349069,-0.745143,-0.383275,0.3718,-0.020149,-0.615336,-0.346856,0.767057,-0.883221,-0.62659,0.903238,-0.130187,-0.540561,0.89307,-0.209031,-0.548813,0.109653,-0.600305,-0.239285,0.260501,0.0957267,-0.615875;1007.63,124815,1813.63,125686
116;-0.551256,-0.0889997,-0.491375,0.427984,0.3089,0.205986,0.951963,0.927697,-0.193608,-0.74436,-0.487818,0.535007,-0.139468,-0.500741,-0.329388,0.728883,-0.820569,-0.591469,0.879641,0.176346,-0.383054,0.937463,-0.122665,-0.62148,0.285953,-0.711551,-0.27392,0.23058,-0.205915,-0.614197;3715.67,129385,-2857.88,119542
117;-0.658274,-0.144779,0.0366375,0.521307,0.691984,0.665331,0.706419,0.711032,-0.65782,-0.470991,-0.0302269,-0.382152,-0.573688,-0.545292,-0.563951,0.257527,-0.589066,-0.506662,0.204578,0.5508,0.0661421,0.70804,0.572679,-0.842253,-0.00394449,-0.282079,-0.767792,0.256425,-0.382946,-0.0158917;31503.2,6027.84,-29106.1,54535.3
118;-0.456298,-0.310128,0.136182,0.656024,0.728707,0.668611,0.690364,0.776573,-0.8017,-0.505882,-0.152548,-0.625399,-0.557093,-0.718657,-0.738531,0.618242,-0.50315,-0.699266,0.181127,0.356797,-0.651777,0.636,0.73993,-0.657911,0.104294,0.149194,-0.677043,-0.13156,0.177871,-0.151873;87060.7,-31861.3,-11870.1,68322.3
119;-0.372065,-0.342927,-0.544333,0.668811,0.317835,0.2019,0.949012,0.969765,-0.537307,-0.762487,-0.41922,0.0417075,-0.159903,-0.701006,-0.597771,0.735252,-0.82246,-0.77218,0.912155,-0.161226,-0.860636,0.914344,0.272165,-0.378162,0.357879,-0.289045,-0.0445183,0.106519,0.426656,-0.710085;39161.5,98641,-2940.34,138551
120;-0.562437,-0.248806,-0.597532,0.499049,0.347697,0.197435,0.950757,0.96415,-0.33793,-0.744838,-0.470799,0.383608,-0.180269,-0.485425,-0.420396,0.555275,-0.829019,-0.564428,0.924203,0.176032,-0.604748,0.923295,-0.122362,-0.689091,0.251396,-0.538765,-0.216068,0.300758,0.101172,-0.647395;10664.8,133781,582.427,128339
121;-0.632698,-0.19996,0.0471061,0.546411,0.719866,0.665675,0.701503,0.680843,-0.68752,-0.464968,0.0113339,-0.410222,-0.568446,-0.531454,-0.603446,0.143345,-0.563412,-0.515516,0.241156,0.591364,-0.0971162,0.679291,0.457772,-0.84347,0.0154167,-0.159956,-0.760311,0.212395,-0.26794,-0.0154833;34756.7,5955.32,-25417.2,53969.9
122;-0.452844,-0.330614,0.112564,0.677827,0.728877,0.66783,0.689312,0.733963,-0.804053,-0.510619,-0.0694451,-0.644233,-0.558847,-0.722675,-0.744904,0.56461,-0.500792,-0.690959,0.217186,0.352995,-0.678082,0.618719,0.728015,-0.672141,0.0971857,0.173956,-0.678291,-0.12894,0.199037,-0.13987;86111.3,-29780.7,-13731.6,65344.1
123;-0.369631,-0.346175,-0.546608,0.669772,0.317742,0.201717,0.948997,0.968461,-0.544225,-0.766235,-0.43245,0.0408055,-0.157574,-0.698609,-0.596558,0.730224,-0.815946,-0.775343,0.915031,-0.159857,-0.866087,0.910869,0.255553,-0.389285,0.363813,-0.289461,-0.0437471,0.0971718,0.438464,-0.702425;38865,98764.4,-1692.02,138284
124;-0.562327,-0.247877,-0.598997,0.500586,0.347579,0.197306,0.950712,0.963082,-0.336949,-0.744961,-0.467965,0.383217,-0.181149,-0.485125,-0.42239,0.545699,-0.831906,-0.564994,0.924584,0.172086,-0.609281,0.922995,-0.125376,-0.69121,0.254167,-0.544802,-0.217047,0.291618,0.101803,-0.64674;10721.8,134086,835.904,128392
125;-0.63325,-0.201165,0.0470031,0.546615,0.720258,0.665672,0.701536,0.679045,-0.688138,-0.465145,0.0113987,-0.410138,-0.568556,-0.531296,-0.603172,0.133977,-0.56275,-0.517174,0.242209,0.593184,-0.0963004,0.678624,0.456774,-0.843889,0.0160711,-0.160303,-0.760148,0.212545,-0.267918,-0.0150225;34511.8,6249.7,-25428.1,53972.7
126;-0.452869,-0.330465,0.113075,0.678084,0.728856,0.667847,0.68929,0.733698,-0.804106,-0.5109,-0.0696793,-0.644378,-0.559175,-0.722649,-0.745008,0.564861,-0.501785,-0.690991,0.216889,0.352458,-0.678635,0.618631,0.728946,-0.672568,0.0973085,0.173382,-0.678265,-0.129338,0.198999,-0.139491;86181.7,-29775.4,-13674.8,65335.2
127;-0.369638,-0.346225,-0.546592,0.669695,0.318121,0.201719,0.948996,0.968501,-0.544444,-0.766258,-0.43217,0.0408325,-0.157583,-0.698682,-0.596583,0.729748,-0.816063,-0.775537,0.915056,-0.158959,-0.866085,0.910841,0.255417,-0.389219,0.363943,-0.289839,-0.0436029,0.0968685,0.438556,-0.702483;38879.9,98772.3,-1709.39,138297
128;-0.562313,-0.247893,-0.598993,0.50085,0.34769,0.197306,0.950711,0.963095,-0.336927,-0.744957,-0.467888,0.382917,-0.181203,-0.485129,-0.42252,0.545431,-0.831843,-0.564916,0.924575,0.172207,-0.609358,0.923006,-0.124838,-0.691248,0.254174,-0.544791,-0.217043,0.291809,0.101826,-0.64676;10734,134077,818.423,128404
129;-0.633254,-0.201249,0.0469903,0.546636,0.720242,0.665671,0.701537,0.679266,-0.688212,-0.465143,0.0113104,-0.410226,-0.568541,-0.531299,-0.603181,0.134154,-0.562711,-0.51723,0.242386,0.593148,-0.0964192,0.678501,0.456785,-0.843889,0.0160855,-0.160091,-0.760138,0.212663,-0.267703,-0.0150272;34517.8,6252.77,-25428.6,53986.9
130;-0.452858,-0.330468,0.113079,0.678075,0.728861,0.667847,0.689288,0.733679,-0.804106,-0.510866,-0.0696164,-0.644369,-0.559186,-0.72265,-0.745013,0.564866,-0.501701,-0.690968,0.2169,0.352458,-0.678659,0.618616,0.728907,-0.672616,0.0973099,0.173443,-0.678269,-0.129399,0.199067,-0.139423;86181.9,-29782.7,-13673.5,65332.3
131;-0.369638,-0.346227,-0.546599,0.6697,0.31809,0.201718,0.948996,0.968499,-0.544446,-0.76626,-0.432131,0.0408256,-0.157577,-0.698683,-0.596583,0.729739,-0.816054,-0.775551,0.915056,-0.159024,-0.866089,0.910843,0.255371,-0.389224,0.363958,-0.289873,-0.0435981,0.0968288,0.43855,-0.702481;38877.7,98771.4,-1709.56,138297
132;-0.562315,-0.247893,-0.598993,0.500834,0.347688,0.197306,0.950711,0.96309,-0.336925,-0.744957,-0.467898,0.382941,-0.181207,-0.485127,-0.422516,0.545412,-0.831836,-0.564913,0.924576,0.172198,-0.609363,0.923005,-0.124858,-0.691251,0.254176,-0.54479,-0.217045,0.291782,0.101832,-0.64676;10733.7,134078,820.061,128404
133;-0.633254,-0.201246,0.0469923,0.546637,0.72024,0.665671,0.701537,0.67926,-0.688209,-0.465144,0.0113251,-0.410224,-0.56854,-0.531299,-0.60318,0.134132,-0.562717,-0.517234,0.242374,0.593144,-0.0964101,0.67851,0.456778,-0.843889,0.0160864,-0.160106,-0.760137,0.212663,-0.267721,-0.0150262;34516.7,6252.93,-25429.1,53986.9
134;-0.452859,-0.330467,0.113079,0.678075,0.728862,0.667847,0.689288,0.733676,-0.804106,-0.510867,-0.0696238,-0.644368,-0.559187,-0.72265,-0.745013,0.56487,-0.501697,-0.690968,0.2169,0.35246,-0.678657,0.618616,0.728912,-0.672613,0.0973101,0.173441,-0.678269,-0.1294,0.199065,-0.139428;86182.2,-29782.9,-13673.6,65332.1
135;-0.369638,-0.346227,-0.546598,0.6697,0.318088,0.201718,0.948996,0.968499,-0.544447,-0.76626,-0.43213,0.0408248,-0.157577,-0.698683,-0.596583,0.72974,-0.816057,-0.775551,0.915056,-0.159028,-0.86609,0.910843,0.255373,-0.389224,0.363957,-0.28987,-0.0435977,0.0968329,0.438549,-0.702481;38877.7,98771.6,-1709.57,138297
136;-0.562315,-0.247893,-0.598993,0.500833,0.347689,0.197306,0.950711,0.96309,-0.336926,-0.744957,-0.467898,0.382942,-0.181207,-0.485127,-0.422516,0.545414,-0.831836,-0.564913,0.924576,0.1722,-0.609363,0.923005,-0.12486,-0.691251,0.254176,-0.54479,-0.217045,0.29178,0.101833,-0.64676;10733.8,134078,820.122,128404
137;-0.633254,-0.201246,0.0469921,0.546637,0.72024,0.665671,0.701537,0.67926,-0.688209,-0.465144,0.0113262,-0.410225,-0.56854,-0.531299,-0.60318,0.134131,-0.562717,-0.517234,0.242374,0.593144,-0.0964096,0.67851,0.456778,-0.843889,0.0160864,-0.160106,-0.760137,0.212664,-0.267722,-0.0150262;34516.6,6252.91,-25429.2,53986.9
138;-0.452859,-0.330468,0.113079,0.678075,0.728862,0.667847,0.689288,0.733676,-0.804106,-0.510867,-0.0696248,-0.644368,-0.559187,-0.72265,-0.745013,0.56487,-0.501696,-0.690968,0.2169,0.35246,-0.678657,0.618615,0.728912,-0.672613,0.0973101,0.173441,-0.678269,-0.1294,0.199066,-0.139428;86182.3,-29782.9,-13673.6,65332.1
139;-0.369638,-0.346227,-0.546598,0.6697,0.318088,0.201718,0.948996,0.968499,-0.544447,-0.76626,-0.43213,0.0408249,-0.157577,-0.698683,-0.596583,0.72974,-0.816057,-0.775551,0.915056,-0.159029,-0.86609,0.910843,0.255373,-0.389224,0.363957,-0.28987,-0.0435977,0.0968329,0.438549,-0.702481;38877.7,98771.6,-1709.57,138297
140;-0.562315,-0.247893,-0.598993,0.500833,0.347689,0.197306,0.950711,0.96309,-0.336926,-0.744957,-0.467898,0.382942,-0.181207,-0.485127,-0.422516,0.545414,-0.831835,-0.564913,0.924576,0.1722,-0.609363,0.923005,-0.12486,-0.691251,0.254176,-0.54479,-0.217045,0.29178,0.101833,-0.64676;10733.8,134078,820.123,128404
141;-0.633254,-0.201246,0.0469921,0.546637,0.72024,0.665671,0.701537,0.67926,-0.688209,-0.465144,0.0113262,-0.410225,-0.56854,-0.531299,-0.60318,0.134131,-0.562717,-0.517234,0.242374,0.593144,-0.0964096,0.67851,0.456778,-0.843889,0.0160864,-0.160107,-0.760137,0.212664,-0.267722,-0.0150262;34516.6,6252.91,-25429.2,53986.9
142;-0.452859,-0.330468,0.113079,0.678075,0.728862,0.667847,0.689288,0.733676,-0.804106,-0.510867,-0.0696249,-0.644368,-0.559187,-0.72265,-0.745013,0.56487,-0.501696,-0.690968,0.2169,0.35246,-0.678657,0.618615,0.728912,-0.672613,0.0973101,0.173441,-0.678269,-0.1294,0.199066,-0.139428;86182.3,-29782.9,-13673.6,65332.1
143;-0.369638,-0.346227,-0.546598,0.6697,0.318088,0.201718,0.948996,0.968499,-0.544447,-0.76626,-0.43213,0.0408249,-0.157577,-0.698683,-0.596583,0.72974,-0.816057,-0.775551,0.915056,-0.159029,-0.86609,0.910843,0.255373,-0.389224,0.363957,-0.28987,-0.0435977,0.0968329,0.438549,-0.702481;38877.7,98771.6,-1709.57,138297
144;-0.562315,-0.247893,-0.598993,0.500833,0.347689,0.197306,0.950711,0.96309,-0.336926,-0.744957,-0.467898,0.382942,-0.181207,-0.485127,-0.422516,0.545414,-0.831835,-0.564913,0.924576,0.1722,-0.609363,0.923005,-0.12486,-0.691251,0.254176,-0.54479,-0.217045,0.29178,0.101833,-0.64676;10733.8,134078,820.122,128404
145;-0.633254,-0.201246,0.0469921,0.546637,0.72024,0.665671,0.701537,0.67926,-0.688209,-0.465144,0.0113262,-0.410225,-0.56854,-0.531299,-0.60318,0.134131,-0.562717,-0.517234,0.242374,0.593144,-0.0964096,0.67851,0.456778,-0.843889,0.0160864,-0.160107,-0.760137,0.212664,-0.267722,-0.0150262;34516.6,6252.91,-25429.2,53986.9
146;-0.452859,-0.330468,0.113079,0.678075,0.728862,0.667847,0.689288,0.733676,-0.804106,-0.510867,-0.0696249,-0.644368,-0.559187,-0.72265,-0.745013,0.56487,-0.501696,-0.690968,0.2169,0.35246,-0.678657,0.618615,0.728912,-0.672613,0.0973101,0.173441,-0.678269,-0.1294,0.199066,-0.139428;86182.3,-29782.9,-13673.6,65332.1
147;-0.369638,-0.346227,-0.546598,0.6697,0.318088,0.201718,0.948996,0.968499,-0.544447,-0.76626,-0.43213,0.0408249,-0.157577,-0.698683,-0.596583,0.72974,-0.816057,-0.775551,0.915056,-0.159029,-0.86609,0.910843,0.255373,-0.389224,0.363957,-0.28987,-0.0435977,0.0968329,0.438549,-0.702481;38877.7,98771.6,-1709.57,138297
148;-0.562315,-0.247893,-0.598993,0.500833,0.347689,0.197306,0.950711,0.96309,-0.336926,-0.744957,-0.467898,0.382942,-0.181207,-0.485127,-0.422516,0.545414,-0.831835,-0.564913,0.924576,0.1722,-0.609363,0.923005,-0.12486,-0.691251,0.254176,-0.54479,-0.217045,0.29178,0.101833,-0.64676;10733.8,134078,820.122,128404
149;-0.633254,-0.201246,0.0469921,0.546637,0.72024,0.665671,0.701537,0.67926,-0.688209,-0.465144,0.0113262,-0.410225,-0.56854,-0.531299,-0.60318,0.134131,-0.562717,-0.517234,0.242374,0.593144,-0.0964096,0.67851,0.456778,-0.843889,0.0160864,-0.160107,-0.760137,0.212664,-0.267722,-0.0150262;34516.6,6252.91,-25429.2,53986.9
150;-0.452859,-0.330468,0.113079,0.678075,0.728862,0.667847,0.689288,0.733676,-0.804106,-0.510867,-0.0696249,-0.644368,-0.559187,-0.72265,-0.745013,0.56487,-0.501696,-0.690968,0.2169,0.35246,-0.678657,0.618615,0.728912,-0.672613,0.0973101,0.173441,-0.678269,-0.1294,0.199066,-0.139428;86182.3,-29782.9,-13673.6,65332.1
151;-0.369638,-0.346227,-0.546598,0.6697,0.318088,0.201718,0.948996,0.968499,-0.544447,-0.76626,-0.43213,0.0408249,-0.157577,-0.698683,-0.596583,0.72974,-0.816057,-0.775551,0.915056,-0.159029,-0.86609,0.910843,0.255373,-0.389224,0.363957,-0.28987,-0.0435977,0.0968329,0.438549,-0.702481;38877.7,98771.6,-1709.57,138297
152;-0.562315,-0.247893,-0.598993,0.500833,0.347689,0.197306,0.950711,0.96309,-0.336926,-0.744957,-0.467898,0.382942,-0.181207,-0.485127,-0.422516,0.545414,-0.831835,-0.564913,0.924576,0.1722,-0.609363,0.923005,-0.12486,-0.691251,0.254176,-0.54479,-0.217045,0.29178,0.101833,-0.64676;10733.8,134078,820.122,128404
153;-0.633254,-0.201246,0.0469921,0.546637,0.72024,0.665671,0.701537,0.67926,-0.688209,-0.465144,0.0113262,-0.410225,-0.56854,-0.531299,-0.60318,0.134131,-0.562717,-0.517234,0.242374,0.593144,-0.0964096,0.67851,0.456778,-0.843889,0.0160864,-0.160107,-0.760137,0.212664,-0.267722,-0.0150262;34516.6,6252.91,-25429.2,53986.9
154;-0.452859,-0.330468,0.113079,0.678075,0.728862,0.667847,0.689288,0.733676,-0.804106,-0.510867,-0.0696249,-0.644368,-0.559187,-0.72265,-0.745013,0.56487,-0.501696,-0.690968,0.2169,0.35246,-0.678657,0.618615,0.728912,-0.672613,0.0973101,0.173441,-0.678269,-0.1294,0.199066,-0.139428;86182.3,-29782.9,-13673.6,65332.1
155;-0.369638,-0.346227,-0.546598,0.6697,0.318088,0.201718,0.948996,0.968499,-0.544447,-0.76626,-0.43213,0.0408249,-0.157577,-0.698683,-0.596583,0.72974,-0.816057,-0.775551,0.915056,-0.159029,-0.86609,0.910843,0.255373,-0.389224,0.363957,-0.28987,-0.0435977,0.0968329,0.438549,-0.702481;38877.7,98771.6,-1709.57,138297
156;-0.562315,-0.247893,-0.598993,0.500833,0.347689,0.197306,0.950711,0.96309,-0.336926,-0.744957,-0.467898,0.382942,-0.181207,-0.485127,-0.422516,0.545414,-0.831835,-0.564913,0.924576,0.1722,-0.609363,0.923005,-0.12486,-0.691251,0.254176,-0.54479,-0.217045,0.29178,0.101833,-0.64676;10733.8,134078,820.122,128404
157;-0.633254,-0.201246,0.0469921,0.546637,0.72024,0.665671,0.701537,0.67926,-0.688209,-0.465144,0.0113262,-0.410225,-0.56854,-0.531299,-0.60318,0.134131,-0.562717,-0.517234,0.242374,0.593144,-0.0964096,0.67851,0.456778,-0.843889,0.0160864,-0.160107,-0.760137,0.212664,-0.267722,-0.0150262;34516.6,6252.91,-25429.2,53986.9
158;-0.452859,-0.330468,0.113079,0.678075,0.728862,0.667847,0.689288,0.733676,-0.804106,-0.510867,-0.0696249,-0.644368,-0.559187,-0.72265,-0.745013,0.56487,-0.501696,-0.690968,0.2169,0.35246,-0.678657,0.618615,0.728912,-0.672613,0.0973101,0.173441,-0.678269,-0.1294,0.199066,-0.139428;86182.3,-29782.9,-13673.6,65332.1
159;-0.369638,-0.346227,-0.546598,0.6697,0.318088,0.201718,0.948996,0.968499,-0.544447,-0.76626,-0.43213,0.0408249,-0.157577,-0.698683,-0.596583,0.72974,-0.816057,-0.775551,0.915056,-0.159029,-0.86609,0.910843,0.255373,-0.389224,0.363957,-0.28987,-0.0435977,0.0968329,0.438549,-0.702481;38877.7,98771.6,-1709.57,138297
160;-0.562315,-0.247893,-0.598993,0.500833,0.347689,0.197306,0.950711,0.96309,-0.336926,-0.744957,-0.467898,0.382942,-0.181207,-0.485127,-0.422516,0.545414,-0.831835,-0.564913,0.924576,0.1722,-0.609363,0.923005,-0.12486,-0.691251,0.254176,-0.54479,-0.217045,0.29178,0.101833,-0.64676;10733.8,134078,820.122,128404
161;-0.633254,-0.201246,0.0469921,0.546637,0.72024,0.665671,0.701537,0.67926,-0.688209,-0.465144,0.0113262,-0.410225,-0.56854,-0.531299,-0.60318,0.134131,-0.562717,-0.517234,0.242374,0.593144,-0.0964096,0.67851,0.456778,-0.843889,0.0160864,-0.160107,-0.760137,0.212664,-0.267722,-0.0150262;34516.6,6252.91,-25429.2,53986.9
162;-0.452859,-0.330468,0.113079,0.678075,0.728862,0.667847,0.689288,0.733676,-0.804106,-0.510867,-0.0696249,-0.644368,-0.559187,-0.72265,-0.745013,0.56487,-0.501696,-0.690968,0.2169,0.35246,-0.678657,0.618615,0.728912,-0.672613,0.0973101,0.173441,-0.678269,-0.1294,0.199066,-0.139428;86182.3,-29782.9,-13673.6,65332.1
163;-0.369638,-0.346227,-0.546598,0.6697,0.318088,0.201718,0.948996,0.968499,-0.544447,-0.76626,-0.43213,0.0408249,-0.157577,-0.698683,-0.596583,0.72974,-0.816057,-0.775551,0.915056,-0.159029,-0.86609,0.910843,0.255373,-0.389224,0.363957,-0.28987,-0.0435977,0.0968329,0.438549,-0.702481;38877.7,98771.6,-1709.57,138297
164;-0.562315,-0.247893,-0.598993,0.500833,0.347689,0.197306,0.950711,0.96309,-0.336926,-0.744957,-0.467898,0.382942,-0.181207,-0.485127,-0.422516,0.545414,-0.831835,-0.564913,0.924576,0.1722,-0.609363,0.923005,-0.12486,-0.691251,0.254176,-0.54479,-0.217045,0.29178,0.101833,-0.64676;10733.8,134078,820.122,128404
165;-0.633254,-0.201246,0.0469921,0.546637,0.72024,0.665671,0.701537,0.67926,-0.688209,-0.465144,0.0113262,-0.410225,-0.56854,-0.531299,-0.60318,0.134131,-0.562717,-0.517234,0.242374,0.593144,-0.0964096,0.67851,0.456778,-0.843889,0.0160864,-0.160107,-0.760137,0.212664,-0.267722,-0.0150262;34516.6,6252.91,-25429.2,53986.9
166;-0.452859,-0.330468,0.113079,0.678075,0.728862,0.667847,0.689288,0.733676,-0.804106,-0.510867,-0.0696249,-0.644368,-0.559187,-0.72265,-0.745013,0.56487,-0.501696,-0.690968,0.2169,0.35246,-0.678657,0.618615,0.728912,-0.672613,0.0973101,0.173441,-0.678269,-0.1294,0.199066,-0.139428;86182.3,-29782.9,-13673.6,65332.1
167;-0.369638,-0.346227,-0.546598,0.6697,0.318088,0.201718,0.948996,0.968499,-0.544447,-0.76626,-0.43213,0.0408249,-0.157577,-0.698683,-0.596583,0.72974,-0.816057,-0.775551,0.915056,-0.159029,-0.86609,0.910843,0.255373,-0.389224,0.363957,-0.28987,-0.0435977,0.0968329,0.438549,-0.702481;38877.7,98771.6,-1709.57,138297
168;-0.562315,-0.247893,-0.598993,0.500833,0.347689,0.197306,0.950711,0.96309,-0.336926,-0.744957,-0.467898,0.382942,-0.181207,-0.485127,-0.422516,0.545414,-0.831835,-0.564913,0.924576,0.1722,-0.609363,0.923005,-0.12486,-0.691251,0.254176,-0.54479,-0.217045,0.29178,0.101833,-0.64676;10733.8,134078,820.122,128404
169;-0.633254,-0.201246,0.0469921,0.546637,0.72024,0.665671,0.701537,0.67926,-0.688209,-0.465144,0.0113262,-0.410225,-0.56854,-0.531299,-0.60318,0.134131,-0.562717,-0.517234,0.242374,0.593144,-0.0964096,0.67851,0.456778,-0.843889,0.0160864,-0.160107,-0.760137,0.212664,-0.267722,-0.0150262;34516.6,6252.91,-25429.2,53986.9
170;-0.452859,-0.330468,0.113079,0.678075,0.728862,0.667847,0.689288,0.733676,-0.804106,-0.510867,-0.0696249,-0.644368,-0.559187,-0.72265,-0.745013,0.56487,-0.501696,-0.690968,0.2169,0.35246,-0.678657,0.618615,0.728912,-0.672613,0.0973101,0.173441,-0.678269,-0.1294,0.199066,-0.139428;86182.3,-29782.9,-13673.6,65332.1
171;-0.369638,-0.346227,-0.546598,0.6697,0.318088,0.201718,0.948996,0.968499,-0.544447,-0.76626,-0.43213,0.0408249,-0.157577,-0.698683,-0.596583,0.72974,-0.816057,-0.775551,0.915056,-0.159029,-0.86609,0.910843,0.255373,-0.389224,0.363957,-0.28987,-0.0435977,0.0968329,0.438549,-0.702481;38877.7,98771.6,-1709.57,138297
172;-0.562315,-0.247893,-0.598993,0.500833,0.347689,0.197306,0.950711,0.96309,-0.336926,-0.744957,-0.467898,0.382942,-0.181207,-0.485127,-0.422516,0.545414,-0.831835,-0.564913,0.924576,0.1722,-0.609363,0.923005,-0.12486,-0.691251,0.254176,-0.54479,-0.217045,0.29178,0.101833,-0.64676;10733.8,134078,820.122,128404
173;-0.633254,-0.201246,0.0469921,0.546637,0.72024,0.665671,0.701537,0.67926,-0.688209,-0.465144,0.0113262,-0.410225,-0.56854,-0.531299,-0.60318,0.134131,-0.562717,-0.517234,0.242374,0.593144,-0.0964096,0.67851,0.456778,-0.843889,0.0160864,-0.160107,-0.760137,0.212664,-0.267722,-0.0150262;34516.6,6252.91,-25429.2,53986.9
174;-0.592552,0.181745,0.0319698,0.867564,0.429997,0.522117,0.885321,0.903898,-0.544817,-0.588711,-0.452516,-0.395128,-0.0468837,-0.631628,-0.840936,0.766513,-0.518657,-0.638408,0.64366,0.025799,-0.744154,0.856615,0.580273,-0.383857,0.421895,-0.281595,-0.239254,-0.30096,0.453106,-0.302049;53647.2,16993.3,-10687.9,106147
175;-0.659308,0.119713,0.152269,0.773079,0.562436,0.213091,0.756649,0.972444,-0.43898,-0.575112,0.623236,-0.148774,0.0763912,-0.185671,-0.64205,0.143612,-0.70201,-0.26549,0.624811,0.298604,-0.567816,0.64711,0.38745,-0.670792,-0.181205,-0.658776,-0.317299,-0.263159,0.306627,-0.0433901;25020.1,62500,-10551.3,123997
176;-0.640255,0.0891782,0.215595,0.591853,0.54051,-0.201573,0.809153,0.984799,0.14508,-0.914592,0.665196,-0.214412,0.401993,0.309038,-0.608526,0.520582,-0.525965,-0.671351,0.684676,-0.0731572,-0.817718,0.911635,0.174629,-0.677573,-0.701962,-0.936749,-0.594999,-0.133345,-0.496457,-0.474585;35156.2,106440,13529.7,108783
177;-0.65872,0.118987,0.198491,0.62126,0.311684,-0.202582,0.822344,0.981442,0.401999,-0.914164,0.384274,-0.197515,0.299783,0.43674,-0.439971,0.744653,-0.499614,-0.645026,0.6243,-0.357952,-0.642093,0.926993,0.630268,-0.54479,-0.794438,-0.917716,-0.679838,0.495867,-0.547541,-0.370494;24628,114182,7520.27,107320
178;-0.472159,-0.149774,-0.39729,0.489139,-0.107114,0.212596,0.956497,0.978037,-0.0392503,-0.743736,-0.525678,0.441644,-0.144664,-0.479026,-0.106757,0.914795,-0.585823,-0.604883,0.874693,-0.281757,-0.141907,0.886869,0.193173,-0.181051,-0.152019,-0.643336,-0.398649,0.630942,0.00834809,-0.594934;-21944.2,114341,-16719.8,126372
179;-0.558332,0.0659057,-0.533779,0.178848,0.086722,0.20274,0.953887,0.947924,-0.264257,-0.744058,-0.609586,0.674447,-0.13334,-0.494349,-0.172228,0.893485,-0.847042,-0.621422,0.888686,-0.113856,-0.188512,0.945104,-0.240963,-0.532407,0.0937511,-0.742285,-0.222459,0.217987,-0.306211,-0.590523;-7918.32,137814,3148.09,117044
180;-0.619771,-0.0423263,0.0432633,0.377166,0.710412,0.665549,0.704021,0.593211,-0.595488,-0.467654,-0.143787,-0.192407,-0.579439,-0.53261,-0.551615,0.287692,-0.627546,-0.445012,0.0349969,0.556087,0.0819808,0.805999,0.492756,-0.815792,-0.0394801,-0.38261,-0.768898,0.00656582,-0.460595,-0.0279958;37193.9,3112.61,-13863.9,46893.6
181;-0.460159,-0.302785,0.100577,0.670841,0.725421,0.667434,0.69256,0.78885,-0.781726,-0.524194,-0.0836803,-0.640702,-0.544743,-0.719147,-0.735302,0.487387,-0.613472,-0.707779,0.117364,0.376438,-0.587296,0.709124,0.740594,-0.601754,0.0865993,0.0389292,-0.675668,-0.0645098,0.0328703,-0.218253;81166.2,-23921.7,-18020.4,72222.2
182;-0.37306,-0.34253,-0.541779,0.667214,0.351062,0.202105,0.949146,0.96953,-0.535879,-0.761398,-0.513722,0.0454991,-0.162288,-0.695463,-0.595604,0.763103,-0.804686,-0.759127,0.913288,-0.0841574,-0.852142,0.911985,0.34746,-0.345967,0.339871,-0.24065,-0.049947,0.160651,0.436514,-0.722449;42477.3,99014.6,-2317.75,139101
183;-0.559592,-0.247619,-0.596931,0.513785,0.340902,0.197488,0.950766,0.970292,-0.338717,-0.74486,-0.464468,0.357068,-0.176634,-0.485697,-0.42533,0.588747,-0.846747,-0.554944,0.923929,0.161542,-0.605111,0.923799,-0.0984539,-0.684966,0.237907,-0.532587,-0.215067,0.334585,0.0963847,-0.646192;10995.7,133126,-396.725,128033
184;-0.630525,-0.203228,0.0444435,0.540021,0.72344,0.665588,0.701476,0.68328,-0.689377,-0.463949,-0.0030926,-0.40547,-0.566597,-0.531576,-0.602788,0.16482,-0.557479,-0.511362,0.252586,0.601501,-0.104181,0.671331,0.448084,-0.841625,0.0138087,-0.143834,-0.760986,0.20554,-0.248711,-0.0159005;35475.7,5963.24,-24532.2,53594.3
185;-0.452171,-0.330034,0.110551,0.680202,0.728065,0.667763,0.689247,0.732499,-0.802734,-0.510238,-0.0582719,-0.646463,-0.558025,-0.722492,-0.745142,0.556167,-0.506174,-0.689213,0.214789,0.351014,-0.677985,0.622001,0.724326,-0.674564,0.0964152,0.171969,-0.678731,-0.126946,0.195389,-0.135161;85674.4,-29561.9,-13859.9,65227.8
186;-0.369708,-0.346322,-0.54705,0.669638,0.319271,0.201682,0.949005,0.968156,-0.544519,-0.766363,-0.436372,0.0414127,-0.157084,-0.698362,-0.596246,0.730713,-0.813962,-0.775762,0.915378,-0.155562,-0.865927,0.910427,0.25511,-0.388061,0.364491,-0.291481,-0.0441087,0.0943212,0.439738,-0.70286;38996.2,98747.5,-1581.05,138247
187;-0.5624,-0.247678,-0.598951,0.501645,0.346967,0.19731,0.95071,0.963171,-0.336625,-0.744989,-0.467515,0.382012,-0.181265,-0.485034,-0.422712,0.544176,-0.832735,-0.564191,0.924562,0.170499,-0.609534,0.922997,-0.123685,-0.691456,0.253644,-0.544892,-0.217252,0.292889,0.101228,-0.64659;10682.5,134138,801.234,128436
188;-0.633216,-0.201372,0.0470713,0.546084,0.720363,0.665674,0.701548,0.679279,-0.688399,-0.46513,0.0105776,-0.409649,-0.5684,-0.531311,-0.603015,0.134908,-0.562511,-0.517438,0.24282,0.593621,-0.0963945,0.678112,0.455916,-0.843817,0.0161279,-0.15967,-0.760126,0.212168,-0.267118,-0.014967;34523.8,6266.9,-25378.7,53962.3
189;-0.452835,-0.330366,0.113044,0.678193,0.728855,0.667846,0.689281,0.733512,-0.803996,-0.510864,-0.0689564,-0.64444,-0.559227,-0.722659,-0.745041,0.564452,-0.502038,-0.690844,0.216576,0.352382,-0.67862,0.618909,0.728941,-0.672734,0.0972861,0.173026,-0.678302,-0.129466,0.198646,-0.139254;86174.6,-29783.7,-13684.6,65324.6
190;-0.369653,-0.346245,-0.546614,0.669695,0.318177,0.201717,0.948997,0.968497,-0.544498,-0.766274,-0.432372,0.0408265,-0.157542,-0.698678,-0.596572,0.729735,-0.815958,-0.775607,0.915072,-0.158788,-0.866072,0.910825,0.255453,-0.38909,0.363998,-0.289956,-0.0435799,0.0967895,0.438588,-0.702543;38886.9,98772.6,-1709.13,138299
191;-0.562314,-0.247886,-0.598985,0.500884,0.34767,0.197307,0.95071,0.963101,-0.336904,-0.744957,-0.467892,0.382875,-0.181222,-0.485124,-0.422546,0.545402,-0.831883,-0.564831,0.924574,0.172117,-0.609398,0.923005,-0.124724,-0.691265,0.254128,-0.544761,-0.21706,0.291854,0.101835,-0.646759;10735.9,134078,819.375,128406
192;-0.63325,-0.201265,0.0469911,0.546614,0.720246,0.665671,0.701538,0.679298,-0.688225,-0.465142,0.0113112,-0.41021,-0.568524,-0.531301,-0.603173,0.134166,-0.562709,-0.517256,0.242407,0.593173,-0.0964107,0.678487,0.456701,-0.843883,0.0160899,-0.160064,-0.760134,0.212662,-0.267678,-0.0150226;34515,6253.93,-25428,53988
193;-0.452857,-0.330463,0.113076,0.678083,0.728863,0.667847,0.689287,0.733651,-0.804099,-0.510861,-0.0695944,-0.644371,-0.559191,-0.72265,-0.745015,0.564857,-0.501682,-0.690956,0.216888,0.35246,-0.678656,0.618626,0.728915,-0.672622,0.0973084,0.17343,-0.678273,-0.129409,0.199056,-0.139416;86182.1,-29784.8,-13674.3,65330.2
194;-0.369639,-0.346229,-0.5466,0.669701,0.318081,0.201718,0.948996,0.968499,-0.544451,-0.766262,-0.432139,0.0408234,-0.157573,-0.698683,-0.596582,0.729744,-0.816057,-0.775555,0.915057,-0.159044,-0.866091,0.910842,0.255369,-0.389219,0.36396,-0.289873,-0.0435958,0.0968308,0.43855,-0.702483;38877.5,98771.8,-1709.2,138297
195;-0.562315,-0.247893,-0.598993,0.500828,0.34769,0.197306,0.950711,0.963089,-0.336924,-0.744957,-0.467899,0.382949,-0.181208,-0.485127,-0.422516,0.545411,-0.831837,-0.564908,0.924576,0.1722,-0.609365,0.923005,-0.124865,-0.691252,0.254174,-0.544789,-0.217047,0.291773,0.101834,-0.64676;10733.8,134078,820.621,128404
196;-0.633254,-0.201246,0.046992,0.546639,0.72024,0.665671,0.701537,0.67926,-0.688209,-0.465144,0.0113311,-0.410226,-0.568539,-0.531299,-0.60318,0.134123,-0.562718,-0.517236,0.242371,0.593145,-0.0964055,0.678513,0.456775,-0.843889,0.0160866,-0.16011,-0.760137,0.212666,-0.267727,-0.0150257;34516.1,6252.94,-25429.5,53986.9
197;-0.452859,-0.330468,0.113079,0.678075,0.728862,0.667847,0.689288,0.733675,-0.804106,-0.510867,-0.0696283,-0.644368,-0.559187,-0.72265,-0.745013,0.564873,-0.501694,-0.690968,0.216901,0.35246,-0.678657,0.618614,0.728914,-0.672612,0.09731,0.173441,-0.678269,-0.1294,0.199067,-0.13943;86182.4,-29783,-13673.5,65332
198;-0.369638,-0.346227,-0.546598,0.6697,0.318088,0.201718,0.948996,0.968499,-0.544447,-0.76626,-0.43213,0.0408249,-0.157576,-0.698683,-0.596583,0.72974,-0.816058,-0.775551,0.915056,-0.15903,-0.86609,0.910843,0.255373,-0.389224,0.363957,-0.289869,-0.0435976,0.0968338,0.438549,-0.702481;38877.6,98771.6,-1709.53,138297
199;-0.562315,-0.247893,-0.598993,0.500833,0.347689,0.197306,0.950711,0.96309,-0.336925,-0.744957,-0.467898,0.382943,-0.181207,-0.485127,-0.422516,0.545414,-0.831835,-0.564913,0.924576,0.172201,-0.609363,0.923005,-0.124861,-0.691251,0.254176,-0.54479,-0.217045,0.291779,0.101833,-0.64676;10733.8,134078,820.143,128404
200;-0.633254,-0.201246,0.0469921,0.546638,0.72024,0.665671,0.701537,0.67926,-0.688209,-0.465144,0.0113266,-0.410225,-0.56854,-0.531299,-0.60318,0.13413,-0.562717,-0.517234,0.242373,0.593144,-0.0964093,0.67851,0.456779,-0.843889,0.0160864,-0.160107,-0.760137,0.212664,-0.267723,-0.0150262;34516.6,6252.91,-25429.2,53986.9
201;-0.452859,-0.330468,0.113079,0.678075,0.728862,0.667847,0.689288,0.733676,-0.804106,-0.510867,-0.0696254,-0.644368,-0.559187,-0.72265,-0.745013,0.564871,-0.501696,-0.690968,0.2169,0.35246,-0.678657,0.618615,0.728913,-0.672613,0.0973101,0.173441,-0.678269,-0.1294,0.199066,-0.139429;86182.3,-29782.9,-13673.6,65332.1
202;-0.369638,-0.346227,-0.546598,0.6697,0.318088,0.201718,0.948996,0.968499,-0.544447,-0.76626,-0.43213,0.0408249,-0.157577,-0.698683,-0.596583,0.72974,-0.816057,-0.77555,0.915056,-0.159029,-0.86609,0.910843,0.255373,-0.389224,0.363957,-0.28987,-0.0435977,0.0968329,0.438549,-0.702481;38877.7,98771.6,-1709.57,138297
203;-0.562315,-0.247893,-0.598993,0.500833,0.347689,0.197306,0.950711,0.96309,-0.336926,-0.744957,-0.467898,0.382942,-0.181207,-0.485127,-0.422516,0.545414,-0.831835,-0.564913,0.924576,0.1722,-0.609363,0.923005,-0.12486,-0.691251,0.254176,-0.54479,-0.217045,0.29178,0.101833,-0.64676;10733.8,134078,820.121,128404
204;-0.633254,-0.201246,0.0469921,0.546637,0.72024,0.665671,0.701537,0.67926,-0.688209,-0.465144,0.0113262,-0.410225,-0.56854,-0.531299,-0.60318,0.134131,-0.562717,-0.517234,0.242374,0.593144,-0.0964096,0.67851,0.456778,-0.843889,0.0160864,-0.160107,-0.760137,0.212664,-0.267722,-0.0150262;34516.6,6252.91,-25429.2,53986.9
205;-0.592552,0.181745,0.0319698,0.867564,0.429997,0.522117,0.885321,0.903898,-0.544817,-0.588711,-0.452516,-0.395128,-0.0468837,-0.631628,-0.840936,0.766513,-0.518657,-0.638408,0.64366,0.025799,-0.744154,0.856615,0.580273,-0.383857,0.421895,-0.281595,-0.239254,-0.30096,0.453106,-0.30205;53647.2,16993.3,-10687.9,106147
206;-0.659308,0.119713,0.152269,0.773079,0.562436,0.213091,0.756649,0.972444,-0.43898,-0.575112,0.623236,-0.148774,0.0763912,-0.185671,-0.64205,0.143612,-0.70201,-0.26549,0.624811,0.298604,-0.567816,0.64711,0.38745,-0.670792,-0.181205,-0.658776,-0.317299,-0.263159,0.306627,-0.0433901;25020.1,62500,-10551.3,123997
207;-0.313679,-0.206674,-0.254498,0.612542,0.481324,-0.143669,0.890644,0.988219,-0.298594,-0.75636,0.494097,0.242162,0.121199,-0.162926,-0.162386,0.57701,-0.607,-0.649827,0.825706,0.240612,-0.52216,0.798027,0.123747,-0.466105,-0.327154,-0.869275,-0.1766,0.146406,-0.173305,-0.5044;12463.2,114372,-13418.2,143491
208;-0.364037,0.120637,-0.52586,0.60952,0.409898,-0.162305,0.892587,0.988435,-0.212334,-0.754928,-0.160278,0.240806,0.0112458,0.0765954,-0.0775498,0.826433,-0.648842,-0.596467,0.873448,0.0747749,-0.307868,0.869625,0.53459,-0.484294,-0.420555,-0.886789,-0.195656,0.447534,-0.414948,-0.467829;15972.9,140595,558.803,139345
209;-0.648176,0.50326,-0.217029,0.806188,0.311888,0.511221,0.892075,0.962451,-0.259562,-0.544326,-0.727505,-0.186742,-0.0695961,-0.272384,-0.730236,0.769932,-0.419579,-0.247728,0.771855,0.0809437,-0.218668,0.829226,0.462155,-0.45301,0.0358732,-0.575743,-0.46165,0.0583337,0.0686605,-0.210104;10135.5,51626.9,-10655.4,98426.5
210;-0.533994,-0.34843,-0.405586,0.453897,0.0990242,0.21204,0.952527,0.966817,-0.335151,-0.745526,-0.429858,0.438044,-0.031396,-0.610022,-0.33712,0.82139,-0.881899,-0.611215,0.90241,-0.253628,-0.579486,0.887633,-0.25137,-0.560664,0.117307,-0.595542,-0.253653,0.169082,0.127131,-0.61147;2872.36,125222,9141.89,124785
211;-0.612793,-0.144696,0.0204598,0.386857,0.729548,0.6648,0.701598,0.534399,-0.623203,-0.464526,0.192409,-0.207875,-0.577485,-0.56526,-0.571288,-0.0054967,-0.544174,-0.35762,0.234414,0.625236,-0.0616572,0.678666,0.268856,-0.821434,0.0193809,-0.225382,-0.786633,-0.0190426,-0.303082,-0.0127884;28776.5,9497.88,-24252.2,42688.6
212;-0.465918,-0.311521,0.0940938,0.695114,0.713992,0.667221,0.691585,0.701361,-0.782735,-0.533159,-0.0113869,-0.652052,-0.526823,-0.719008,-0.734791,0.442837,-0.498997,-0.702703,0.129326,0.331854,-0.624127,0.703342,0.685591,-0.671472,0.102201,0.0399358,-0.676135,-0.0776466,0.0436221,-0.134667;79136.9,-28832.3,-18199.9,64202.9
213;-0.375886,-0.341316,-0.537952,0.665491,0.310137,0.20241,0.949139,0.965728,-0.534589,-0.769068,-0.516448,0.0574781,-0.160866,-0.695346,-0.593772,0.777279,-0.812004,-0.767266,0.915188,-0.187172,-0.865072,0.906569,0.322151,-0.357038,0.362961,-0.304592,-0.0578185,0.0960291,0.443418,-0.719825;42180.4,99414.7,264.584,138592
214;-0.56382,-0.246091,-0.595222,0.489051,0.343105,0.197638,0.950775,0.967331,-0.337306,-0.745218,-0.453788,0.39046,-0.178901,-0.486805,-0.418067,0.543203,-0.848045,-0.558354,0.923423,0.169332,-0.601013,0.923909,-0.145583,-0.691042,0.241928,-0.543656,-0.215664,0.302358,0.0853188,-0.644102;9428.36,135029,634.859,128327
215;-0.631338,-0.19851,0.0484007,0.545618,0.723448,0.665718,0.701524,0.669481,-0.684958,-0.46444,0.00735846,-0.406414,-0.567262,-0.531791,-0.602747,0.143683,-0.554399,-0.515549,0.233783,0.601071,-0.0894976,0.683962,0.457211,-0.8421,0.01683,-0.167353,-0.760566,0.206975,-0.272579,-0.0159046;34657.6,5104.14,-25420.7,53037.1
216;-0.453625,-0.330371,0.111305,0.679574,0.726726,0.667788,0.689403,0.736043,-0.803674,-0.512394,-0.0688325,-0.646361,-0.558853,-0.722692,-0.74504,0.566461,-0.50909,-0.69059,0.217731,0.344911,-0.678634,0.61897,0.731273,-0.670666,0.0967353,0.172211,-0.678573,-0.123871,0.196207,-0.142758;86071.9,-29252.8,-13814.9,65519.9
217;-0.369644,-0.346244,-0.546095,0.668493,0.320635,0.201759,0.948999,0.968482,-0.544716,-0.766053,-0.435603,0.0429938,-0.15747,-0.698466,-0.596159,0.730367,-0.815288,-0.775105,0.915119,-0.152769,-0.865731,0.910614,0.253284,-0.389317,0.363386,-0.287132,-0.0437442,0.0975018,0.439724,-0.702223;38898.8,98792.7,-1570.37,138267
218;-0.562173,-0.247626,-0.59899,0.502716,0.347501,0.197307,0.950709,0.963174,-0.33644,-0.744959,-0.466215,0.380914,-0.181083,-0.485217,-0.423016,0.545733,-0.832511,-0.564808,0.924458,0.171697,-0.608999,0.923165,-0.122714,-0.691128,0.254121,-0.545849,-0.21709,0.293444,0.10013,-0.646726;10725,134021,661.736,128402
219;-0.633315,-0.201588,0.0468594,0.546329,0.720287,0.665667,0.701554,0.679715,-0.688561,-0.46513,0.00949975,-0.410105,-0.56852,-0.53129,-0.603043,0.136099,-0.56195,-0.517252,0.243668,0.593365,-0.09676,0.677551,0.457191,-0.843867,0.0160698,-0.158829,-0.76016,0.212815,-0.266281,-0.0150604;34588.9,6269.68,-25379.3,53987.7
220;-0.452795,-0.330374,0.113135,0.678069,0.728776,0.667849,0.689276,0.733903,-0.804058,-0.510795,-0.0689578,-0.644386,-0.55919,-0.722641,-0.745033,0.56472,-0.502296,-0.690878,0.216657,0.352048,-0.678785,0.618795,0.728628,-0.67293,0.0973019,0.173392,-0.678274,-0.129582,0.198971,-0.138906;86171.9,-29778.7,-13652.8,65344.6
221;-0.369641,-0.346236,-0.54664,0.669678,0.318291,0.201715,0.948997,0.968478,-0.544447,-0.76624,-0.432132,0.0408917,-0.157551,-0.698692,-0.596573,0.729569,-0.815859,-0.775624,0.915064,-0.158498,-0.86604,0.910841,0.255194,-0.389127,0.364053,-0.290211,-0.0435961,0.0964518,0.438558,-0.702532;38884.6,98765,-1714.51,138296
222;-0.562332,-0.247888,-0.598991,0.500985,0.347619,0.197306,0.950711,0.963092,-0.336903,-0.744959,-0.467892,0.382782,-0.181227,-0.485118,-0.422549,0.545267,-0.831841,-0.564864,0.924573,0.172022,-0.609371,0.923008,-0.124558,-0.691276,0.254146,-0.54478,-0.217056,0.29197,0.101783,-0.646759;10731.7,134079,812.62,128411
223;-0.633253,-0.201268,0.0470077,0.546567,0.720238,0.665672,0.701538,0.679333,-0.688248,-0.465143,0.0112203,-0.410167,-0.568531,-0.531299,-0.603166,0.13431,-0.562714,-0.517263,0.242456,0.593142,-0.0964595,0.678438,0.4567,-0.843885,0.0160926,-0.160005,-0.760133,0.212621,-0.267611,-0.0150238;34521.7,6255.07,-25422.1,53989
224;-0.452853,-0.330458,0.113078,0.678079,0.728867,0.667847,0.689287,0.733657,-0.804094,-0.510855,-0.0695226,-0.644366,-0.559192,-0.722653,-0.745017,0.564808,-0.501705,-0.690955,0.216856,0.352474,-0.67865,0.618654,0.728896,-0.672635,0.0973086,0.173402,-0.678271,-0.12943,0.199024,-0.139397;86181.1,-29785.4,-13675.3,65331.3
225;-0.36964,-0.34623,-0.546602,0.669704,0.318087,0.201718,0.948996,0.968499,-0.54445,-0.766262,-0.432148,0.0408182,-0.157573,-0.698683,-0.596583,0.729739,-0.81604,-0.775559,0.915058,-0.159028,-0.866088,0.910842,0.255389,-0.389206,0.363965,-0.289887,-0.0435952,0.0968255,0.438548,-0.70249;38878.5,98771.2,-1710.07,138297
226;-0.562316,-0.247893,-0.598992,0.500831,0.347684,0.197306,0.950711,0.963091,-0.336925,-0.744957,-0.467904,0.382943,-0.181209,-0.485127,-0.422517,0.545415,-0.831839,-0.564904,0.924576,0.172185,-0.609368,0.923005,-0.124853,-0.691253,0.25417,-0.544782,-0.217047,0.291783,0.101838,-0.646761;10734,134078,820.737,128404
227;-0.633253,-0.201246,0.0469928,0.546634,0.720241,0.665671,0.701537,0.679261,-0.688209,-0.465144,0.0113311,-0.410221,-0.568539,-0.531299,-0.603179,0.134128,-0.562719,-0.517236,0.242372,0.593147,-0.0964077,0.678512,0.456765,-0.843888,0.0160869,-0.160107,-0.760137,0.212661,-0.267723,-0.0150256;34516.1,6252.97,-25429.1,53986.9
228;-0.452859,-0.330467,0.113079,0.678076,0.728862,0.667847,0.689288,0.733672,-0.804105,-0.510866,-0.0696228,-0.644368,-0.559187,-0.72265,-0.745013,0.564868,-0.501693,-0.690967,0.216899,0.352462,-0.678656,0.618617,0.728914,-0.672613,0.0973099,0.173438,-0.678269,-0.1294,0.199063,-0.139429;86182.3,-29783.1,-13673.8,65331.9
229;-0.369638,-0.346227,-0.546598,0.6697,0.318087,0.201718,0.948996,0.968499,-0.544447,-0.76626,-0.432132,0.0408245,-0.157576,-0.698683,-0.596583,0.729741,-0.816057,-0.775551,0.915056,-0.159032,-0.86609,0.910843,0.255374,-0.389223,0.363957,-0.289869,-0.0435975,0.0968345,0.438549,-0.702481;38877.7,98771.6,-1709.51,138297
230;-0.562315,-0.247893,-0.598993,0.500832,0.347689,0.197306,0.950711,0.96309,-0.336925,-0.744957,-0.467898,0.382943,-0.181207,-0.485127,-0.422516,0.545414,-0.831836,-0.564913,0.924576,0.172201,-0.609363,0.923005,-0.124861,-0.691251,0.254176,-0.54479,-0.217046,0.291779,0.101833,-0.64676;10733.8,134078,820.201,128404
231;-0.633254,-0.201246,0.046992,0.546638,0.72024,0.665671,0.701537,0.67926,-0.688209,-0.465144,0.0113271,-0.410225,-0.56854,-0.531299,-0.60318,0.134129,-0.562717,-0.517234,0.242373,0.593144,-0.096409,0.678511,0.456778,-0.843889,0.0160864,-0.160107,-0.760137,0.212664,-0.267723,-0.0150261;34516.5,6252.91,-25429.2,53986.9
232;-0.452859,-0.330468,0.113079,0.678075,0.728862,0.667847,0.689288,0.733676,-0.804106,-0.510867,-0.0696256,-0.644368,-0.559187,-0.72265,-0.745013,0.564871,-0.501696,-0.690968,0.2169,0.35246,-0.678657,0.618615,0.728913,-0.672613,0.0973101,0.173441,-0.678269,-0.1294,0.199066,-0.139429;86182.3,-29782.9,-13673.6,65332.1
233;-0.369638,-0.346227,-0.546598,0.6697,0.318088,0.201718,0.948996,0.968499,-0.544447,-0.76626,-0.43213,0.0408249,-0.157577,-0.698683,-0.596583,0.72974,-0.816057,-0.77555,0.915056,-0.159029,-0.86609,0.910843,0.255373,-0.389224,0.363957,-0.28987,-0.0435977,0.096833,0.438549,-0.702481;38877.7,98771.6,-1709.56,138297
234;-0.562315,-0.247893,-0.598993,0.500833,0.347689,0.197306,0.950711,0.96309,-0.336926,-0.744957,-0.467898,0.382942,-0.181207,-0.485127,-0.422516,0.545414,-0.831835,-0.564913,0.924576,0.1722,-0.609363,0.923005,-0.12486,-0.691251,0.254176,-0.54479,-0.217045,0.29178,0.101833,-0.64676;10733.8,134078,820.123,128404
235;-0.633254,-0.201246,0.0469921,0.546637,0.72024,0.665671,0.701537,0.67926,-0.688209,-0.465144,0.0113262,-0.410225,-0.56854,-0.531299,-0.60318,0.134131,-0.562717,-0.517234,0.242374,0.593144,-0.0964096,0.67851,0.456779,-0.843889,0.0160864,-0.160107,-0.760137,0.212664,-0.267722,-0.0150262;34516.6,6252.91,-25429.2,53986.9
236;-0.452859,-0.330468,0.113079,0.678075,0.728862,0.667847,0.689288,0.733676,-0.804106,-0.510867,-0.0696249,-0.644368,-0.559187,-0.72265,-0.745013,0.56487,-0.501696,-0.690968,0.2169,0.35246,-0.678657,0.618615,0.728912,-0.672613,0.0973101,0.173441,-0.678269,-0.1294,0.199066,-0.139428;86182.3,-29782.9,-13673.6,65332.1
237;-0.369638,-0.346227,-0.546598,0.6697,0.318088,0.201718,0.948996,0.968499,-0.544447,-0.76626,-0.43213,0.0408249,-0.157577,-0.698683,-0.596583,0.72974,-0.816057,-0.775551,0.915056,-0.159029,-0.86609,0.910843,0.255373,-0.389224,0.363957,-0.28987,-0.0435977,0.0968329,0.438549,-0.702481;38877.7,98771.6,-1709.57,138297
238;-0.562315,-0.247893,-0.598993,0.500833,0.347689,0.197306,0.950711,0.96309,-0.336926,-0.744957,-0.467898,0.382942,-0.181207,-0.485127,-0.422516,0.545414,-0.831835,-0.564913,0.924576,0.1722,-0.609363,0.923005,-0.12486,-0.691251,0.254176,-0.54479,-0.217045,0.29178,0.101833,-0.64676;10733.8,134078,820.121,128404
239;-0.633254,-0.201246,0.0469921,0.546637,0.72024,0.665671,0.701537,0.67926,-0.688209,-0.465144,0.0113262,-0.410225,-0.56854,-0.531299,-0.60318,0.134131,-0.562717,-0.517234,0.242374,0.593144,-0.0964096,0.67851,0.456778,-0.843889,0.0160864,-0.160107,-0.760137,0.212664,-0.267722,-0.0150262;34516.6,6252.91,-25429.2,53986.9
240;-0.452859,-0.330468,0.113079,0.678075,0.728862,0.667847,0.689288,0.733676,-0.804106,-0.510867,-0.0696249,-0.644368,-0.559187,-0.72265,-0.745013,0.56487,-0.501696,-0.690968,0.2169,0.35246,-0.678657,0.618615,0.728912,-0.672613,0.0973101,0.173441,-0.678269,-0.1294,0.199066,-0.139428;86182.3,-29782.9,-13673.6,65332.1
241;-0.369638,-0.346227,-0.546598,0.6697,0.318088,0.201718,0.948996,0.968499,-0.544447,-0.76626,-0.43213,0.0408249,-0.157577,-0.698683,-0.596583,0.72974,-0.816057,-0.775551,0.915056,-0.159029,-0.86609,0.910843,0.255373,-0.389224,0.363957,-0.28987,-0.0435977,0.0968329,0.438549,-0.702481;38877.7,98771.6,-1709.57,138297
242;-0.562315,-0.247893,-0.598993,0.500833,0.347689,0.197306,0.950711,0.96309,-0.336926,-0.744957,-0.467898,0.382942,-0.181207,-0.485127,-0.422516,0.545414,-0.831835,-0.564913,0.924576,0.1722,-0.609363,0.923005,-0.12486,-0.691251,0.254176,-0.54479,-0.217045,0.29178,0.101833,-0.64676;10733.8,134078,820.122,128404
243;-0.633254,-0.201246,0.0469921,0.546637,0.72024,0.665671,0.701537,0.67926,-0.688209,-0.465144,0.0113262,-0.410225,-0.56854,-0.531299,-0.60318,0.134131,-0.562717,-0.517234,0.242374,0.593144,-0.0964096,0.67851,0.456778,-0.843889,0.0160864,-0.160107,-0.760137,0.212664,-0.267722,-0.0150262;34516.6,6252.91,-25429.2,53986.9
244;-0.452859,-0.330468,0.113079,0.678075,0.728862,0.667847,0.689288,0.733676,-0.804106,-0.510867,-0.0696249,-0.644368,-0.559187,-0.72265,-0.745013,0.56487,-0.501696,-0.690968,0.2169,0.35246,-0.678657,0.618615,0.728912,-0.672613,0.0973101,0.173441,-0.678269,-0.1294,0.199066,-0.139428;86182.3,-29782.9,-13673.6,65332.1
245;-0.369638,-0.346227,-0.546598,0.6697,0.318088,0.201718,0.948996,0.968499,-0.544447,-0.76626,-0.43213,0.0408249,-0.157577,-0.698683,-0.596583,0.72974,-0.816057,-0.775551,0.915056,-0.159029,-0.86609,0.910843,0.255373,-0.389224,0.363957,-0.28987,-0.0435977,0.0968329,0.438549,-0.702481;38877.7,98771.6,-1709.57,138297
246;-0.562315,-0.247893,-0.598993,0.500833,0.347689,0.197306,0.950711,0.96309,-0.336926,-0.744957,-0.467898,0.382942,-0.181207,-0.485127,-0.422516,0.545414,-0.831835,-0.564913,0.924576,0.1722,-0.609363,0.923005,-0.12486,-0.691251,0.254176,-0.54479,-0.217045,0.29178,0.101833,-0.64676;10733.8,134078,820.122,128404
247;-0.633254,-0.201246,0.0469921,0.546637,0.72024,0.665671,0.701537,0.67926,-0.688209,-0.465144,0.0113262,-0.410225,-0.56854,-0.531299,-0.60318,0.134131,-0.562717,-0.517234,0.242374,0.593144,-0.0964096,0.67851,0.456778,-0.843889,0.0160864,-0.160107,-0.760137,0.212664,-0.267722,-0.0150262;34516.6,6252.91,-25429.2,53986.9
248;-0.452859,-0.330468,0.113079,0.678075,0.728862,0.667847,0.689288,0.733676,-0.804106,-0.510867,-0.0696249,-0.644368,-0.559187,-0.72265,-0.745013,0.56487,-0.501696,-0.690968,0.2169,0.35246,-0.678657,0.618615,0.728912,-0.672613,0.0973101,0.173441,-0.678269,-0.1294,0.199066,-0.139428;86182.3,-29782.9,-13673.6,65332.1
249;-0.369638,-0.346227,-0.546598,0.6697,0.318088,0.201718,0.948996,0.968499,-0.544447,-0.76626,-0.43213,0.0408249,-0.157577,-0.698683,-0.596583,0.72974,-0.816057,-0.775551,0.915056,-0.159029,-0.86609,0.910843,0.255373,-0.389224,0.363957,-0.28987,-0.0435977,0.0968329,0.438549,-0.702481;38877.7,98771.6,-1709.57,138297
250;-0.562315,-0.247893,-0.598993,0.500833,0.347689,0.197306,0.950711,0.96309,-0.336926,-0.744957,-0.467898,0.382942,-0.181207,-0.485127,-0.422516,0.545414,-0.831835,-0.564913,0.924576,0.1722,-0.609363,0.923005,-0.12486,-0.691251,0.254176,-0.54479,-0.217045,0.29178,0.101833,-0.64676;10733.8,134078,820.122,128404
251;-0.633254,-0.201246,0.0469921,0.546637,0.72024,0.665671,0.701537,0.67926,-0.688209,-0.465144,0.0113262,-0.410225,-0.56854,-0.531299,-0.60318,0.134131,-0.562717,-0.517234,0.242374,0.593144,-0.0964096,0.67851,0.456778,-0.843889,0.0160864,-0.160107,-0.760137,0.212664,-0.267722,-0.0150262;34516.6,6252.91,-25429.2,53986.9
252;-0.452859,-0.330468,0.113079,0.678075,0.728862,0.667847,0.689288,0.733676,-0.804106,-0.510867,-0.0696249,-0.644368,-0.559187,-0.72265,-0.745013,0.56487,-0.501696,-0.690968,0.2169,0.35246,-0.678657,0.618615,0.728912,-0.672613,0.0973101,0.173441,-0.678269,-0.1294,0.199066,-0.139428;86182.3,-29782.9,-13673.6,65332.1
253;-0.369638,-0.346227,-0.546598,0.6697,0.318088,0.201718,0.948996,0.968499,-0.544447,-0.76626,-0.43213,0.0408249,-0.157577,-0.698683,-0.596583,0.72974,-0.816057,-0.775551,0.915056,-0.159029,-0.86609,0.910843,0.255373,-0.389224,0.363957,-0.28987,-0.0435977,0.0968329,0.438549,-0.702481;38877.7,98771.6,-1709.57,138297
254;-0.562315,-0.247893,-0.598993,0.500833,0.347689,0.197306,0.950711,0.96309,-0.336926,-0.744957,-0.467898,0.382942,-0.181207,-0.485127,-0.422516,0.545414,-0.831835,-0.564913,0.924576,0.1722,-0.609363,0.923005,-0.12486,-0.691251,0.254176,-0.54479,-0.217045,0.29178,0.101833,-0.64676;10733.8,134078,820.122,128404
255;-0.633254,-0.201246,0.0469921,0.546637,0.72024,0.665671,0.701537,0.67926,-0.688209,-0.465144,0.0113262,-0.410225,-0.56854,-0.531299,-0.60318,0.134131,-0.562717,-0.517234,0.242374,0.593144,-0.0964096,0.67851,0.456778,-0.843889,0.0160864,-0.160107,-0.760137,0.212664,-0.267722,-0.0150262;34516.6,6252.91,-25429.2,53986.9
256;-0.452859,-0.330468,0.113079,0.678075,0.728862,0.667847,0.689288,0.733676,-0.804106,-0.510867,-0.0696249,-0.644368,-0.559187,-0.72265,-0.745013,0.56487,-0.501696,-0.690968,0.2169,0.35246,-0.678657,0.618615,0.728912,-0.672613,0.0973101,0.173441,-0.678269,-0.1294,0.199066,-0.139428;86182.3,-29782.9,-13673.6,65332.1
257;-0.369638,-0.346227,-0.546598,0.6697,0.318088,0.201718,0.948996,0.968499,-0.544447,-0.76626,-0.43213,0.0408249,-0.157577,-0.698683,-0.596583,0.72974,-0.816057,-0.775551,0.915056,-0.159029,-0.86609,0.910843,0.255373,-0.389224,0.363957,-0.28987,-0.0435977,0.0968329,0.438549,-0.702481;38877.7,98771.6,-1709.57,138297
258;-0.562315,-0.247893,-0.598993,0.500833,0.347689,0.197306,0.950711,0.96309,-0.336926,-0.744957,-0.467898,0.382942,-0.181207,-0.485127,-0.422516,0.545414,-0.831835,-0.564913,0.924576,0.1722,-0.609363,0.923005,-0.12486,-0.691251,0.254176,-0.54479,-0.217045,0.29178,0.101833,-0.64676;10733.8,134078,820.122,128404
259;-0.633254,-0.201246,0.0469921,0.546637,0.72024,0.665671,0.701537,0.67926,-0.688209,-0.465144,0.0113262,-0.410225,-0.56854,-0.531299,-0.60318,0.134131,-0.562717,-0.517234,0.242374,0.593144,-0.0964096,0.67851,0.456778,-0.843889,0.0160864,-0.160107,-0.760137,0.212664,-0.267722,-0.0150262;34516.6,6252.91,-25429.2,53986.9
260;-0.452859,-0.330468,0.113079,0.678075,0.728862,0.667847,0.689288,0.733676,-0.804106,-0.510867,-0.0696249,-0.644368,-0.559187,-0.72265,-0.745013,0.56487,-0.501696,-0.690968,0.2169,0.35246,-0.678657,0.618615,0.728912,-0.672613,0.0973101,0.173441,-0.678269,-0.1294,0.199066,-0.139428;86182.3,-29782.9,-13673.6,65332.1
261;-0.369638,-0.346227,-0.546598,0.6697,0.318088,0.201718,0.948996,0.968499,-0.544447,-0.76626,-0.43213,0.0408249,-0.157577,-0.698683,-0.596583,0.72974,-0.816057,-0.775551,0.915056,-0.159029,-0.86609,0.910843,0.255373,-0.389224,0.363957,-0.28987,-0.0435977,0.0968329,0.438549,-0.702481;38877.7,98771.6,-1709.57,138297
262;-0.562315,-0.247893,-0.598993,0.500833,0.347689,0.197306,0.950711,0.96309,-0.336926,-0.744957,-0.467898,0.382942,-0.181207,-0.485127,-0.422516,0.545414,-0.831835,-0.564913,0.924576,0.1722,-0.609363,0.923005,-0.12486,-0.691251,0.254176,-0.54479,-0.217045,0.29178,0.101833,-0.64676;10733.8,134078,820.122,128404
263;-0.633254,-0.201246,0.0469921,0.546637,0.72024,0.665671,0.701537,0.67926,-0.688209,-0.465144,0.0113262,-0.410225,-0.56854,-0.531299,-0.60318,0.134131,-0.562717,-0.517234,0.242374,0.593144,-0.0964096,0.67851,0.456778,-0.843889,0.0160864,-0.160107,-0.760137,0.212664,-0.267722,-0.0150262;34516.6,6252.91,-25429.2,53986.9
264;-0.592552,0.181745,0.0319698,0.867564,0.429997,0.522117,0.885321,0.903898,-0.544817,-0.588711,-0.452516,-0.395128,-0.0468837,-0.631628,-0.840936,0.766513,-0.518657,-0.638408,0.64366,0.025799,-0.744154,0.856615,0.580273,-0.383857,0.421895,-0.281595,-0.239254,-0.30096,0.453106,-0.302049;53647.2,16993.3,-10687.9,106147
265;-0.717879,0.0370533,-0.00619627,0.787141,0.371536,0.52048,0.887397,0.934932,-0.38441,-0.556789,0.168506,-0.15543,-0.0815909,-0.607193,-0.793022,0.0900596,-0.601238,-0.117139,0.766681,0.107117,-0.660283,0.746297,0.0930989,-0.649214,0.308492,-0.248569,-0.441262,-0.262096,0.549636,-0.293058;5712.5,48800,-20348.4,110488
266;-0.478857,-0.301972,-0.202443,0.502456,0.433496,-0.140501,0.891403,0.975637,-0.392254,-0.759736,0.545237,0.411094,0.163002,-0.253822,-0.0931997,0.521522,-0.769209,-0.728513,0.813193,0.190406,-0.514366,0.841965,-0.239694,-0.661654,-0.160581,-0.827266,-0.108445,0.185279,-0.156302,-0.430476;-1235.75,128912,-5936.73,139366
267;-0.381228,0.167337,-0.404881,0.611783,0.489193,-0.153412,0.891294,0.980199,-0.144192,-0.756071,-0.0433427,0.315388,-0.0113864,0.063906,-0.104861,0.804613,-0.635587,-0.612476,0.81433,0.225327,-0.283191,0.888235,0.545,-0.537,-0.314364,-0.919202,-0.213301,0.314716,-0.496396,-0.487737;18307.3,131140,-3050.31,140098
268;-0.398644,0.153231,-0.478507,0.579974,0.372407,-0.158671,0.894688,0.994634,-0.291308,-0.755657,-0.454831,0.248104,0.0219865,0.122596,-0.0206078,0.901521,-0.806545,-0.718116,0.859684,0.0465024,-0.164641,0.879478,0.620879,-0.484877,-0.474131,-0.899463,-0.138897,0.527161,-0.485549,-0.462651;13549.3,152621,12032.3,139964
269;-0.629325,0.52927,-0.185889,0.790033,0.392719,0.512631,0.89098,0.966522,-0.242141,-0.543402,-0.741956,-0.145559,-0.104319,-0.278876,-0.741262,0.780073,-0.556349,-0.208601,0.751785,0.213015,-0.244069,0.83696,0.538033,-0.428024,0.0185049,-0.583041,-0.465365,-0.0327973,0.07253,-0.231933;19260.6,54944,-6019.84,100986
270;-0.533508,-0.354506,-0.420253,0.501557,0.147312,0.211046,0.952636,0.97483,-0.349069,-0.745143,-0.383275,0.3718,-0.020149,-0.615336,-0.346856,0.767057,-0.883221,-0.62659,0.903238,-0.130187,-0.540561,0.89307,-0.209031,-0.548813,0.109653,-0.600305,-0.239285,0.260501,0.0957267,-0.615875;1007.63,124815,1813.63,125686
271;-0.551256,-0.0889997,-0.491375,0.427984,0.3089,0.205986,0.951963,0.927697,-0.193608,-0.74436,-0.487818,0.535007,-0.139468,-0.500741,-0.329388,0.728883,-0.820569,-0.591469,0.879641,0.176346,-0.383054,0.937463,-0.122665,-0.62148,0.285953,-0.711551,-0.27392,0.23058,-0.205915,-0.614197;3715.67,129385,-2857.88,119542
272;-0.658274,-0.144779,0.0366375,0.521307,0.691984,0.665331,0.706419,0.711032,-0.65782,-0.470991,-0.0302269,-0.382152,-0.573688,-0.545292,-0.563951,0.257527,-0.589066,-0.506662,0.204578,0.5508,0.0661421,0.70804,0.572679,-0.842253,-0.00394449,-0.282079,-0.767792,0.256425,-0.382946,-0.0158917;31503.2,6027.84,-29106.1,54535.3
273;-0.456298,-0.310128,0.136182,0.656024,0.728707,0.668611,0.690364,0.776573,-0.8017,-0.505882,-0.152548,-0.625399,-0.557093,-0.718657,-0.738531,0.618242,-0.50315,-0.699266,0.181127,0.356797,-0.651777,0.636,0.73993,-0.657911,0.104294,0.149194,-0.677043,-0.13156,0.177871,-0.151873;87060.7,-31861.3,-11870.1,68322.3
274;-0.372065,-0.342927,-0.544333,0.668811,0.317835,0.2019,0.949012,0.969765,-0.537307,-0.762487,-0.41922,0.0417075,-0.159903,-0.701006,-0.597771,0.735252,-0.82246,-0.77218,0.912155,-0.161226,-0.860636,0.914344,0.272165,-0.378162,0.357879,-0.289045,-0.0445183,0.106519,0.426656,-0.710085;39161.5,98641,-2940.34,138551
275;-0.562437,-0.248806,-0.597532,0.499049,0.347697,0.197435,0.950757,0.96415,-0.33793,-0.744838,-0.470799,0.383608,-0.180269,-0.485425,-0.420396,0.555275,-0.829019,-0.564428,0.924203,0.176032,-0.604748,0.923295,-0.122362,-0.689091,0.251396,-0.538765,-0.216068,0.300758,0.101172,-0.647395;10664.8,133781,582.427,128339
276;-0.632698,-0.19996,0.0471061,0.546411,0.719866,0.665675,0.701503,0.680843,-0.68752,-0.464968,0.0113339,-0.410222,-0.568446,-0.531454,-0.603446,0.143345,-0.563412,-0.515516,0.241156,0.591364,-0.0971162,0.679291,0.457772,-0.84347,0.0154167,-0.159956,-0.760311,0.212395,-0.26794,-0.0154833;34756.7,5955.32,-25417.2,53969.9
277;-0.452844,-0.330614,0.112564,0.677827,0.728877,0.66783,0.689312,0.733963,-0.804053,-0.510619,-0.0694451,-0.644233,-0.558847,-0.722675,-0.744904,0.56461,-0.500792,-0.690959,0.217186,0.352995,-0.678082,0.618719,0.728015,-0.672141,0.0971857,0.173956,-0.678291,-0.12894,0.199037,-0.13987;86111.3,-29780.7,-13731.6,65344.1
278;-0.369631,-0.346175,-0.546608,0.669772,0.317742,0.201717,0.948997,0.968461,-0.544225,-0.766235,-0.43245,0.0408055,-0.157574,-0.698609,-0.596558,0.730224,-0.815946,-0.775343,0.915031,-0.159857,-0.866087,0.910869,0.255553,-0.389285,0.363813,-0.289461,-0.0437471,0.0971718,0.438464,-0.702425;38865,98764.4,-1692.02,138284
279;-0.562327,-0.247877,-0.598997,0.500586,0.347579,0.197306,0.950712,0.963082,-0.336949,-0.744961,-0.467965,0.383217,-0.181149,-0.485125,-0.42239,0.545699,-0.831906,-0.564994,0.924584,0.172086,-0.609281,0.922995,-0.125376,-0.69121,0.254167,-0.544802,-0.217047,0.291618,0.101803,-0.64674;10721.8,134086,835.904,128392
280;-0.63325,-0.201165,0.0470031,0.546615,0.720258,0.665672,0.701536,0.679045,-0.688138,-0.465145,0.0113987,-0.410138,-0.568556,-0.531296,-0.603172,0.133977,-0.56275,-0.517174,0.242209,0.593184,-0.0963004,0.678624,0.456774,-0.843889,0.0160711,-0.160303,-0.760148,0.212545,-0.267918,-0.0150225;34511.8,6249.7,-25428.1,53972.7
281;-0.452869,-0.330465,0.113075,0.678084,0.728856,0.667847,0.68929,0.733698,-0.804106,-0.5109,-0.0696793,-0.644378,-0.559175,-0.722649,-0.745008,0.564861,-0.501785,-0.690991,0.216889,0.352458,-0.678635,0.618631,0.728946,-0.672568,0.0973085,0.173382,-0.678265,-0.129338,0.198999,-0.139491;86181.7,-29775.4,-13674.8,65335.2
282;-0.369638,-0.346225,-0.546592,0.669695,0.318121,0.201719,0.948996,0.968501,-0.544444,-0.766258,-0.43217,0.0408325,-0.157583,-0.698682,-0.596583,0.729748,-0.816063,-0.775537,0.915056,-0.158959,-0.866085,0.910841,0.255417,-0.389219,0.363943,-0.289839,-0.0436029,0.0968685,0.438556,-0.702483;38879.9,98772.3,-1709.39,138297
283;-0.562313,-0.247893,-0.598993,0.50085,0.34769,0.197306,0.950711,0.963095,-0.336927,-0.744957,-0.467888,0.382917,-0.181203,-0.485129,-0.42252,0.545431,-0.831843,-0.564916,0.924575,0.172207,-0.609358,0.923006,-0.124838,-0.691248,0.254174,-0.544791,-0.217043,0.291809,0.101826,-0.64676;10734,134077,818.423,128404
284;-0.633254,-0.201249,0.0469903,0.546636,0.720242,0.665671,0.701537,0.679266,-0.688212,-0.465143,0.0113104,-0.410226,-0.568541,-0.531299,-0.603181,0.134154,-0.562711,-0.51723,0.242386,0.593148,-0.0964192,0.678501,0.456785,-0.843889,0.0160855,-0.160091,-0.760138,0.212663,-0.267703,-0.0150272;34517.8,6252.77,-25428.6,53986.9
285;-0.452858,-0.330468,0.113079,0.678075,0.728861,0.667847,0.689288,0.733679,-0.804106,-0.510866,-0.0696164,-0.644369,-0.559186,-0.72265,-0.745013,0.564866,-0.501701,-0.690968,0.2169,0.352458,-0.678659,0.618616,0.728907,-0.672616,0.0973099,0.173443,-0.678269,-0.129399,0.199067,-0.139423;86181.9,-29782.7,-13673.5,65332.3
286;-0.369638,-0.346227,-0.546599,0.6697,0.31809,0.201718,0.948996,0.968499,-0.544446,-0.76626,-0.432131,0.0408256,-0.157577,-0.698683,-0.596583,0.729739,-0.816054,-0.775551,0.915056,-0.159024,-0.866089,0.910843,0.255371,-0.389224,0.363958,-0.289873,-0.0435981,0.0968288,0.43855,-0.702481;38877.7,98771.4,-1709.56,138297
287;-0.562315,-0.247893,-0.598993,0.500834,0.347688,0.197306,0.950711,0.96309,-0.336925,-0.744957,-0.467898,0.382941,-0.181207,-0.485127,-0.422516,0.545412,-0.831836,-0.564913,0.924576,0.172198,-0.609363,0.923005,-0.124858,-0.691251,0.254176,-0.54479,-0.217045,0.291782,0.101832,-0.64676;10733.7,134078,820.061,128404
288;-0.633254,-0.201246,0.0469923,0.546637,0.72024,0.665671,0.701537,0.67926,-0.688209,-0.465144,0.0113251,-0.410224,-0.56854,-0.531299,-0.60318,0.134132,-0.562717,-0.517234,0.242374,0.593144,-0.0964101,0.67851,0.456778,-0.843889,0.0160864,-0.160106,-0.760137,0.212663,-0.267721,-0.0150262;34516.7,6252.93,-25429.1,53986.9
289;-0.452859,-0.330467,0.113079,0.678075,0.728862,0.667847,0.689288,0.733676,-0.804106,-0.510867,-0.0696238,-0.644368,-0.559187,-0.72265,-0.745013,0.56487,-0.501697,-0.690968,0.2169,0.35246,-0.678657,0.618616,0.728912,-0.672613,0.0973101,0.173441,-0.678269,-0.1294,0.199065,-0.139428;86182.2,-29782.9,-13673.6,65332.1
290;-0.369638,-0.346227,-0.546598,0.6697,0.318088,0.201718,0.948996,0.968499,-0.544447,-0.76626,-0.43213,0.0408248,-0.157577,-0.698683,-0.596583,0.72974,-0.816057,-0.775551,0.915056,-0.159028,-0.86609,0.910843,0.255373,-0.389224,0.363957,-0.28987,-0.0435977,0.0968329,0.438549,-0.702481;38877.7,98771.6,-1709.57,138297
291;-0.562315,-0.247893,-0.598993,0.500833,0.347689,0.197306,0.950711,0.96309,-0.336926,-0.744957,-0.467898,0.382942,-0.181207,-0.485127,-0.422516,0.545414,-0.831836,-0.564913,0.924576,0.1722,-0.609363,0.923005,-0.12486,-0.691251,0.254176,-0.54479,-0.217045,0.29178,0.101833,-0.64676;10733.8,134078,820.122,128404
292;-0.633254,-0.201246,0.0469921,0.546637,0.72024,0.665671,0.701537,0.67926,-0.688209,-0.465144,0.0113262,-0.410225,-0.56854,-0.531299,-0.60318,0.134131,-0.562717,-0.517234,0.242374,0.593144,-0.0964096,0.67851,0.456778,-0.843889,0.0160864,-0.160106,-0.760137,0.212664,-0.267722,-0.0150262;34516.6,6252.91,-25429.2,53986.9
293;-0.452859,-0.330468,0.113079,0.678075,0.728862,0.667847,0.689288,0.733676,-0.804106,-0.510867,-0.0696248,-0.644368,-0.559187,-0.72265,-0.745013,0.56487,-0.501696,-0.690968,0.2169,0.35246,-0.678657,0.618615,0.728912,-0.672613,0.0973101,0.173441,-0.678269,-0.1294,0.199066,-0.139428;86182.3,-29782.9,-13673.6,65332.1
294;-0.369638,-0.346227,-0.546598,0.6697,0.318088,0.201718,0.948996,0.968499,-0.544447,-0.76626,-0.43213,0.0408249,-0.157577,-0.698683,-0.596583,0.72974,-0.816057,-0.775551,0.915056,-0.159029,-0.86609,0.910843,0.255373,-0.389224,0.363957,-0.28987,-0.0435977,0.0968329,0.438549,-0.702481;38877.7,98771.6,-1709.57,138297
295;-0.562315,-0.247893,-0.598993,0.500833,0.347689,0.197306,0.950711,0.96309,-0.336926,-0.744957,-0.467898,0.382942,-0.181207,-0.485127,-0.422516,0.545414,-0.831835,-0.564913,0.924576,0.1722,-0.609363,0.923005,-0.12486,-0.691251,0.254176,-0.54479,-0.217045,0.29178,0.101833,-0.64676;10733.8,134078,820.123,128404
296;-0.633254,-0.201246,0.0469921,0.546637,0.72024,0.665671,0.701537,0.67926,-0.688209,-0.465144,0.0113262,-0.410225,-0.56854,-0.531299,-0.60318,0.134131,-0.562717,-0.517234,0.242374,0.593144,-0.0964096,0.67851,0.456778,-0.843889,0.0160864,-0.160107,-0.760137,0.212664,-0.267722,-0.0150262;34516.6,6252.91,-25429.2,53986.9
297;-0.592552,0.181745,0.0319698,0.867564,0.429997,0.522117,0.885321,0.903898,-0.544817,-0.588711,-0.452516,-0.395128,-0.0468837,-0.631628,-0.840936,0.766513,-0.518657,-0.638408,0.64366,0.025799,-0.744154,0.856615,0.580273,-0.383857,0.421895,-0.281595,-0.239254,-0.30096,0.453106,-0.30205;53647.2,16993.3,-10687.9,106147
298;-0.659308,0.119713,0.152269,0.773079,0.562436,0.213091,0.756649,0.972444,-0.43898,-0.575112,0.623236,-0.148774,0.0763912,-0.185671,-0.64205,0.143612,-0.70201,-0.26549,0.624811,0.298604,-0.567816,0.64711,0.38745,-0.670792,-0.181205,-0.658776,-0.317299,-0.263159,0.306627,-0.0433901;25020.1,62500,-10551.3,123997
299;-0.640255,0.0891782,0.215595,0.591853,0.54051,-0.201573,0.809153,0.984799,0.14508,-0.914592,0.665196,-0.214412,0.401993,0.309038,-0.608526,0.520582,-0.525965,-0.671351,0.684676,-0.0731572,-0.817718,0.911635,0.174629,-0.677573,-0.701962,-0.936749,-0.594999,-0.133345,-0.496457,-0.474585;35156.2,106440,13529.7,108783
