0;100;60
1;110;60
2;120;60
3;130;60
4;140;60
5;150;60
6;160;60
7;170;60
8;180;60
9;180;60
10;187.071;67.0711
11;187.071;67.0711
12;187.071;77.0711
13;187.071;87.0711
14;187.071;97.0711
15;187.071;107.071
16;187.071;107.071
17;187.071;107.071
18;187.071;107.071
19;177.071;107.071
20;167.071;107.071
21;157.071;107.071
22;147.071;107.071
23;137.071;107.071
24;127.071;107.071
25;117.071;107.071
26;107.071;107.071
27;97.0711;107.071
28;87.0711;107.071
29;77.0711;107.071
30;67.0711;107.071
31;57.0711;107.071
32;47.0711;107.071
33;37.0711;107.071
34;27.0711;107.071
35;17.0711;107.071
36;17.0711;107.071
37;17.0711;107.071
38;17.0711;107.071
39;17.0711;97.0711
40;17.0711;97.0711
41;17.0711;97.0711
42;17.0711;107.071
43;17.0711;107.071
44;17.0711;107.071
45;17.0711;107.071
46;17.0711;107.071
47;17.0711;107.071
48;17.0711;97.0711
49;17.0711;97.0711
50;17.0711;97.0711
51;17.0711;107.071
52;17.0711;107.071
53;17.0711;107.071
54;17.0711;107.071
55;17.0711;107.071
56;17.0711;107.071
57;17.0711;97.0711
58;17.0711;97.0711
59;17.0711;97.0711
60;17.0711;107.071
61;17.0711;107.071
62;17.0711;107.071
63;17.0711;107.071
64;17.0711;107.071
65;17.0711;107.071
66;17.0711;97.0711
67;17.0711;97.0711
68;17.0711;97.0711
69;17.0711;107.071
70;17.0711;107.071
71;17.0711;107.071
72;17.0711;107.071
73;17.0711;107.071
74;17.0711;107.071
75;17.0711;97.0711
76;17.0711;97.0711
77;17.0711;97.0711
78;17.0711;107.071
79;17.0711;107.071
80;17.0711;107.071
81;17.0711;107.071
82;17.0711;107.071
83;17.0711;107.071
84;17.0711;97.0711
85;17.0711;97.0711
86;17.0711;97.0711
87;17.0711;107.071
88;17.0711;107.071
89;17.0711;107.071
90;17.0711;107.071
91;17.0711;107.071
92;17.0711;107.071
93;17.0711;97.0711
94;17.0711;97.0711
95;17.0711;97.0711
96;17.0711;107.071
97;17.0711;107.071
98;17.0711;107.071
99;17.0711;107.071
100;17.0711;107.071
101;17.0711;107.071
102;17.0711;97.0711
103;17.0711;97.0711
104;17.0711;97.0711
105;17.0711;107.071
106;17.0711;107.071
107;17.0711;107.071
108;17.0711;107.071
109;17.0711;107.071
110;17.0711;107.071
111;17.0711;97.0711
112;17.0711;97.0711
113;17.0711;97.0711
114;17.0711;107.071
115;17.0711;107.071
116;17.0711;107.071
117;17.0711;107.071
118;17.0711;107.071
119;17.0711;107.071
120;17.0711;97.0711
121;17.0711;97.0711
122;17.0711;97.0711
123;17.0711;107.071
124;17.0711;107.071
125;17.0711;107.071
126;17.0711;107.071
127;17.0711;107.071
128;17.0711;107.071
129;17.0711;97.0711
130;17.0711;97.0711
131;17.0711;97.0711
132;17.0711;107.071
133;17.0711;107.071
134;17.0711;107.071
135;17.0711;107.071
136;17.0711;107.071
137;17.0711;107.071
138;17.0711;97.0711
139;17.0711;97.0711
140;17.0711;97.0711
141;17.0711;107.071
142;17.0711;107.071
143;17.0711;107.071
144;17.0711;107.071
145;17.0711;107.071
146;17.0711;107.071
147;17.0711;97.0711
148;17.0711;97.0711
149;17.0711;97.0711
150;17.0711;107.071
151;17.0711;107.071
152;17.0711;107.071
153;17.0711;107.071
154;17.0711;107.071
155;17.0711;107.071
156;17.0711;97.0711
157;17.0711;97.0711
158;17.0711;97.0711
159;17.0711;107.071
160;17.0711;107.071
161;17.0711;107.071
162;17.0711;107.071
163;17.0711;107.071
164;17.0711;107.071
165;17.0711;97.0711
166;17.0711;97.0711
167;17.0711;97.0711
168;17.0711;107.071
169;17.0711;107.071
170;17.0711;107.071
171;17.0711;107.071
172;17.0711;107.071
173;17.0711;107.071
174;17.0711;97.0711
175;17.0711;97.0711
176;17.0711;97.0711
177;17.0711;107.071
178;17.0711;107.071
179;17.0711;107.071
180;17.0711;107.071
181;17.0711;107.071
182;17.0711;107.071
183;17.0711;97.0711
184;17.0711;97.0711
185;17.0711;97.0711
186;17.0711;107.071
187;17.0711;107.071
188;17.0711;107.071
189;17.0711;107.071
190;17.0711;107.071
191;17.0711;107.071
192;17.0711;97.0711
193;17.0711;97.0711
194;17.0711;97.0711
195;17.0711;107.071
196;17.0711;107.071
197;17.0711;107.071
198;17.0711;107.071
199;17.0711;107.071
200;17.0711;107.071
201;17.0711;97.0711
202;17.0711;97.0711
203;17.0711;97.0711
204;17.0711;107.071
205;17.0711;107.071
206;17.0711;107.071
207;17.0711;107.071
208;17.0711;107.071
209;17.0711;107.071
210;17.0711;97.0711
211;17.0711;97.0711
212;17.0711;97.0711
213;17.0711;107.071
214;17.0711;107.071
215;17.0711;107.071
216;17.0711;107.071
217;17.0711;107.071
218;17.0711;107.071
219;17.0711;97.0711
220;17.0711;97.0711
221;17.0711;97.0711
222;17.0711;107.071
223;17.0711;107.071
224;17.0711;107.071
225;17.0711;107.071
226;17.0711;107.071
227;17.0711;107.071
228;17.0711;97.0711
229;17.0711;97.0711
230;17.0711;97.0711
231;17.0711;107.071
232;17.0711;107.071
233;17.0711;107.071
234;17.0711;107.071
235;17.0711;107.071
236;17.0711;107.071
237;17.0711;97.0711
238;17.0711;97.0711
239;17.0711;97.0711
240;17.0711;107.071
241;17.0711;107.071
242;17.0711;107.071
243;17.0711;107.071
244;17.0711;107.071
245;17.0711;107.071
246;17.0711;97.0711
247;17.0711;97.0711
248;17.0711;97.0711
249;17.0711;107.071
250;17.0711;107.071
251;17.0711;107.071
252;17.0711;107.071
253;17.0711;107.071
254;17.0711;107.071
255;17.0711;97.0711
256;17.0711;97.0711
257;17.0711;97.0711
258;17.0711;107.071
259;17.0711;107.071
260;17.0711;107.071
261;17.0711;107.071
262;17.0711;107.071
263;17.0711;107.071
264;17.0711;97.0711
265;17.0711;97.0711
266;17.0711;97.0711
267;17.0711;107.071
268;17.0711;107.071
269;17.0711;107.071
270;17.0711;107.071
271;17.0711;107.071
272;17.0711;107.071
273;17.0711;97.0711
274;17.0711;97.0711
275;17.0711;97.0711
276;17.0711;107.071
277;17.0711;107.071
278;17.0711;107.071
279;17.0711;107.071
280;17.0711;107.071
281;17.0711;107.071
282;17.0711;97.0711
283;17.0711;97.0711
284;17.0711;97.0711
285;17.0711;107.071
286;17.0711;107.071
287;17.0711;107.071
288;17.0711;107.071
289;17.0711;107.071
290;17.0711;107.071
291;17.0711;97.0711
292;17.0711;97.0711
293;17.0711;97.0711
294;17.0711;107.071
295;17.0711;107.071
296;17.0711;107.071
297;17.0711;107.071
298;17.0711;107.071
299;17.0711;107.071
300;17.0711;97.0711
