0;100;60
1;110;60
2;120;60
3;130;60
4;140;60
5;150;60
6;160;60
7;170;60
8;170;60
9;170;70
10;170;80
11;170;90
12;170;100
13;170;100
14;170;100
15;177.071;107.071
16;177.071;107.071
17;177.071;107.071
18;187.071;107.071
19;187.071;107.071
20;187.071;107.071
21;187.071;107.071
22;187.071;107.071
23;187.071;97.0711
24;187.071;87.0711
25;187.071;77.0711
26;187.071;67.0711
27;187.071;57.0711
28;187.071;47.0711
29;187.071;37.0711
30;187.071;27.0711
31;187.071;17.0711
32;187.071;17.0711
33;187.071;17.0711
34;180;10
35;180;10
36;180;10
37;180;10
38;187.071;17.0711
39;187.071;17.0711
40;187.071;17.0711
41;187.071;17.0711
42;187.071;17.0711
43;187.071;17.0711
44;187.071;17.0711
45;187.071;17.0711
46;187.071;17.0711
47;180;10
48;180;10
49;180;10
50;180;10
51;187.071;17.0711
52;187.071;17.0711
53;187.071;17.0711
54;187.071;17.0711
55;187.071;17.0711
56;187.071;17.0711
57;187.071;17.0711
58;187.071;17.0711
59;187.071;17.0711
60;180;10
61;180;10
62;180;10
63;180;10
64;187.071;17.0711
65;187.071;17.0711
66;187.071;17.0711
67;187.071;17.0711
68;187.071;17.0711
69;187.071;17.0711
70;187.071;17.0711
71;187.071;17.0711
72;187.071;17.0711
73;180;10
74;180;10
75;180;10
76;180;10
77;187.071;17.0711
78;187.071;17.0711
79;187.071;17.0711
80;187.071;17.0711
81;187.071;17.0711
82;187.071;17.0711
83;187.071;17.0711
84;187.071;17.0711
85;187.071;17.0711
86;180;10
87;180;10
88;180;10
89;180;10
90;187.071;17.0711
91;187.071;17.0711
92;187.071;17.0711
93;187.071;17.0711
94;187.071;17.0711
95;187.071;17.0711
96;187.071;17.0711
97;187.071;17.0711
98;187.071;17.0711
99;180;10
100;180;10
101;180;10
102;180;10
103;187.071;17.0711
104;187.071;17.0711
105;187.071;17.0711
106;187.071;17.0711
107;187.071;17.0711
108;187.071;17.0711
109;187.071;17.0711
110;187.071;17.0711
111;187.071;17.0711
112;180;10
113;180;10
114;180;10
115;180;10
116;187.071;17.0711
117;187.071;17.0711
118;187.071;17.0711
119;187.071;17.0711
120;187.071;17.0711
121;187.071;17.0711
122;187.071;17.0711
123;187.071;17.0711
124;187.071;17.0711
125;180;10
126;180;10
127;180;10
128;180;10
129;187.071;17.0711
130;187.071;17.0711
131;187.071;17.0711
132;187.071;17.0711
133;187.071;17.0711
134;187.071;17.0711
135;187.071;17.0711
136;187.071;17.0711
137;187.071;17.0711
138;180;10
139;180;10
140;180;10
141;180;10
142;187.071;17.0711
143;187.071;17.0711
144;187.071;17.0711
145;187.071;17.0711
146;187.071;17.0711
147;187.071;17.0711
148;187.071;17.0711
149;187.071;17.0711
150;187.071;17.0711
151;180;10
152;180;10
153;180;10
154;180;10
155;187.071;17.0711
156;187.071;17.0711
157;187.071;17.0711
158;187.071;17.0711
159;187.071;17.0711
160;187.071;17.0711
161;187.071;17.0711
162;187.071;17.0711
163;187.071;17.0711
164;180;10
165;180;10
166;180;10
167;180;10
168;187.071;17.0711
169;187.071;17.0711
170;187.071;17.0711
171;187.071;17.0711
172;187.071;17.0711
173;187.071;17.0711
174;187.071;17.0711
175;187.071;17.0711
176;187.071;17.0711
177;180;10
178;180;10
179;180;10
180;180;10
181;187.071;17.0711
182;187.071;17.0711
183;187.071;17.0711
184;187.071;17.0711
185;187.071;17.0711
186;187.071;17.0711
187;187.071;17.0711
188;187.071;17.0711
189;187.071;17.0711
190;180;10
191;180;10
192;180;10
193;180;10
194;187.071;17.0711
195;187.071;17.0711
196;187.071;17.0711
197;187.071;17.0711
198;187.071;17.0711
199;187.071;17.0711
200;187.071;17.0711
201;187.071;17.0711
202;187.071;17.0711
203;180;10
204;180;10
205;180;10
206;180;10
207;187.071;17.0711
208;187.071;17.0711
209;187.071;17.0711
210;187.071;17.0711
211;187.071;17.0711
212;187.071;17.0711
213;187.071;17.0711
214;187.071;17.0711
215;187.071;17.0711
216;180;10
217;180;10
218;180;10
219;180;10
220;187.071;17.0711
221;187.071;17.0711
222;187.071;17.0711
223;187.071;17.0711
224;187.071;17.0711
225;187.071;17.0711
226;187.071;17.0711
227;187.071;17.0711
228;187.071;17.0711
229;180;10
230;180;10
231;180;10
232;180;10
233;187.071;17.0711
234;187.071;17.0711
235;187.071;17.0711
236;187.071;17.0711
237;187.071;17.0711
238;187.071;17.0711
239;187.071;17.0711
240;187.071;17.0711
241;187.071;17.0711
242;180;10
243;180;10
244;180;10
245;180;10
246;187.071;17.0711
247;187.071;17.0711
248;187.071;17.0711
249;187.071;17.0711
250;187.071;17.0711
251;187.071;17.0711
252;187.071;17.0711
253;187.071;17.0711
254;187.071;17.0711
255;180;10
256;180;10
257;180;10
258;180;10
259;187.071;17.0711
260;187.071;17.0711
261;187.071;17.0711
262;187.071;17.0711
263;187.071;17.0711
264;187.071;17.0711
265;187.071;17.0711
266;187.071;17.0711
267;187.071;17.0711
268;180;10
269;180;10
270;180;10
271;180;10
272;187.071;17.0711
273;187.071;17.0711
274;187.071;17.0711
275;187.071;17.0711
276;187.071;17.0711
277;187.071;17.0711
278;187.071;17.0711
279;187.071;17.0711
280;187.071;17.0711
281;180;10
282;180;10
283;180;10
284;180;10
285;187.071;17.0711
286;187.071;17.0711
287;187.071;17.0711
288;187.071;17.0711
289;187.071;17.0711
290;187.071;17.0711
291;187.071;17.0711
292;187.071;17.0711
293;187.071;17.0711
294;180;10
295;180;10
296;180;10
297;180;10
298;187.071;17.0711
299;187.071;17.0711
300;187.071;17.0711
