0.100
0.107
0.130
0.113
0.173
0.123
0.263
0.143
0.250
0.247
0.180
0.193
0.237
0.210
0.277
0.227
0.190
0.227
0.250
0.240
0.293
0.227
0.260
0.263
0.267
0.230
0.273
0.253
0.280
0.267
0.267
0.267
0.283
0.237
0.250
0.260
0.297
0.243
0.277
0.260
0.277
0.260
0.250
0.253
0.277
0.260
0.270
0.290
0.277
0.250
0.287
0.277
0.307
0.320
0.347
0.333
0.287
0.293
0.287
0.300
0.280
0.290
0.313
0.317
0.320
0.323
0.313
0.347
0.303
0.293
0.300
0.337
0.317
0.323
0.287
0.333
0.313
0.310
0.353
0.300
0.290
0.297
0.320
0.323
0.340
0.300
0.313
0.313
0.357
0.327
0.280
0.317
0.327
0.317
0.283
0.313
0.293
0.330
0.327
0.293
0.290
0.323
0.300
0.317
0.300
0.297
0.323
0.317
0.310
0.307
0.337
0.317
0.307
0.320
0.340
0.290
0.300
0.303
0.290
0.300
0.330
0.290
0.293
0.290
0.307
0.337
0.287
0.300
0.367
0.313
0.327
0.330
0.300
0.310
0.307
0.330
0.310
0.313
0.337
0.317
0.303
0.313
0.323
0.337
0.327
0.283
0.330
0.313
0.313
0.333
0.347
0.307
0.290
0.333
0.317
0.370
0.303
0.310
0.300
0.310
0.300
0.310
0.317
0.310
0.313
0.303
0.293
0.340
0.310
0.310
0.313
0.330
0.333
0.307
0.313
0.340
0.323
0.347
0.330
0.340
0.313
0.297
0.320
0.337
0.300
0.323
0.320
0.350
0.280
0.323
0.297
0.333
0.317
0.333
0.323
0.323
0.307
0.323
0.357
0.293
0.330
0.320
0.337
0.303
0.323
0.303
0.297
0.307
0.300
0.297
0.283
0.317
0.300
0.347
0.297
0.303
0.300
0.297
0.310
0.333
0.310
0.310
0.300
0.330
0.297
0.317
0.323
0.323
0.367
0.317
0.297
0.297
0.333
0.330
0.310
0.297
0.300
0.317
0.307
0.370
0.300
0.327
0.310
0.317
0.297
0.313
0.353
0.303
0.313
0.337
0.313
0.333
0.330
0.320
0.310
0.320
0.330
0.337
0.327
0.310
0.307
0.357
0.320
0.327
0.303
0.323
0.330
0.300
0.307
0.333
0.327
0.317
0.323
0.310
0.320
0.310
0.303
0.330
0.287
0.307
0.327
0.303
0.293
0.323
0.293
0.313
0.280
0.360
0.323
0.327
0.293
0.287
0.337
0.287
0.290
0.313
0.303
0.303
0.300
0.323
0.303
0.370
0.300
0.297
0.317
0.290
0.327
0.313
0.313
0.293
0.327
0.323
0.310
0.317
0.327
0.320
0.333
0.323
0.327
0.343
0.343
0.327
0.320
0.317
0.313
0.333
0.313
0.310
0.310
0.307
0.313
0.313
0.320
0.307
0.303
0.317
0.327
0.317
0.327
0.297
0.293
0.323
0.327
0.293
0.350
0.317
0.313
0.357
0.360
0.327
0.353
0.327
0.317
0.317
0.313
0.327
0.337
0.317
0.347
0.370
0.320
0.283
0.310
0.337
0.320
0.297
0.323
0.307
0.320
0.297
0.350
0.320
0.303
0.347
0.300
0.317
0.357
0.287
0.307
0.357
0.333
0.323
0.337
0.307
0.343
0.343
0.320
0.303
0.337
0.313
0.303
0.307
0.323
0.317
0.320
0.320
0.313
0.327
0.307
0.357
0.300
0.310
0.323
0.317
0.290
0.317
0.323
0.340
0.320
0.313
0.317
0.297
0.307
0.283
0.303
0.370
0.337
0.323
0.347
0.320
0.320
0.320
0.310
0.320
0.300
0.317
0.317
0.317
0.337
0.317
0.297
0.327
0.300
0.300
0.313
0.313
0.307
0.317
0.293
0.277
0.300
0.300
0.303
0.303
0.327
0.290
0.287
0.323
0.300
0.310
0.313
0.317
0.330
0.323
0.303
0.350
0.347
0.340
0.357
0.347
0.313
0.320
0.307
0.330
0.310
0.337
0.290
0.320
0.320
0.360
0.323
0.287
0.317
0.297
0.307
0.300
0.290
0.327
0.313
0.310
0.303
0.313
0.303
0.263
0.313
0.307
0.323
0.297
0.307
0.347
0.320
0.333
0.310
0.297
0.330
0.327
0.297
0.300
0.307
0.313
