Passo;Reservat rio (Ativa  es);Sa da (Ativa  es)
0;0.205718,-0.41064,0.268156,0.0709937,0.441228,-0.408582,-0.270003,-0.316734,-0.430472,0.349533,0.225578,-0.00433477,-0.174345,-0.251225,0.119843,-0.224108,0.00375298,0.0985346,0.267813,0.167237,-0.261004,-0.00846021,-0.303849,-0.333559,0.440837;0.863562,2.19588,-4.48335,3.71056
1;-0.216161,-0.636949,0.45482,-0.47893,0.418003,-0.408582,0.05474,-0.285949,-0.748377,-0.0135107,0.388533,0.321128,-0.271803,0.374886,0.00172357,0.0675567,-0.0776158,0.639447,0.499107,-0.464096,-0.0869822,-0.00936269,-0.25303,0.188592,-0.0214111;-2.75976,0.619264,-7.21637,7.23294
2;-0.697187,-0.626951,0.460683,-0.382827,0.448116,-0.408582,0.278272,-0.257701,-0.683076,0.334427,0.0397922,0.426079,-0.145319,0.369155,0.0136854,0.0363472,-0.360879,0.651905,0.624486,-0.0119465,-0.337935,0.0372367,0.106339,0.64064,-0.3192;0.290033,-1.72989,-6.95451,5.57938
3;-0.649248,-0.639886,0.433505,0.200196,0.44494,-0.408582,0.233574,-0.255704,-0.690268,0.548277,-0.36475,0.600834,-0.0286354,0.584958,0.160069,-0.601242,-0.368361,0.403536,0.600033,0.229044,-0.42061,0.0334569,0.162778,0.448553,-0.312324;0.118872,0.367761,-4.82703,4.32856
4;-0.388328,-0.651506,0.636069,0.258344,0.377666,-0.408582,0.251444,-0.266287,-0.767832,0.535662,-0.327728,0.616603,-0.0446632,0.613701,0.26464,-0.703089,-0.1269,0.400095,0.57773,0.0288957,-0.305314,-0.00304174,0.011615,0.414438,-0.227349;-1.47969,1.14666,-3.647,5.23981
5;-0.375227,-0.649927,0.672617,0.0296794,0.366513,-0.408582,0.307481,-0.266342,-0.812385,0.458722,-0.11083,0.572234,-0.0660289,0.515659,0.253098,-0.6737,-0.0935858,0.50469,0.649196,0.276218,-0.219976,-0.0289433,-0.0236022,0.54441,-0.206381;0.0023464,-0.439351,-3.61383,6.00228
6;-0.675999,-0.578977,0.20653,-0.386936,0.400663,0.0659771,0.634723,-0.499449,-0.812312,-0.131122,0.425413,0.49077,-0.286907,0.79164,-0.265987,-0.453647,0.193878,0.745192,0.49241,-0.0202132,-0.441796,0.288287,0.453581,0.738231,0.111882;0.0995444,-0.288613,-8.43826,7.05742
7;-0.857088,-0.217315,0.212782,-0.408508,0.423876,0.0659771,0.628905,-0.498537,-0.110165,-0.250678,0.188048,0.287997,-0.202046,0.824307,-0.374157,-0.67226,0.091321,0.697846,0.181753,0.431553,-0.662858,0.400588,0.732333,0.302029,0.0170946;3.76492,-1.98176,-7.16981,5.5615
8;-0.522299,-0.0710113,-0.307549,-0.362477,-0.390054,0.247548,-0.600003,-0.262995,-0.136914,0.373816,0.729728,0.269687,0.619642,0.413572,-0.427824,-0.670815,-0.407916,0.960501,0.696158,0.444139,-0.499891,0.858952,0.824577,0.576008,0.824271;6.59119,-4.14699,-3.6755,1.03122
9;-0.0943685,-0.681299,-0.562998,0.191072,0.708672,0.702491,-0.283251,0.0801215,-0.0851057,-0.563271,0.637703,0.817729,0.0383522,0.907067,0.30933,-0.22103,-0.38327,-0.163829,0.461046,0.148117,-0.696658,-0.186916,0.934016,-0.640194,0.876871;-5.01225,3.07061,-10.9036,2.48414
10;0.399832,0.403217,-0.493528,-0.852243,-0.34037,0.247548,-0.60342,-0.258272,-0.323251,-0.600479,0.921297,0.484192,0.409068,0.676901,-0.644083,0.0657614,-0.28101,0.938765,0.856459,-0.827665,0.170539,0.817125,0.102453,0.193365,0.588647;-2.98196,-1.83204,-7.0628,2.35153
11;0.00767282,-0.0215588,-0.762228,-0.882473,-0.307751,0.247548,-0.493021,-0.235668,0.322866,0.229194,0.966171,0.64102,0.292528,-0.28122,-0.70025,0.81566,-0.708213,0.757357,0.699243,0.565921,-0.872608,0.865139,0.938394,0.909639,0.768198;7.1007,-6.8863,-8.94175,-3.49246
12;-0.202422,-0.650211,-0.785147,-0.539747,0.790756,0.702491,-0.575508,0.104359,0.220951,-0.553241,0.839482,0.827429,0.113454,0.951338,0.267566,-0.480538,-0.566625,-0.302561,0.197814,0.0882975,-0.610365,-0.122413,0.919562,-0.56505,0.865144;-2.40692,-0.131218,-10.2431,3.18177
13;0.336416,-0.00736145,0.0109207,-0.302977,0.302441,0.397094,-0.778619,0.33977,-0.444862,-0.692595,0.897903,0.512218,0.410499,0.915038,-0.00751839,-0.100495,-0.676606,0.7182,0.918952,-0.946931,0.371449,0.226121,0.447448,-0.558574,0.678843;-7.98911,1.34305,-7.68715,6.17822
14;-0.256619,-0.30682,-0.417665,-0.416376,0.345662,0.397094,-0.48227,0.386858,-0.416667,-0.403306,0.959071,0.817778,0.355875,0.730925,-0.0656884,0.495727,-0.763387,-0.210579,0.912509,-0.913918,-0.483001,0.24857,0.894122,0.289852,0.408701;-6.4854,2.08864,-12.2431,0.817329
15;0.863539,-0.469634,-0.724509,-0.446278,0.276872,0.305388,0.149117,0.472659,-0.700591,-0.0306831,0.98706,0.891345,0.409099,0.493333,-0.527984,0.120695,-0.683657,0.664237,0.895768,0.171618,0.388182,0.303523,0.834075,0.537952,0.578074;-1.30923,-2.07823,-8.80821,3.53464
16;0.436589,-0.534516,-0.633109,-0.98155,0.232304,0.305388,0.351554,0.468895,-0.402013,-0.217372,0.998178,0.928334,0.581198,-0.16392,-0.466298,-0.834439,-0.69055,0.749102,0.804851,0.559385,-0.367393,0.416508,0.948656,0.732226,0.676073;7.98369,-5.80791,-6.89463,3.95403
17;-0.115365,-0.400245,-0.0772185,-0.907328,0.261039,0.397094,-0.518634,0.366758,-0.00524193,-0.427456,0.965557,0.874098,0.664976,0.877859,0.0877812,-0.933553,-0.855181,0.0491286,0.861241,0.0989917,-0.768194,0.388009,0.930679,0.0519939,0.631885;0.578606,-2.69327,-7.3282,2.79073
18;0.590225,-0.34565,-0.0953668,-0.262605,0.249261,0.397094,-0.704882,0.36562,-0.502081,-0.32918,0.911732,0.86508,0.455361,0.937663,-0.0283385,-0.292454,-0.844023,-0.0596094,0.931935,-0.715374,-0.330028,0.252403,0.82889,-0.239369,0.56203;-8.07954,3.39459,-8.47891,2.27775
19;0.85521,-0.482773,-0.523165,-0.902149,0.182059,0.305388,0.215825,0.469163,-0.721591,-0.148028,0.997059,0.903971,0.344915,0.356996,-0.543399,0.127258,-0.648791,0.708414,0.900475,-0.425825,0.280363,0.29739,0.862903,0.616057,0.634094;-2.10522,-2.8125,-8.90425,4.81801
20;0.381214,-0.52664,-0.60859,-0.982434,0.233093,0.305388,0.356422,0.474082,-0.387206,-0.275915,0.998152,0.908922,0.595054,-0.144665,-0.4475,-0.839627,-0.779827,0.746994,0.848111,0.667063,-0.35134,0.420546,0.950945,0.780861,0.688745;8.26713,-6.05345,-6.97201,3.83315
21;-0.101318,-0.40223,-0.0885101,-0.890886,0.260424,0.397094,-0.526898,0.369492,-0.0266232,-0.434002,0.962108,0.890066,0.671764,0.881142,0.0885161,-0.926354,-0.859562,0.00282589,0.864783,0.0696888,-0.76655,0.38343,0.930848,0.0133683,0.604323;0.219489,-2.37198,-7.38368,2.65718
22;0.624657,-0.346671,-0.098645,-0.279783,0.250119,0.397094,-0.696343,0.365474,-0.502706,-0.309547,0.913789,0.864473,0.453284,0.937722,-0.028976,-0.28316,-0.84241,-0.0620756,0.932413,-0.739789,-0.314865,0.252362,0.818266,-0.239437,0.559127;-8.17062,3.36945,-8.47086,2.29629
23;0.855316,-0.482501,-0.525646,-0.909497,0.183201,0.305388,0.215904,0.469315,-0.721243,-0.146264,0.997231,0.903092,0.347595,0.347846,-0.542565,0.102401,-0.653024,0.712146,0.901429,-0.42566,0.282502,0.297606,0.862479,0.623104,0.636697;-1.95819,-2.86232,-8.83398,4.85983
24;0.379543,-0.52697,-0.602103,-0.9824,0.230103,0.305388,0.356041,0.473982,-0.388013,-0.277922,0.998152,0.909114,0.595392,-0.144918,-0.447311,-0.83993,-0.781275,0.746614,0.848971,0.669569,-0.354182,0.420354,0.951188,0.781282,0.688496;8.25888,-6.05073,-6.95693,3.8282
25;-0.0994838,-0.402279,-0.0885179,-0.890551,0.260388,0.397094,-0.526451,0.369576,-0.0268382,-0.433893,0.961998,0.890379,0.671778,0.881283,0.0884605,-0.926035,-0.859647,0.00245623,0.864906,0.0705109,-0.766529,0.383409,0.930793,0.0127269,0.604967;0.214083,-2.37015,-7.38436,2.65469
26;0.624908,-0.346673,-0.098722,-0.281854,0.250157,0.397094,-0.696255,0.365484,-0.502659,-0.310151,0.914054,0.864553,0.453426,0.937726,-0.0288876,-0.284206,-0.842382,-0.0621382,0.932403,-0.740143,-0.314755,0.252379,0.818187,-0.239428,0.559093;-8.1677,3.36174,-8.46925,2.30165
27;0.855364,-0.482519,-0.525324,-0.909542,0.183072,0.305388,0.215823,0.469306,-0.721291,-0.146239,0.997232,0.903076,0.347622,0.347791,-0.542563,0.102744,-0.653516,0.712172,0.901566,-0.425612,0.282486,0.297586,0.862474,0.623208,0.636577;-1.95964,-2.86242,-8.83391,4.85877
28;0.379582,-0.526974,-0.602223,-0.982402,0.230144,0.305388,0.356072,0.473992,-0.388014,-0.277825,0.998152,0.909143,0.59541,-0.14491,-0.44732,-0.839911,-0.781304,0.746581,0.848981,0.669394,-0.35421,0.420355,0.951187,0.781279,0.688526;8.25882,-6.0504,-6.95749,3.82798
29;-0.0994507,-0.402281,-0.0885304,-0.890562,0.260391,0.397094,-0.52645,0.369576,-0.0268289,-0.43392,0.962001,0.890374,0.671786,0.881295,0.0884651,-0.926053,-0.859648,0.00244618,0.864904,0.0704614,-0.766531,0.383411,0.93079,0.0127701,0.604963;0.213944,-2.37005,-7.38438,2.65467
30;0.624919,-0.346674,-0.0987202,-0.28189,0.250155,0.397094,-0.696258,0.365483,-0.502662,-0.310146,0.914059,0.86455,0.453427,0.937726,-0.0288879,-0.284196,-0.842383,-0.062132,0.932404,-0.74012,-0.314754,0.252378,0.818185,-0.239426,0.559087;-8.16769,3.36151,-8.46923,2.3017
31;0.855362,-0.482519,-0.525329,-0.909544,0.183073,0.305388,0.215825,0.469306,-0.721291,-0.146234,0.997232,0.903077,0.347621,0.347789,-0.542564,0.102743,-0.653525,0.712174,0.901569,-0.42561,0.282482,0.297586,0.862475,0.623206,0.636579;-1.95959,-2.86244,-8.83394,4.85876
32;0.37958,-0.526973,-0.602222,-0.982402,0.230144,0.305388,0.356072,0.473993,-0.388013,-0.277826,0.998152,0.909143,0.595411,-0.144905,-0.447319,-0.839913,-0.781304,0.74658,0.848981,0.669387,-0.35421,0.420355,0.951187,0.781279,0.688526;8.2588,-6.05038,-6.9575,3.82798
33;-0.0994487,-0.402281,-0.08853,-0.890561,0.26039,0.397094,-0.52645,0.369576,-0.0268293,-0.43392,0.962001,0.890373,0.671786,0.881295,0.088465,-0.926052,-0.859648,0.00244577,0.864904,0.0704612,-0.766531,0.383411,0.93079,0.0127713,0.604963;0.213935,-2.37004,-7.38437,2.65467
34;0.624919,-0.346674,-0.0987204,-0.281892,0.250155,0.397094,-0.696258,0.365483,-0.502662,-0.310146,0.914059,0.86455,0.453426,0.937726,-0.0288879,-0.284196,-0.842383,-0.0621318,0.932404,-0.740119,-0.314754,0.252378,0.818185,-0.239426,0.559088;-8.16769,3.36149,-8.46923,2.30171
35;0.855362,-0.482519,-0.525329,-0.909544,0.183073,0.305388,0.215825,0.469306,-0.721291,-0.146234,0.997232,0.903077,0.347621,0.347789,-0.542564,0.102743,-0.653525,0.712174,0.901569,-0.425611,0.282482,0.297586,0.862475,0.623206,0.636579;-1.95959,-2.86244,-8.83394,4.85876
36;0.37958,-0.526973,-0.602222,-0.982402,0.230144,0.305388,0.356072,0.473993,-0.388013,-0.277826,0.998152,0.909143,0.595411,-0.144905,-0.447319,-0.839912,-0.781304,0.74658,0.848981,0.669387,-0.35421,0.420355,0.951187,0.781279,0.688526;8.25879,-6.05038,-6.9575,3.82798
37;-0.0994486,-0.402281,-0.0885301,-0.890561,0.26039,0.397094,-0.52645,0.369576,-0.0268293,-0.43392,0.962001,0.890373,0.671786,0.881295,0.088465,-0.926052,-0.859648,0.00244576,0.864904,0.0704612,-0.766531,0.383411,0.93079,0.0127714,0.604963;0.213935,-2.37004,-7.38437,2.65467
38;0.624919,-0.346674,-0.0987204,-0.281892,0.250155,0.397094,-0.696258,0.365483,-0.502662,-0.310146,0.91406,0.86455,0.453426,0.937726,-0.0288879,-0.284196,-0.842383,-0.0621317,0.932404,-0.740119,-0.314754,0.252378,0.818185,-0.239426,0.559088;-8.16769,3.36149,-8.46923,2.30171
39;0.855362,-0.482519,-0.525329,-0.909544,0.183073,0.305388,0.215825,0.469306,-0.721291,-0.146234,0.997232,0.903077,0.347621,0.347789,-0.542564,0.102743,-0.653525,0.712174,0.901569,-0.425611,0.282482,0.297586,0.862475,0.623206,0.636579;-1.95959,-2.86244,-8.83394,4.85876
40;0.37958,-0.526973,-0.602222,-0.982402,0.230144,0.305388,0.356072,0.473993,-0.388013,-0.277826,0.998152,0.909143,0.595411,-0.144905,-0.447319,-0.839912,-0.781304,0.74658,0.848981,0.669387,-0.35421,0.420355,0.951187,0.781279,0.688526;8.25879,-6.05038,-6.9575,3.82798
41;-0.0994486,-0.402281,-0.0885301,-0.890561,0.26039,0.397094,-0.52645,0.369576,-0.0268293,-0.43392,0.962001,0.890373,0.671786,0.881295,0.088465,-0.926052,-0.859648,0.00244576,0.864904,0.0704612,-0.766531,0.383411,0.93079,0.0127714,0.604963;0.213935,-2.37004,-7.38437,2.65467
42;0.624919,-0.346674,-0.0987204,-0.281892,0.250155,0.397094,-0.696258,0.365483,-0.502662,-0.310146,0.91406,0.86455,0.453426,0.937726,-0.0288879,-0.284196,-0.842383,-0.0621317,0.932404,-0.740119,-0.314754,0.252378,0.818185,-0.239426,0.559088;-8.16769,3.36149,-8.46923,2.30171
43;0.855362,-0.482519,-0.525329,-0.909544,0.183073,0.305388,0.215825,0.469306,-0.721291,-0.146234,0.997232,0.903077,0.347621,0.347789,-0.542564,0.102743,-0.653525,0.712174,0.901569,-0.425611,0.282482,0.297586,0.862475,0.623206,0.636579;-1.95959,-2.86244,-8.83394,4.85876
44;0.37958,-0.526973,-0.602222,-0.982402,0.230144,0.305388,0.356072,0.473993,-0.388013,-0.277826,0.998152,0.909143,0.595411,-0.144905,-0.447319,-0.839912,-0.781304,0.74658,0.848981,0.669387,-0.35421,0.420355,0.951187,0.781279,0.688526;8.25879,-6.05038,-6.9575,3.82798
45;-0.0994486,-0.402281,-0.0885301,-0.890561,0.26039,0.397094,-0.52645,0.369576,-0.0268293,-0.43392,0.962001,0.890373,0.671786,0.881295,0.088465,-0.926052,-0.859648,0.00244576,0.864904,0.0704612,-0.766531,0.383411,0.93079,0.0127714,0.604963;0.213935,-2.37004,-7.38437,2.65467
46;0.624919,-0.346674,-0.0987204,-0.281892,0.250155,0.397094,-0.696258,0.365483,-0.502662,-0.310146,0.91406,0.86455,0.453426,0.937726,-0.0288879,-0.284196,-0.842383,-0.0621317,0.932404,-0.740119,-0.314754,0.252378,0.818185,-0.239426,0.559088;-8.16769,3.36149,-8.46923,2.30171
47;0.855362,-0.482519,-0.525329,-0.909544,0.183073,0.305388,0.215825,0.469306,-0.721291,-0.146234,0.997232,0.903077,0.347621,0.347789,-0.542564,0.102743,-0.653525,0.712174,0.901569,-0.425611,0.282482,0.297586,0.862475,0.623206,0.636579;-1.95959,-2.86244,-8.83394,4.85876
48;0.37958,-0.526973,-0.602222,-0.982402,0.230144,0.305388,0.356072,0.473993,-0.388013,-0.277826,0.998152,0.909143,0.595411,-0.144905,-0.447319,-0.839912,-0.781304,0.74658,0.848981,0.669387,-0.35421,0.420355,0.951187,0.781279,0.688526;8.25879,-6.05038,-6.9575,3.82798
49;-0.0994486,-0.402281,-0.0885301,-0.890561,0.26039,0.397094,-0.52645,0.369576,-0.0268293,-0.43392,0.962001,0.890373,0.671786,0.881295,0.088465,-0.926052,-0.859648,0.00244576,0.864904,0.0704612,-0.766531,0.383411,0.93079,0.0127714,0.604963;0.213935,-2.37004,-7.38437,2.65467
50;0.624919,-0.346674,-0.0987204,-0.281892,0.250155,0.397094,-0.696258,0.365483,-0.502662,-0.310146,0.91406,0.86455,0.453426,0.937726,-0.0288879,-0.284196,-0.842383,-0.0621317,0.932404,-0.740119,-0.314754,0.252378,0.818185,-0.239426,0.559088;-8.16769,3.36149,-8.46923,2.30171
51;0.855362,-0.482519,-0.525329,-0.909544,0.183073,0.305388,0.215825,0.469306,-0.721291,-0.146234,0.997232,0.903077,0.347621,0.347789,-0.542564,0.102743,-0.653525,0.712174,0.901569,-0.425611,0.282482,0.297586,0.862475,0.623206,0.636579;-1.95959,-2.86244,-8.83394,4.85876
52;0.37958,-0.526973,-0.602222,-0.982402,0.230144,0.305388,0.356072,0.473993,-0.388013,-0.277826,0.998152,0.909143,0.595411,-0.144905,-0.447319,-0.839912,-0.781304,0.74658,0.848981,0.669387,-0.35421,0.420355,0.951187,0.781279,0.688526;8.25879,-6.05038,-6.9575,3.82798
53;-0.0994486,-0.402281,-0.0885301,-0.890561,0.26039,0.397094,-0.52645,0.369576,-0.0268293,-0.43392,0.962001,0.890373,0.671786,0.881295,0.088465,-0.926052,-0.859648,0.00244576,0.864904,0.0704612,-0.766531,0.383411,0.93079,0.0127714,0.604963;0.213935,-2.37004,-7.38437,2.65467
54;0.624919,-0.346674,-0.0987204,-0.281892,0.250155,0.397094,-0.696258,0.365483,-0.502662,-0.310146,0.91406,0.86455,0.453426,0.937726,-0.0288879,-0.284196,-0.842383,-0.0621317,0.932404,-0.740119,-0.314754,0.252378,0.818185,-0.239426,0.559088;-8.16769,3.36149,-8.46923,2.30171
55;0.855362,-0.482519,-0.525329,-0.909544,0.183073,0.305388,0.215825,0.469306,-0.721291,-0.146234,0.997232,0.903077,0.347621,0.347789,-0.542564,0.102743,-0.653525,0.712174,0.901569,-0.425611,0.282482,0.297586,0.862475,0.623206,0.636579;-1.95959,-2.86244,-8.83394,4.85876
56;0.37958,-0.526973,-0.602222,-0.982402,0.230144,0.305388,0.356072,0.473993,-0.388013,-0.277826,0.998152,0.909143,0.595411,-0.144905,-0.447319,-0.839912,-0.781304,0.74658,0.848981,0.669387,-0.35421,0.420355,0.951187,0.781279,0.688526;8.25879,-6.05038,-6.9575,3.82798
57;-0.0994486,-0.402281,-0.0885301,-0.890561,0.26039,0.397094,-0.52645,0.369576,-0.0268293,-0.43392,0.962001,0.890373,0.671786,0.881295,0.088465,-0.926052,-0.859648,0.00244576,0.864904,0.0704612,-0.766531,0.383411,0.93079,0.0127714,0.604963;0.213935,-2.37004,-7.38437,2.65467
58;0.624919,-0.346674,-0.0987204,-0.281892,0.250155,0.397094,-0.696258,0.365483,-0.502662,-0.310146,0.91406,0.86455,0.453426,0.937726,-0.0288879,-0.284196,-0.842383,-0.0621317,0.932404,-0.740119,-0.314754,0.252378,0.818185,-0.239426,0.559088;-8.16769,3.36149,-8.46923,2.30171
59;0.855362,-0.482519,-0.525329,-0.909544,0.183073,0.305388,0.215825,0.469306,-0.721291,-0.146234,0.997232,0.903077,0.347621,0.347789,-0.542564,0.102743,-0.653525,0.712174,0.901569,-0.425611,0.282482,0.297586,0.862475,0.623206,0.636579;-1.95959,-2.86244,-8.83394,4.85876
60;0.37958,-0.526973,-0.602222,-0.982402,0.230144,0.305388,0.356072,0.473993,-0.388013,-0.277826,0.998152,0.909143,0.595411,-0.144905,-0.447319,-0.839912,-0.781304,0.74658,0.848981,0.669387,-0.35421,0.420355,0.951187,0.781279,0.688526;8.25879,-6.05038,-6.9575,3.82798
61;-0.0994486,-0.402281,-0.0885301,-0.890561,0.26039,0.397094,-0.52645,0.369576,-0.0268293,-0.43392,0.962001,0.890373,0.671786,0.881295,0.088465,-0.926052,-0.859648,0.00244576,0.864904,0.0704612,-0.766531,0.383411,0.93079,0.0127714,0.604963;0.213935,-2.37004,-7.38437,2.65467
62;0.624919,-0.346674,-0.0987204,-0.281892,0.250155,0.397094,-0.696258,0.365483,-0.502662,-0.310146,0.91406,0.86455,0.453426,0.937726,-0.0288879,-0.284196,-0.842383,-0.0621317,0.932404,-0.740119,-0.314754,0.252378,0.818185,-0.239426,0.559088;-8.16769,3.36149,-8.46923,2.30171
63;0.855362,-0.482519,-0.525329,-0.909544,0.183073,0.305388,0.215825,0.469306,-0.721291,-0.146234,0.997232,0.903077,0.347621,0.347789,-0.542564,0.102743,-0.653525,0.712174,0.901569,-0.425611,0.282482,0.297586,0.862475,0.623206,0.636579;-1.95959,-2.86244,-8.83394,4.85876
64;0.37958,-0.526973,-0.602222,-0.982402,0.230144,0.305388,0.356072,0.473993,-0.388013,-0.277826,0.998152,0.909143,0.595411,-0.144905,-0.447319,-0.839912,-0.781304,0.74658,0.848981,0.669387,-0.35421,0.420355,0.951187,0.781279,0.688526;8.25879,-6.05038,-6.9575,3.82798
65;-0.0994486,-0.402281,-0.0885301,-0.890561,0.26039,0.397094,-0.52645,0.369576,-0.0268293,-0.43392,0.962001,0.890373,0.671786,0.881295,0.088465,-0.926052,-0.859648,0.00244576,0.864904,0.0704612,-0.766531,0.383411,0.93079,0.0127714,0.604963;0.213935,-2.37004,-7.38437,2.65467
66;0.624919,-0.346674,-0.0987204,-0.281892,0.250155,0.397094,-0.696258,0.365483,-0.502662,-0.310146,0.91406,0.86455,0.453426,0.937726,-0.0288879,-0.284196,-0.842383,-0.0621317,0.932404,-0.740119,-0.314754,0.252378,0.818185,-0.239426,0.559088;-8.16769,3.36149,-8.46923,2.30171
67;0.855362,-0.482519,-0.525329,-0.909544,0.183073,0.305388,0.215825,0.469306,-0.721291,-0.146234,0.997232,0.903077,0.347621,0.347789,-0.542564,0.102743,-0.653525,0.712174,0.901569,-0.425611,0.282482,0.297586,0.862475,0.623206,0.636579;-1.95959,-2.86244,-8.83394,4.85876
68;0.37958,-0.526973,-0.602222,-0.982402,0.230144,0.305388,0.356072,0.473993,-0.388013,-0.277826,0.998152,0.909143,0.595411,-0.144905,-0.447319,-0.839912,-0.781304,0.74658,0.848981,0.669387,-0.35421,0.420355,0.951187,0.781279,0.688526;8.25879,-6.05038,-6.9575,3.82798
69;-0.0994486,-0.402281,-0.0885301,-0.890561,0.26039,0.397094,-0.52645,0.369576,-0.0268293,-0.43392,0.962001,0.890373,0.671786,0.881295,0.088465,-0.926052,-0.859648,0.00244576,0.864904,0.0704612,-0.766531,0.383411,0.93079,0.0127714,0.604963;0.213935,-2.37004,-7.38437,2.65467
70;0.624919,-0.346674,-0.0987204,-0.281892,0.250155,0.397094,-0.696258,0.365483,-0.502662,-0.310146,0.91406,0.86455,0.453426,0.937726,-0.0288879,-0.284196,-0.842383,-0.0621317,0.932404,-0.740119,-0.314754,0.252378,0.818185,-0.239426,0.559088;-8.16769,3.36149,-8.46923,2.30171
71;0.855362,-0.482519,-0.525329,-0.909544,0.183073,0.305388,0.215825,0.469306,-0.721291,-0.146234,0.997232,0.903077,0.347621,0.347789,-0.542564,0.102743,-0.653525,0.712174,0.901569,-0.425611,0.282482,0.297586,0.862475,0.623206,0.636579;-1.95959,-2.86244,-8.83394,4.85876
72;0.37958,-0.526973,-0.602222,-0.982402,0.230144,0.305388,0.356072,0.473993,-0.388013,-0.277826,0.998152,0.909143,0.595411,-0.144905,-0.447319,-0.839912,-0.781304,0.74658,0.848981,0.669387,-0.35421,0.420355,0.951187,0.781279,0.688526;8.25879,-6.05038,-6.9575,3.82798
73;-0.0994486,-0.402281,-0.0885301,-0.890561,0.26039,0.397094,-0.52645,0.369576,-0.0268293,-0.43392,0.962001,0.890373,0.671786,0.881295,0.088465,-0.926052,-0.859648,0.00244576,0.864904,0.0704612,-0.766531,0.383411,0.93079,0.0127714,0.604963;0.213935,-2.37004,-7.38437,2.65467
74;0.624919,-0.346674,-0.0987204,-0.281892,0.250155,0.397094,-0.696258,0.365483,-0.502662,-0.310146,0.91406,0.86455,0.453426,0.937726,-0.0288879,-0.284196,-0.842383,-0.0621317,0.932404,-0.740119,-0.314754,0.252378,0.818185,-0.239426,0.559088;-8.16769,3.36149,-8.46923,2.30171
75;0.855362,-0.482519,-0.525329,-0.909544,0.183073,0.305388,0.215825,0.469306,-0.721291,-0.146234,0.997232,0.903077,0.347621,0.347789,-0.542564,0.102743,-0.653525,0.712174,0.901569,-0.425611,0.282482,0.297586,0.862475,0.623206,0.636579;-1.95959,-2.86244,-8.83394,4.85876
76;0.37958,-0.526973,-0.602222,-0.982402,0.230144,0.305388,0.356072,0.473993,-0.388013,-0.277826,0.998152,0.909143,0.595411,-0.144905,-0.447319,-0.839912,-0.781304,0.74658,0.848981,0.669387,-0.35421,0.420355,0.951187,0.781279,0.688526;8.25879,-6.05038,-6.9575,3.82798
77;-0.0994486,-0.402281,-0.0885301,-0.890561,0.26039,0.397094,-0.52645,0.369576,-0.0268293,-0.43392,0.962001,0.890373,0.671786,0.881295,0.088465,-0.926052,-0.859648,0.00244576,0.864904,0.0704612,-0.766531,0.383411,0.93079,0.0127714,0.604963;0.213935,-2.37004,-7.38437,2.65467
78;0.624919,-0.346674,-0.0987204,-0.281892,0.250155,0.397094,-0.696258,0.365483,-0.502662,-0.310146,0.91406,0.86455,0.453426,0.937726,-0.0288879,-0.284196,-0.842383,-0.0621317,0.932404,-0.740119,-0.314754,0.252378,0.818185,-0.239426,0.559088;-8.16769,3.36149,-8.46923,2.30171
79;0.855362,-0.482519,-0.525329,-0.909544,0.183073,0.305388,0.215825,0.469306,-0.721291,-0.146234,0.997232,0.903077,0.347621,0.347789,-0.542564,0.102743,-0.653525,0.712174,0.901569,-0.425611,0.282482,0.297586,0.862475,0.623206,0.636579;-1.95959,-2.86244,-8.83394,4.85876
80;0.37958,-0.526973,-0.602222,-0.982402,0.230144,0.305388,0.356072,0.473993,-0.388013,-0.277826,0.998152,0.909143,0.595411,-0.144905,-0.447319,-0.839912,-0.781304,0.74658,0.848981,0.669387,-0.35421,0.420355,0.951187,0.781279,0.688526;8.25879,-6.05038,-6.9575,3.82798
81;-0.0994486,-0.402281,-0.0885301,-0.890561,0.26039,0.397094,-0.52645,0.369576,-0.0268293,-0.43392,0.962001,0.890373,0.671786,0.881295,0.088465,-0.926052,-0.859648,0.00244576,0.864904,0.0704612,-0.766531,0.383411,0.93079,0.0127714,0.604963;0.213935,-2.37004,-7.38437,2.65467
82;0.624919,-0.346674,-0.0987204,-0.281892,0.250155,0.397094,-0.696258,0.365483,-0.502662,-0.310146,0.91406,0.86455,0.453426,0.937726,-0.0288879,-0.284196,-0.842383,-0.0621317,0.932404,-0.740119,-0.314754,0.252378,0.818185,-0.239426,0.559088;-8.16769,3.36149,-8.46923,2.30171
83;0.855362,-0.482519,-0.525329,-0.909544,0.183073,0.305388,0.215825,0.469306,-0.721291,-0.146234,0.997232,0.903077,0.347621,0.347789,-0.542564,0.102743,-0.653525,0.712174,0.901569,-0.425611,0.282482,0.297586,0.862475,0.623206,0.636579;-1.95959,-2.86244,-8.83394,4.85876
84;0.37958,-0.526973,-0.602222,-0.982402,0.230144,0.305388,0.356072,0.473993,-0.388013,-0.277826,0.998152,0.909143,0.595411,-0.144905,-0.447319,-0.839912,-0.781304,0.74658,0.848981,0.669387,-0.35421,0.420355,0.951187,0.781279,0.688526;8.25879,-6.05038,-6.9575,3.82798
85;-0.0994486,-0.402281,-0.0885301,-0.890561,0.26039,0.397094,-0.52645,0.369576,-0.0268293,-0.43392,0.962001,0.890373,0.671786,0.881295,0.088465,-0.926052,-0.859648,0.00244576,0.864904,0.0704612,-0.766531,0.383411,0.93079,0.0127714,0.604963;0.213935,-2.37004,-7.38437,2.65467
86;0.624919,-0.346674,-0.0987204,-0.281892,0.250155,0.397094,-0.696258,0.365483,-0.502662,-0.310146,0.91406,0.86455,0.453426,0.937726,-0.0288879,-0.284196,-0.842383,-0.0621317,0.932404,-0.740119,-0.314754,0.252378,0.818185,-0.239426,0.559088;-8.16769,3.36149,-8.46923,2.30171
87;0.855362,-0.482519,-0.525329,-0.909544,0.183073,0.305388,0.215825,0.469306,-0.721291,-0.146234,0.997232,0.903077,0.347621,0.347789,-0.542564,0.102743,-0.653525,0.712174,0.901569,-0.425611,0.282482,0.297586,0.862475,0.623206,0.636579;-1.95959,-2.86244,-8.83394,4.85876
88;0.37958,-0.526973,-0.602222,-0.982402,0.230144,0.305388,0.356072,0.473993,-0.388013,-0.277826,0.998152,0.909143,0.595411,-0.144905,-0.447319,-0.839912,-0.781304,0.74658,0.848981,0.669387,-0.35421,0.420355,0.951187,0.781279,0.688526;8.25879,-6.05038,-6.9575,3.82798
89;-0.0994486,-0.402281,-0.0885301,-0.890561,0.26039,0.397094,-0.52645,0.369576,-0.0268293,-0.43392,0.962001,0.890373,0.671786,0.881295,0.088465,-0.926052,-0.859648,0.00244576,0.864904,0.0704612,-0.766531,0.383411,0.93079,0.0127714,0.604963;0.213935,-2.37004,-7.38437,2.65467
90;0.624919,-0.346674,-0.0987204,-0.281892,0.250155,0.397094,-0.696258,0.365483,-0.502662,-0.310146,0.91406,0.86455,0.453426,0.937726,-0.0288879,-0.284196,-0.842383,-0.0621317,0.932404,-0.740119,-0.314754,0.252378,0.818185,-0.239426,0.559088;-8.16769,3.36149,-8.46923,2.30171
91;0.855362,-0.482519,-0.525329,-0.909544,0.183073,0.305388,0.215825,0.469306,-0.721291,-0.146234,0.997232,0.903077,0.347621,0.347789,-0.542564,0.102743,-0.653525,0.712174,0.901569,-0.425611,0.282482,0.297586,0.862475,0.623206,0.636579;-1.95959,-2.86244,-8.83394,4.85876
92;0.37958,-0.526973,-0.602222,-0.982402,0.230144,0.305388,0.356072,0.473993,-0.388013,-0.277826,0.998152,0.909143,0.595411,-0.144905,-0.447319,-0.839912,-0.781304,0.74658,0.848981,0.669387,-0.35421,0.420355,0.951187,0.781279,0.688526;8.25879,-6.05038,-6.9575,3.82798
93;-0.0994486,-0.402281,-0.0885301,-0.890561,0.26039,0.397094,-0.52645,0.369576,-0.0268293,-0.43392,0.962001,0.890373,0.671786,0.881295,0.088465,-0.926052,-0.859648,0.00244576,0.864904,0.0704612,-0.766531,0.383411,0.93079,0.0127714,0.604963;0.213935,-2.37004,-7.38437,2.65467
94;0.624919,-0.346674,-0.0987204,-0.281892,0.250155,0.397094,-0.696258,0.365483,-0.502662,-0.310146,0.91406,0.86455,0.453426,0.937726,-0.0288879,-0.284196,-0.842383,-0.0621317,0.932404,-0.740119,-0.314754,0.252378,0.818185,-0.239426,0.559088;-8.16769,3.36149,-8.46923,2.30171
95;0.855362,-0.482519,-0.525329,-0.909544,0.183073,0.305388,0.215825,0.469306,-0.721291,-0.146234,0.997232,0.903077,0.347621,0.347789,-0.542564,0.102743,-0.653525,0.712174,0.901569,-0.425611,0.282482,0.297586,0.862475,0.623206,0.636579;-1.95959,-2.86244,-8.83394,4.85876
96;0.37958,-0.526973,-0.602222,-0.982402,0.230144,0.305388,0.356072,0.473993,-0.388013,-0.277826,0.998152,0.909143,0.595411,-0.144905,-0.447319,-0.839912,-0.781304,0.74658,0.848981,0.669387,-0.35421,0.420355,0.951187,0.781279,0.688526;8.25879,-6.05038,-6.9575,3.82798
97;-0.0994486,-0.402281,-0.0885301,-0.890561,0.26039,0.397094,-0.52645,0.369576,-0.0268293,-0.43392,0.962001,0.890373,0.671786,0.881295,0.088465,-0.926052,-0.859648,0.00244576,0.864904,0.0704612,-0.766531,0.383411,0.93079,0.0127714,0.604963;0.213935,-2.37004,-7.38437,2.65467
98;0.624919,-0.346674,-0.0987204,-0.281892,0.250155,0.397094,-0.696258,0.365483,-0.502662,-0.310146,0.91406,0.86455,0.453426,0.937726,-0.0288879,-0.284196,-0.842383,-0.0621317,0.932404,-0.740119,-0.314754,0.252378,0.818185,-0.239426,0.559088;-8.16769,3.36149,-8.46923,2.30171
99;0.855362,-0.482519,-0.525329,-0.909544,0.183073,0.305388,0.215825,0.469306,-0.721291,-0.146234,0.997232,0.903077,0.347621,0.347789,-0.542564,0.102743,-0.653525,0.712174,0.901569,-0.425611,0.282482,0.297586,0.862475,0.623206,0.636579;-1.95959,-2.86244,-8.83394,4.85876
100;0.37958,-0.526973,-0.602222,-0.982402,0.230144,0.305388,0.356072,0.473993,-0.388013,-0.277826,0.998152,0.909143,0.595411,-0.144905,-0.447319,-0.839912,-0.781304,0.74658,0.848981,0.669387,-0.35421,0.420355,0.951187,0.781279,0.688526;8.25879,-6.05038,-6.9575,3.82798
101;-0.0994486,-0.402281,-0.0885301,-0.890561,0.26039,0.397094,-0.52645,0.369576,-0.0268293,-0.43392,0.962001,0.890373,0.671786,0.881295,0.088465,-0.926052,-0.859648,0.00244576,0.864904,0.0704612,-0.766531,0.383411,0.93079,0.0127714,0.604963;0.213935,-2.37004,-7.38437,2.65467
102;0.624919,-0.346674,-0.0987204,-0.281892,0.250155,0.397094,-0.696258,0.365483,-0.502662,-0.310146,0.91406,0.86455,0.453426,0.937726,-0.0288879,-0.284196,-0.842383,-0.0621317,0.932404,-0.740119,-0.314754,0.252378,0.818185,-0.239426,0.559088;-8.16769,3.36149,-8.46923,2.30171
103;0.855362,-0.482519,-0.525329,-0.909544,0.183073,0.305388,0.215825,0.469306,-0.721291,-0.146234,0.997232,0.903077,0.347621,0.347789,-0.542564,0.102743,-0.653525,0.712174,0.901569,-0.425611,0.282482,0.297586,0.862475,0.623206,0.636579;-1.95959,-2.86244,-8.83394,4.85876
104;0.37958,-0.526973,-0.602222,-0.982402,0.230144,0.305388,0.356072,0.473993,-0.388013,-0.277826,0.998152,0.909143,0.595411,-0.144905,-0.447319,-0.839912,-0.781304,0.74658,0.848981,0.669387,-0.35421,0.420355,0.951187,0.781279,0.688526;8.25879,-6.05038,-6.9575,3.82798
105;-0.0994486,-0.402281,-0.0885301,-0.890561,0.26039,0.397094,-0.52645,0.369576,-0.0268293,-0.43392,0.962001,0.890373,0.671786,0.881295,0.088465,-0.926052,-0.859648,0.00244576,0.864904,0.0704612,-0.766531,0.383411,0.93079,0.0127714,0.604963;0.213935,-2.37004,-7.38437,2.65467
106;0.624919,-0.346674,-0.0987204,-0.281892,0.250155,0.397094,-0.696258,0.365483,-0.502662,-0.310146,0.91406,0.86455,0.453426,0.937726,-0.0288879,-0.284196,-0.842383,-0.0621317,0.932404,-0.740119,-0.314754,0.252378,0.818185,-0.239426,0.559088;-8.16769,3.36149,-8.46923,2.30171
107;0.855362,-0.482519,-0.525329,-0.909544,0.183073,0.305388,0.215825,0.469306,-0.721291,-0.146234,0.997232,0.903077,0.347621,0.347789,-0.542564,0.102743,-0.653525,0.712174,0.901569,-0.425611,0.282482,0.297586,0.862475,0.623206,0.636579;-1.95959,-2.86244,-8.83394,4.85876
108;0.37958,-0.526973,-0.602222,-0.982402,0.230144,0.305388,0.356072,0.473993,-0.388013,-0.277826,0.998152,0.909143,0.595411,-0.144905,-0.447319,-0.839912,-0.781304,0.74658,0.848981,0.669387,-0.35421,0.420355,0.951187,0.781279,0.688526;8.25879,-6.05038,-6.9575,3.82798
109;-0.0994486,-0.402281,-0.0885301,-0.890561,0.26039,0.397094,-0.52645,0.369576,-0.0268293,-0.43392,0.962001,0.890373,0.671786,0.881295,0.088465,-0.926052,-0.859648,0.00244576,0.864904,0.0704612,-0.766531,0.383411,0.93079,0.0127714,0.604963;0.213935,-2.37004,-7.38437,2.65467
110;0.624919,-0.346674,-0.0987204,-0.281892,0.250155,0.397094,-0.696258,0.365483,-0.502662,-0.310146,0.91406,0.86455,0.453426,0.937726,-0.0288879,-0.284196,-0.842383,-0.0621317,0.932404,-0.740119,-0.314754,0.252378,0.818185,-0.239426,0.559088;-8.16769,3.36149,-8.46923,2.30171
111;0.855362,-0.482519,-0.525329,-0.909544,0.183073,0.305388,0.215825,0.469306,-0.721291,-0.146234,0.997232,0.903077,0.347621,0.347789,-0.542564,0.102743,-0.653525,0.712174,0.901569,-0.425611,0.282482,0.297586,0.862475,0.623206,0.636579;-1.95959,-2.86244,-8.83394,4.85876
112;0.37958,-0.526973,-0.602222,-0.982402,0.230144,0.305388,0.356072,0.473993,-0.388013,-0.277826,0.998152,0.909143,0.595411,-0.144905,-0.447319,-0.839912,-0.781304,0.74658,0.848981,0.669387,-0.35421,0.420355,0.951187,0.781279,0.688526;8.25879,-6.05038,-6.9575,3.82798
113;-0.0994486,-0.402281,-0.0885301,-0.890561,0.26039,0.397094,-0.52645,0.369576,-0.0268293,-0.43392,0.962001,0.890373,0.671786,0.881295,0.088465,-0.926052,-0.859648,0.00244576,0.864904,0.0704612,-0.766531,0.383411,0.93079,0.0127714,0.604963;0.213935,-2.37004,-7.38437,2.65467
114;0.624919,-0.346674,-0.0987204,-0.281892,0.250155,0.397094,-0.696258,0.365483,-0.502662,-0.310146,0.91406,0.86455,0.453426,0.937726,-0.0288879,-0.284196,-0.842383,-0.0621317,0.932404,-0.740119,-0.314754,0.252378,0.818185,-0.239426,0.559088;-8.16769,3.36149,-8.46923,2.30171
115;0.855362,-0.482519,-0.525329,-0.909544,0.183073,0.305388,0.215825,0.469306,-0.721291,-0.146234,0.997232,0.903077,0.347621,0.347789,-0.542564,0.102743,-0.653525,0.712174,0.901569,-0.425611,0.282482,0.297586,0.862475,0.623206,0.636579;-1.95959,-2.86244,-8.83394,4.85876
116;0.37958,-0.526973,-0.602222,-0.982402,0.230144,0.305388,0.356072,0.473993,-0.388013,-0.277826,0.998152,0.909143,0.595411,-0.144905,-0.447319,-0.839912,-0.781304,0.74658,0.848981,0.669387,-0.35421,0.420355,0.951187,0.781279,0.688526;8.25879,-6.05038,-6.9575,3.82798
117;-0.0994486,-0.402281,-0.0885301,-0.890561,0.26039,0.397094,-0.52645,0.369576,-0.0268293,-0.43392,0.962001,0.890373,0.671786,0.881295,0.088465,-0.926052,-0.859648,0.00244576,0.864904,0.0704612,-0.766531,0.383411,0.93079,0.0127714,0.604963;0.213935,-2.37004,-7.38437,2.65467
118;0.624919,-0.346674,-0.0987204,-0.281892,0.250155,0.397094,-0.696258,0.365483,-0.502662,-0.310146,0.91406,0.86455,0.453426,0.937726,-0.0288879,-0.284196,-0.842383,-0.0621317,0.932404,-0.740119,-0.314754,0.252378,0.818185,-0.239426,0.559088;-8.16769,3.36149,-8.46923,2.30171
119;0.855362,-0.482519,-0.525329,-0.909544,0.183073,0.305388,0.215825,0.469306,-0.721291,-0.146234,0.997232,0.903077,0.347621,0.347789,-0.542564,0.102743,-0.653525,0.712174,0.901569,-0.425611,0.282482,0.297586,0.862475,0.623206,0.636579;-1.95959,-2.86244,-8.83394,4.85876
120;0.37958,-0.526973,-0.602222,-0.982402,0.230144,0.305388,0.356072,0.473993,-0.388013,-0.277826,0.998152,0.909143,0.595411,-0.144905,-0.447319,-0.839912,-0.781304,0.74658,0.848981,0.669387,-0.35421,0.420355,0.951187,0.781279,0.688526;8.25879,-6.05038,-6.9575,3.82798
121;-0.0994486,-0.402281,-0.0885301,-0.890561,0.26039,0.397094,-0.52645,0.369576,-0.0268293,-0.43392,0.962001,0.890373,0.671786,0.881295,0.088465,-0.926052,-0.859648,0.00244576,0.864904,0.0704612,-0.766531,0.383411,0.93079,0.0127714,0.604963;0.213935,-2.37004,-7.38437,2.65467
122;0.624919,-0.346674,-0.0987204,-0.281892,0.250155,0.397094,-0.696258,0.365483,-0.502662,-0.310146,0.91406,0.86455,0.453426,0.937726,-0.0288879,-0.284196,-0.842383,-0.0621317,0.932404,-0.740119,-0.314754,0.252378,0.818185,-0.239426,0.559088;-8.16769,3.36149,-8.46923,2.30171
123;0.855362,-0.482519,-0.525329,-0.909544,0.183073,0.305388,0.215825,0.469306,-0.721291,-0.146234,0.997232,0.903077,0.347621,0.347789,-0.542564,0.102743,-0.653525,0.712174,0.901569,-0.425611,0.282482,0.297586,0.862475,0.623206,0.636579;-1.95959,-2.86244,-8.83394,4.85876
124;0.37958,-0.526973,-0.602222,-0.982402,0.230144,0.305388,0.356072,0.473993,-0.388013,-0.277826,0.998152,0.909143,0.595411,-0.144905,-0.447319,-0.839912,-0.781304,0.74658,0.848981,0.669387,-0.35421,0.420355,0.951187,0.781279,0.688526;8.25879,-6.05038,-6.9575,3.82798
125;-0.0994486,-0.402281,-0.0885301,-0.890561,0.26039,0.397094,-0.52645,0.369576,-0.0268293,-0.43392,0.962001,0.890373,0.671786,0.881295,0.088465,-0.926052,-0.859648,0.00244576,0.864904,0.0704612,-0.766531,0.383411,0.93079,0.0127714,0.604963;0.213935,-2.37004,-7.38437,2.65467
126;0.624919,-0.346674,-0.0987204,-0.281892,0.250155,0.397094,-0.696258,0.365483,-0.502662,-0.310146,0.91406,0.86455,0.453426,0.937726,-0.0288879,-0.284196,-0.842383,-0.0621317,0.932404,-0.740119,-0.314754,0.252378,0.818185,-0.239426,0.559088;-8.16769,3.36149,-8.46923,2.30171
127;0.855362,-0.482519,-0.525329,-0.909544,0.183073,0.305388,0.215825,0.469306,-0.721291,-0.146234,0.997232,0.903077,0.347621,0.347789,-0.542564,0.102743,-0.653525,0.712174,0.901569,-0.425611,0.282482,0.297586,0.862475,0.623206,0.636579;-1.95959,-2.86244,-8.83394,4.85876
128;0.37958,-0.526973,-0.602222,-0.982402,0.230144,0.305388,0.356072,0.473993,-0.388013,-0.277826,0.998152,0.909143,0.595411,-0.144905,-0.447319,-0.839912,-0.781304,0.74658,0.848981,0.669387,-0.35421,0.420355,0.951187,0.781279,0.688526;8.25879,-6.05038,-6.9575,3.82798
129;-0.0994486,-0.402281,-0.0885301,-0.890561,0.26039,0.397094,-0.52645,0.369576,-0.0268293,-0.43392,0.962001,0.890373,0.671786,0.881295,0.088465,-0.926052,-0.859648,0.00244576,0.864904,0.0704612,-0.766531,0.383411,0.93079,0.0127714,0.604963;0.213935,-2.37004,-7.38437,2.65467
130;0.624919,-0.346674,-0.0987204,-0.281892,0.250155,0.397094,-0.696258,0.365483,-0.502662,-0.310146,0.91406,0.86455,0.453426,0.937726,-0.0288879,-0.284196,-0.842383,-0.0621317,0.932404,-0.740119,-0.314754,0.252378,0.818185,-0.239426,0.559088;-8.16769,3.36149,-8.46923,2.30171
131;0.855362,-0.482519,-0.525329,-0.909544,0.183073,0.305388,0.215825,0.469306,-0.721291,-0.146234,0.997232,0.903077,0.347621,0.347789,-0.542564,0.102743,-0.653525,0.712174,0.901569,-0.425611,0.282482,0.297586,0.862475,0.623206,0.636579;-1.95959,-2.86244,-8.83394,4.85876
132;0.37958,-0.526973,-0.602222,-0.982402,0.230144,0.305388,0.356072,0.473993,-0.388013,-0.277826,0.998152,0.909143,0.595411,-0.144905,-0.447319,-0.839912,-0.781304,0.74658,0.848981,0.669387,-0.35421,0.420355,0.951187,0.781279,0.688526;8.25879,-6.05038,-6.9575,3.82798
133;-0.0994486,-0.402281,-0.0885301,-0.890561,0.26039,0.397094,-0.52645,0.369576,-0.0268293,-0.43392,0.962001,0.890373,0.671786,0.881295,0.088465,-0.926052,-0.859648,0.00244576,0.864904,0.0704612,-0.766531,0.383411,0.93079,0.0127714,0.604963;0.213935,-2.37004,-7.38437,2.65467
134;0.624919,-0.346674,-0.0987204,-0.281892,0.250155,0.397094,-0.696258,0.365483,-0.502662,-0.310146,0.91406,0.86455,0.453426,0.937726,-0.0288879,-0.284196,-0.842383,-0.0621317,0.932404,-0.740119,-0.314754,0.252378,0.818185,-0.239426,0.559088;-8.16769,3.36149,-8.46923,2.30171
135;0.855362,-0.482519,-0.525329,-0.909544,0.183073,0.305388,0.215825,0.469306,-0.721291,-0.146234,0.997232,0.903077,0.347621,0.347789,-0.542564,0.102743,-0.653525,0.712174,0.901569,-0.425611,0.282482,0.297586,0.862475,0.623206,0.636579;-1.95959,-2.86244,-8.83394,4.85876
136;0.37958,-0.526973,-0.602222,-0.982402,0.230144,0.305388,0.356072,0.473993,-0.388013,-0.277826,0.998152,0.909143,0.595411,-0.144905,-0.447319,-0.839912,-0.781304,0.74658,0.848981,0.669387,-0.35421,0.420355,0.951187,0.781279,0.688526;8.25879,-6.05038,-6.9575,3.82798
137;-0.0994486,-0.402281,-0.0885301,-0.890561,0.26039,0.397094,-0.52645,0.369576,-0.0268293,-0.43392,0.962001,0.890373,0.671786,0.881295,0.088465,-0.926052,-0.859648,0.00244576,0.864904,0.0704612,-0.766531,0.383411,0.93079,0.0127714,0.604963;0.213935,-2.37004,-7.38437,2.65467
138;0.624919,-0.346674,-0.0987204,-0.281892,0.250155,0.397094,-0.696258,0.365483,-0.502662,-0.310146,0.91406,0.86455,0.453426,0.937726,-0.0288879,-0.284196,-0.842383,-0.0621317,0.932404,-0.740119,-0.314754,0.252378,0.818185,-0.239426,0.559088;-8.16769,3.36149,-8.46923,2.30171
139;0.855362,-0.482519,-0.525329,-0.909544,0.183073,0.305388,0.215825,0.469306,-0.721291,-0.146234,0.997232,0.903077,0.347621,0.347789,-0.542564,0.102743,-0.653525,0.712174,0.901569,-0.425611,0.282482,0.297586,0.862475,0.623206,0.636579;-1.95959,-2.86244,-8.83394,4.85876
140;0.37958,-0.526973,-0.602222,-0.982402,0.230144,0.305388,0.356072,0.473993,-0.388013,-0.277826,0.998152,0.909143,0.595411,-0.144905,-0.447319,-0.839912,-0.781304,0.74658,0.848981,0.669387,-0.35421,0.420355,0.951187,0.781279,0.688526;8.25879,-6.05038,-6.9575,3.82798
141;-0.0994486,-0.402281,-0.0885301,-0.890561,0.26039,0.397094,-0.52645,0.369576,-0.0268293,-0.43392,0.962001,0.890373,0.671786,0.881295,0.088465,-0.926052,-0.859648,0.00244576,0.864904,0.0704612,-0.766531,0.383411,0.93079,0.0127714,0.604963;0.213935,-2.37004,-7.38437,2.65467
142;0.624919,-0.346674,-0.0987204,-0.281892,0.250155,0.397094,-0.696258,0.365483,-0.502662,-0.310146,0.91406,0.86455,0.453426,0.937726,-0.0288879,-0.284196,-0.842383,-0.0621317,0.932404,-0.740119,-0.314754,0.252378,0.818185,-0.239426,0.559088;-8.16769,3.36149,-8.46923,2.30171
143;0.855362,-0.482519,-0.525329,-0.909544,0.183073,0.305388,0.215825,0.469306,-0.721291,-0.146234,0.997232,0.903077,0.347621,0.347789,-0.542564,0.102743,-0.653525,0.712174,0.901569,-0.425611,0.282482,0.297586,0.862475,0.623206,0.636579;-1.95959,-2.86244,-8.83394,4.85876
144;0.37958,-0.526973,-0.602222,-0.982402,0.230144,0.305388,0.356072,0.473993,-0.388013,-0.277826,0.998152,0.909143,0.595411,-0.144905,-0.447319,-0.839912,-0.781304,0.74658,0.848981,0.669387,-0.35421,0.420355,0.951187,0.781279,0.688526;8.25879,-6.05038,-6.9575,3.82798
145;-0.0994486,-0.402281,-0.0885301,-0.890561,0.26039,0.397094,-0.52645,0.369576,-0.0268293,-0.43392,0.962001,0.890373,0.671786,0.881295,0.088465,-0.926052,-0.859648,0.00244576,0.864904,0.0704612,-0.766531,0.383411,0.93079,0.0127714,0.604963;0.213935,-2.37004,-7.38437,2.65467
146;0.624919,-0.346674,-0.0987204,-0.281892,0.250155,0.397094,-0.696258,0.365483,-0.502662,-0.310146,0.91406,0.86455,0.453426,0.937726,-0.0288879,-0.284196,-0.842383,-0.0621317,0.932404,-0.740119,-0.314754,0.252378,0.818185,-0.239426,0.559088;-8.16769,3.36149,-8.46923,2.30171
147;0.855362,-0.482519,-0.525329,-0.909544,0.183073,0.305388,0.215825,0.469306,-0.721291,-0.146234,0.997232,0.903077,0.347621,0.347789,-0.542564,0.102743,-0.653525,0.712174,0.901569,-0.425611,0.282482,0.297586,0.862475,0.623206,0.636579;-1.95959,-2.86244,-8.83394,4.85876
148;0.37958,-0.526973,-0.602222,-0.982402,0.230144,0.305388,0.356072,0.473993,-0.388013,-0.277826,0.998152,0.909143,0.595411,-0.144905,-0.447319,-0.839912,-0.781304,0.74658,0.848981,0.669387,-0.35421,0.420355,0.951187,0.781279,0.688526;8.25879,-6.05038,-6.9575,3.82798
149;-0.0994486,-0.402281,-0.0885301,-0.890561,0.26039,0.397094,-0.52645,0.369576,-0.0268293,-0.43392,0.962001,0.890373,0.671786,0.881295,0.088465,-0.926052,-0.859648,0.00244576,0.864904,0.0704612,-0.766531,0.383411,0.93079,0.0127714,0.604963;0.213935,-2.37004,-7.38437,2.65467
150;0.624919,-0.346674,-0.0987204,-0.281892,0.250155,0.397094,-0.696258,0.365483,-0.502662,-0.310146,0.91406,0.86455,0.453426,0.937726,-0.0288879,-0.284196,-0.842383,-0.0621317,0.932404,-0.740119,-0.314754,0.252378,0.818185,-0.239426,0.559088;-8.16769,3.36149,-8.46923,2.30171
151;0.855362,-0.482519,-0.525329,-0.909544,0.183073,0.305388,0.215825,0.469306,-0.721291,-0.146234,0.997232,0.903077,0.347621,0.347789,-0.542564,0.102743,-0.653525,0.712174,0.901569,-0.425611,0.282482,0.297586,0.862475,0.623206,0.636579;-1.95959,-2.86244,-8.83394,4.85876
152;0.37958,-0.526973,-0.602222,-0.982402,0.230144,0.305388,0.356072,0.473993,-0.388013,-0.277826,0.998152,0.909143,0.595411,-0.144905,-0.447319,-0.839912,-0.781304,0.74658,0.848981,0.669387,-0.35421,0.420355,0.951187,0.781279,0.688526;8.25879,-6.05038,-6.9575,3.82798
153;-0.0994486,-0.402281,-0.0885301,-0.890561,0.26039,0.397094,-0.52645,0.369576,-0.0268293,-0.43392,0.962001,0.890373,0.671786,0.881295,0.088465,-0.926052,-0.859648,0.00244576,0.864904,0.0704612,-0.766531,0.383411,0.93079,0.0127714,0.604963;0.213935,-2.37004,-7.38437,2.65467
154;0.624919,-0.346674,-0.0987204,-0.281892,0.250155,0.397094,-0.696258,0.365483,-0.502662,-0.310146,0.91406,0.86455,0.453426,0.937726,-0.0288879,-0.284196,-0.842383,-0.0621317,0.932404,-0.740119,-0.314754,0.252378,0.818185,-0.239426,0.559088;-8.16769,3.36149,-8.46923,2.30171
155;0.855362,-0.482519,-0.525329,-0.909544,0.183073,0.305388,0.215825,0.469306,-0.721291,-0.146234,0.997232,0.903077,0.347621,0.347789,-0.542564,0.102743,-0.653525,0.712174,0.901569,-0.425611,0.282482,0.297586,0.862475,0.623206,0.636579;-1.95959,-2.86244,-8.83394,4.85876
156;0.37958,-0.526973,-0.602222,-0.982402,0.230144,0.305388,0.356072,0.473993,-0.388013,-0.277826,0.998152,0.909143,0.595411,-0.144905,-0.447319,-0.839912,-0.781304,0.74658,0.848981,0.669387,-0.35421,0.420355,0.951187,0.781279,0.688526;8.25879,-6.05038,-6.9575,3.82798
157;-0.0994486,-0.402281,-0.0885301,-0.890561,0.26039,0.397094,-0.52645,0.369576,-0.0268293,-0.43392,0.962001,0.890373,0.671786,0.881295,0.088465,-0.926052,-0.859648,0.00244576,0.864904,0.0704612,-0.766531,0.383411,0.93079,0.0127714,0.604963;0.213935,-2.37004,-7.38437,2.65467
158;0.624919,-0.346674,-0.0987204,-0.281892,0.250155,0.397094,-0.696258,0.365483,-0.502662,-0.310146,0.91406,0.86455,0.453426,0.937726,-0.0288879,-0.284196,-0.842383,-0.0621317,0.932404,-0.740119,-0.314754,0.252378,0.818185,-0.239426,0.559088;-8.16769,3.36149,-8.46923,2.30171
159;0.855362,-0.482519,-0.525329,-0.909544,0.183073,0.305388,0.215825,0.469306,-0.721291,-0.146234,0.997232,0.903077,0.347621,0.347789,-0.542564,0.102743,-0.653525,0.712174,0.901569,-0.425611,0.282482,0.297586,0.862475,0.623206,0.636579;-1.95959,-2.86244,-8.83394,4.85876
160;0.37958,-0.526973,-0.602222,-0.982402,0.230144,0.305388,0.356072,0.473993,-0.388013,-0.277826,0.998152,0.909143,0.595411,-0.144905,-0.447319,-0.839912,-0.781304,0.74658,0.848981,0.669387,-0.35421,0.420355,0.951187,0.781279,0.688526;8.25879,-6.05038,-6.9575,3.82798
161;-0.0994486,-0.402281,-0.0885301,-0.890561,0.26039,0.397094,-0.52645,0.369576,-0.0268293,-0.43392,0.962001,0.890373,0.671786,0.881295,0.088465,-0.926052,-0.859648,0.00244576,0.864904,0.0704612,-0.766531,0.383411,0.93079,0.0127714,0.604963;0.213935,-2.37004,-7.38437,2.65467
162;0.624919,-0.346674,-0.0987204,-0.281892,0.250155,0.397094,-0.696258,0.365483,-0.502662,-0.310146,0.91406,0.86455,0.453426,0.937726,-0.0288879,-0.284196,-0.842383,-0.0621317,0.932404,-0.740119,-0.314754,0.252378,0.818185,-0.239426,0.559088;-8.16769,3.36149,-8.46923,2.30171
163;0.855362,-0.482519,-0.525329,-0.909544,0.183073,0.305388,0.215825,0.469306,-0.721291,-0.146234,0.997232,0.903077,0.347621,0.347789,-0.542564,0.102743,-0.653525,0.712174,0.901569,-0.425611,0.282482,0.297586,0.862475,0.623206,0.636579;-1.95959,-2.86244,-8.83394,4.85876
164;0.37958,-0.526973,-0.602222,-0.982402,0.230144,0.305388,0.356072,0.473993,-0.388013,-0.277826,0.998152,0.909143,0.595411,-0.144905,-0.447319,-0.839912,-0.781304,0.74658,0.848981,0.669387,-0.35421,0.420355,0.951187,0.781279,0.688526;8.25879,-6.05038,-6.9575,3.82798
165;-0.0994486,-0.402281,-0.0885301,-0.890561,0.26039,0.397094,-0.52645,0.369576,-0.0268293,-0.43392,0.962001,0.890373,0.671786,0.881295,0.088465,-0.926052,-0.859648,0.00244576,0.864904,0.0704612,-0.766531,0.383411,0.93079,0.0127714,0.604963;0.213935,-2.37004,-7.38437,2.65467
166;0.624919,-0.346674,-0.0987204,-0.281892,0.250155,0.397094,-0.696258,0.365483,-0.502662,-0.310146,0.91406,0.86455,0.453426,0.937726,-0.0288879,-0.284196,-0.842383,-0.0621317,0.932404,-0.740119,-0.314754,0.252378,0.818185,-0.239426,0.559088;-8.16769,3.36149,-8.46923,2.30171
167;0.855362,-0.482519,-0.525329,-0.909544,0.183073,0.305388,0.215825,0.469306,-0.721291,-0.146234,0.997232,0.903077,0.347621,0.347789,-0.542564,0.102743,-0.653525,0.712174,0.901569,-0.425611,0.282482,0.297586,0.862475,0.623206,0.636579;-1.95959,-2.86244,-8.83394,4.85876
168;0.37958,-0.526973,-0.602222,-0.982402,0.230144,0.305388,0.356072,0.473993,-0.388013,-0.277826,0.998152,0.909143,0.595411,-0.144905,-0.447319,-0.839912,-0.781304,0.74658,0.848981,0.669387,-0.35421,0.420355,0.951187,0.781279,0.688526;8.25879,-6.05038,-6.9575,3.82798
169;-0.0994486,-0.402281,-0.0885301,-0.890561,0.26039,0.397094,-0.52645,0.369576,-0.0268293,-0.43392,0.962001,0.890373,0.671786,0.881295,0.088465,-0.926052,-0.859648,0.00244576,0.864904,0.0704612,-0.766531,0.383411,0.93079,0.0127714,0.604963;0.213935,-2.37004,-7.38437,2.65467
170;0.624919,-0.346674,-0.0987204,-0.281892,0.250155,0.397094,-0.696258,0.365483,-0.502662,-0.310146,0.91406,0.86455,0.453426,0.937726,-0.0288879,-0.284196,-0.842383,-0.0621317,0.932404,-0.740119,-0.314754,0.252378,0.818185,-0.239426,0.559088;-8.16769,3.36149,-8.46923,2.30171
171;0.855362,-0.482519,-0.525329,-0.909544,0.183073,0.305388,0.215825,0.469306,-0.721291,-0.146234,0.997232,0.903077,0.347621,0.347789,-0.542564,0.102743,-0.653525,0.712174,0.901569,-0.425611,0.282482,0.297586,0.862475,0.623206,0.636579;-1.95959,-2.86244,-8.83394,4.85876
172;0.37958,-0.526973,-0.602222,-0.982402,0.230144,0.305388,0.356072,0.473993,-0.388013,-0.277826,0.998152,0.909143,0.595411,-0.144905,-0.447319,-0.839912,-0.781304,0.74658,0.848981,0.669387,-0.35421,0.420355,0.951187,0.781279,0.688526;8.25879,-6.05038,-6.9575,3.82798
173;-0.0994486,-0.402281,-0.0885301,-0.890561,0.26039,0.397094,-0.52645,0.369576,-0.0268293,-0.43392,0.962001,0.890373,0.671786,0.881295,0.088465,-0.926052,-0.859648,0.00244576,0.864904,0.0704612,-0.766531,0.383411,0.93079,0.0127714,0.604963;0.213935,-2.37004,-7.38437,2.65467
174;0.624919,-0.346674,-0.0987204,-0.281892,0.250155,0.397094,-0.696258,0.365483,-0.502662,-0.310146,0.91406,0.86455,0.453426,0.937726,-0.0288879,-0.284196,-0.842383,-0.0621317,0.932404,-0.740119,-0.314754,0.252378,0.818185,-0.239426,0.559088;-8.16769,3.36149,-8.46923,2.30171
175;0.855362,-0.482519,-0.525329,-0.909544,0.183073,0.305388,0.215825,0.469306,-0.721291,-0.146234,0.997232,0.903077,0.347621,0.347789,-0.542564,0.102743,-0.653525,0.712174,0.901569,-0.425611,0.282482,0.297586,0.862475,0.623206,0.636579;-1.95959,-2.86244,-8.83394,4.85876
176;0.37958,-0.526973,-0.602222,-0.982402,0.230144,0.305388,0.356072,0.473993,-0.388013,-0.277826,0.998152,0.909143,0.595411,-0.144905,-0.447319,-0.839912,-0.781304,0.74658,0.848981,0.669387,-0.35421,0.420355,0.951187,0.781279,0.688526;8.25879,-6.05038,-6.9575,3.82798
177;-0.0994486,-0.402281,-0.0885301,-0.890561,0.26039,0.397094,-0.52645,0.369576,-0.0268293,-0.43392,0.962001,0.890373,0.671786,0.881295,0.088465,-0.926052,-0.859648,0.00244576,0.864904,0.0704612,-0.766531,0.383411,0.93079,0.0127714,0.604963;0.213935,-2.37004,-7.38437,2.65467
178;0.624919,-0.346674,-0.0987204,-0.281892,0.250155,0.397094,-0.696258,0.365483,-0.502662,-0.310146,0.91406,0.86455,0.453426,0.937726,-0.0288879,-0.284196,-0.842383,-0.0621317,0.932404,-0.740119,-0.314754,0.252378,0.818185,-0.239426,0.559088;-8.16769,3.36149,-8.46923,2.30171
179;0.855362,-0.482519,-0.525329,-0.909544,0.183073,0.305388,0.215825,0.469306,-0.721291,-0.146234,0.997232,0.903077,0.347621,0.347789,-0.542564,0.102743,-0.653525,0.712174,0.901569,-0.425611,0.282482,0.297586,0.862475,0.623206,0.636579;-1.95959,-2.86244,-8.83394,4.85876
180;0.37958,-0.526973,-0.602222,-0.982402,0.230144,0.305388,0.356072,0.473993,-0.388013,-0.277826,0.998152,0.909143,0.595411,-0.144905,-0.447319,-0.839912,-0.781304,0.74658,0.848981,0.669387,-0.35421,0.420355,0.951187,0.781279,0.688526;8.25879,-6.05038,-6.9575,3.82798
181;-0.0994486,-0.402281,-0.0885301,-0.890561,0.26039,0.397094,-0.52645,0.369576,-0.0268293,-0.43392,0.962001,0.890373,0.671786,0.881295,0.088465,-0.926052,-0.859648,0.00244576,0.864904,0.0704612,-0.766531,0.383411,0.93079,0.0127714,0.604963;0.213935,-2.37004,-7.38437,2.65467
182;0.624919,-0.346674,-0.0987204,-0.281892,0.250155,0.397094,-0.696258,0.365483,-0.502662,-0.310146,0.91406,0.86455,0.453426,0.937726,-0.0288879,-0.284196,-0.842383,-0.0621317,0.932404,-0.740119,-0.314754,0.252378,0.818185,-0.239426,0.559088;-8.16769,3.36149,-8.46923,2.30171
183;0.855362,-0.482519,-0.525329,-0.909544,0.183073,0.305388,0.215825,0.469306,-0.721291,-0.146234,0.997232,0.903077,0.347621,0.347789,-0.542564,0.102743,-0.653525,0.712174,0.901569,-0.425611,0.282482,0.297586,0.862475,0.623206,0.636579;-1.95959,-2.86244,-8.83394,4.85876
184;0.37958,-0.526973,-0.602222,-0.982402,0.230144,0.305388,0.356072,0.473993,-0.388013,-0.277826,0.998152,0.909143,0.595411,-0.144905,-0.447319,-0.839912,-0.781304,0.74658,0.848981,0.669387,-0.35421,0.420355,0.951187,0.781279,0.688526;8.25879,-6.05038,-6.9575,3.82798
185;-0.0994486,-0.402281,-0.0885301,-0.890561,0.26039,0.397094,-0.52645,0.369576,-0.0268293,-0.43392,0.962001,0.890373,0.671786,0.881295,0.088465,-0.926052,-0.859648,0.00244576,0.864904,0.0704612,-0.766531,0.383411,0.93079,0.0127714,0.604963;0.213935,-2.37004,-7.38437,2.65467
186;0.624919,-0.346674,-0.0987204,-0.281892,0.250155,0.397094,-0.696258,0.365483,-0.502662,-0.310146,0.91406,0.86455,0.453426,0.937726,-0.0288879,-0.284196,-0.842383,-0.0621317,0.932404,-0.740119,-0.314754,0.252378,0.818185,-0.239426,0.559088;-8.16769,3.36149,-8.46923,2.30171
187;0.855362,-0.482519,-0.525329,-0.909544,0.183073,0.305388,0.215825,0.469306,-0.721291,-0.146234,0.997232,0.903077,0.347621,0.347789,-0.542564,0.102743,-0.653525,0.712174,0.901569,-0.425611,0.282482,0.297586,0.862475,0.623206,0.636579;-1.95959,-2.86244,-8.83394,4.85876
188;0.37958,-0.526973,-0.602222,-0.982402,0.230144,0.305388,0.356072,0.473993,-0.388013,-0.277826,0.998152,0.909143,0.595411,-0.144905,-0.447319,-0.839912,-0.781304,0.74658,0.848981,0.669387,-0.35421,0.420355,0.951187,0.781279,0.688526;8.25879,-6.05038,-6.9575,3.82798
189;-0.0994486,-0.402281,-0.0885301,-0.890561,0.26039,0.397094,-0.52645,0.369576,-0.0268293,-0.43392,0.962001,0.890373,0.671786,0.881295,0.088465,-0.926052,-0.859648,0.00244576,0.864904,0.0704612,-0.766531,0.383411,0.93079,0.0127714,0.604963;0.213935,-2.37004,-7.38437,2.65467
190;0.624919,-0.346674,-0.0987204,-0.281892,0.250155,0.397094,-0.696258,0.365483,-0.502662,-0.310146,0.91406,0.86455,0.453426,0.937726,-0.0288879,-0.284196,-0.842383,-0.0621317,0.932404,-0.740119,-0.314754,0.252378,0.818185,-0.239426,0.559088;-8.16769,3.36149,-8.46923,2.30171
191;0.855362,-0.482519,-0.525329,-0.909544,0.183073,0.305388,0.215825,0.469306,-0.721291,-0.146234,0.997232,0.903077,0.347621,0.347789,-0.542564,0.102743,-0.653525,0.712174,0.901569,-0.425611,0.282482,0.297586,0.862475,0.623206,0.636579;-1.95959,-2.86244,-8.83394,4.85876
192;0.37958,-0.526973,-0.602222,-0.982402,0.230144,0.305388,0.356072,0.473993,-0.388013,-0.277826,0.998152,0.909143,0.595411,-0.144905,-0.447319,-0.839912,-0.781304,0.74658,0.848981,0.669387,-0.35421,0.420355,0.951187,0.781279,0.688526;8.25879,-6.05038,-6.9575,3.82798
193;-0.0994486,-0.402281,-0.0885301,-0.890561,0.26039,0.397094,-0.52645,0.369576,-0.0268293,-0.43392,0.962001,0.890373,0.671786,0.881295,0.088465,-0.926052,-0.859648,0.00244576,0.864904,0.0704612,-0.766531,0.383411,0.93079,0.0127714,0.604963;0.213935,-2.37004,-7.38437,2.65467
194;0.624919,-0.346674,-0.0987204,-0.281892,0.250155,0.397094,-0.696258,0.365483,-0.502662,-0.310146,0.91406,0.86455,0.453426,0.937726,-0.0288879,-0.284196,-0.842383,-0.0621317,0.932404,-0.740119,-0.314754,0.252378,0.818185,-0.239426,0.559088;-8.16769,3.36149,-8.46923,2.30171
195;0.855362,-0.482519,-0.525329,-0.909544,0.183073,0.305388,0.215825,0.469306,-0.721291,-0.146234,0.997232,0.903077,0.347621,0.347789,-0.542564,0.102743,-0.653525,0.712174,0.901569,-0.425611,0.282482,0.297586,0.862475,0.623206,0.636579;-1.95959,-2.86244,-8.83394,4.85876
196;0.37958,-0.526973,-0.602222,-0.982402,0.230144,0.305388,0.356072,0.473993,-0.388013,-0.277826,0.998152,0.909143,0.595411,-0.144905,-0.447319,-0.839912,-0.781304,0.74658,0.848981,0.669387,-0.35421,0.420355,0.951187,0.781279,0.688526;8.25879,-6.05038,-6.9575,3.82798
197;-0.0994486,-0.402281,-0.0885301,-0.890561,0.26039,0.397094,-0.52645,0.369576,-0.0268293,-0.43392,0.962001,0.890373,0.671786,0.881295,0.088465,-0.926052,-0.859648,0.00244576,0.864904,0.0704612,-0.766531,0.383411,0.93079,0.0127714,0.604963;0.213935,-2.37004,-7.38437,2.65467
198;0.624919,-0.346674,-0.0987204,-0.281892,0.250155,0.397094,-0.696258,0.365483,-0.502662,-0.310146,0.91406,0.86455,0.453426,0.937726,-0.0288879,-0.284196,-0.842383,-0.0621317,0.932404,-0.740119,-0.314754,0.252378,0.818185,-0.239426,0.559088;-8.16769,3.36149,-8.46923,2.30171
199;0.855362,-0.482519,-0.525329,-0.909544,0.183073,0.305388,0.215825,0.469306,-0.721291,-0.146234,0.997232,0.903077,0.347621,0.347789,-0.542564,0.102743,-0.653525,0.712174,0.901569,-0.425611,0.282482,0.297586,0.862475,0.623206,0.636579;-1.95959,-2.86244,-8.83394,4.85876
200;0.37958,-0.526973,-0.602222,-0.982402,0.230144,0.305388,0.356072,0.473993,-0.388013,-0.277826,0.998152,0.909143,0.595411,-0.144905,-0.447319,-0.839912,-0.781304,0.74658,0.848981,0.669387,-0.35421,0.420355,0.951187,0.781279,0.688526;8.25879,-6.05038,-6.9575,3.82798
201;-0.0994486,-0.402281,-0.0885301,-0.890561,0.26039,0.397094,-0.52645,0.369576,-0.0268293,-0.43392,0.962001,0.890373,0.671786,0.881295,0.088465,-0.926052,-0.859648,0.00244576,0.864904,0.0704612,-0.766531,0.383411,0.93079,0.0127714,0.604963;0.213935,-2.37004,-7.38437,2.65467
202;0.624919,-0.346674,-0.0987204,-0.281892,0.250155,0.397094,-0.696258,0.365483,-0.502662,-0.310146,0.91406,0.86455,0.453426,0.937726,-0.0288879,-0.284196,-0.842383,-0.0621317,0.932404,-0.740119,-0.314754,0.252378,0.818185,-0.239426,0.559088;-8.16769,3.36149,-8.46923,2.30171
203;0.855362,-0.482519,-0.525329,-0.909544,0.183073,0.305388,0.215825,0.469306,-0.721291,-0.146234,0.997232,0.903077,0.347621,0.347789,-0.542564,0.102743,-0.653525,0.712174,0.901569,-0.425611,0.282482,0.297586,0.862475,0.623206,0.636579;-1.95959,-2.86244,-8.83394,4.85876
204;0.37958,-0.526973,-0.602222,-0.982402,0.230144,0.305388,0.356072,0.473993,-0.388013,-0.277826,0.998152,0.909143,0.595411,-0.144905,-0.447319,-0.839912,-0.781304,0.74658,0.848981,0.669387,-0.35421,0.420355,0.951187,0.781279,0.688526;8.25879,-6.05038,-6.9575,3.82798
205;-0.0994486,-0.402281,-0.0885301,-0.890561,0.26039,0.397094,-0.52645,0.369576,-0.0268293,-0.43392,0.962001,0.890373,0.671786,0.881295,0.088465,-0.926052,-0.859648,0.00244576,0.864904,0.0704612,-0.766531,0.383411,0.93079,0.0127714,0.604963;0.213935,-2.37004,-7.38437,2.65467
206;0.624919,-0.346674,-0.0987204,-0.281892,0.250155,0.397094,-0.696258,0.365483,-0.502662,-0.310146,0.91406,0.86455,0.453426,0.937726,-0.0288879,-0.284196,-0.842383,-0.0621317,0.932404,-0.740119,-0.314754,0.252378,0.818185,-0.239426,0.559088;-8.16769,3.36149,-8.46923,2.30171
207;0.855362,-0.482519,-0.525329,-0.909544,0.183073,0.305388,0.215825,0.469306,-0.721291,-0.146234,0.997232,0.903077,0.347621,0.347789,-0.542564,0.102743,-0.653525,0.712174,0.901569,-0.425611,0.282482,0.297586,0.862475,0.623206,0.636579;-1.95959,-2.86244,-8.83394,4.85876
208;0.37958,-0.526973,-0.602222,-0.982402,0.230144,0.305388,0.356072,0.473993,-0.388013,-0.277826,0.998152,0.909143,0.595411,-0.144905,-0.447319,-0.839912,-0.781304,0.74658,0.848981,0.669387,-0.35421,0.420355,0.951187,0.781279,0.688526;8.25879,-6.05038,-6.9575,3.82798
209;-0.0994486,-0.402281,-0.0885301,-0.890561,0.26039,0.397094,-0.52645,0.369576,-0.0268293,-0.43392,0.962001,0.890373,0.671786,0.881295,0.088465,-0.926052,-0.859648,0.00244576,0.864904,0.0704612,-0.766531,0.383411,0.93079,0.0127714,0.604963;0.213935,-2.37004,-7.38437,2.65467
210;0.624919,-0.346674,-0.0987204,-0.281892,0.250155,0.397094,-0.696258,0.365483,-0.502662,-0.310146,0.91406,0.86455,0.453426,0.937726,-0.0288879,-0.284196,-0.842383,-0.0621317,0.932404,-0.740119,-0.314754,0.252378,0.818185,-0.239426,0.559088;-8.16769,3.36149,-8.46923,2.30171
211;0.855362,-0.482519,-0.525329,-0.909544,0.183073,0.305388,0.215825,0.469306,-0.721291,-0.146234,0.997232,0.903077,0.347621,0.347789,-0.542564,0.102743,-0.653525,0.712174,0.901569,-0.425611,0.282482,0.297586,0.862475,0.623206,0.636579;-1.95959,-2.86244,-8.83394,4.85876
212;0.37958,-0.526973,-0.602222,-0.982402,0.230144,0.305388,0.356072,0.473993,-0.388013,-0.277826,0.998152,0.909143,0.595411,-0.144905,-0.447319,-0.839912,-0.781304,0.74658,0.848981,0.669387,-0.35421,0.420355,0.951187,0.781279,0.688526;8.25879,-6.05038,-6.9575,3.82798
213;-0.0994486,-0.402281,-0.0885301,-0.890561,0.26039,0.397094,-0.52645,0.369576,-0.0268293,-0.43392,0.962001,0.890373,0.671786,0.881295,0.088465,-0.926052,-0.859648,0.00244576,0.864904,0.0704612,-0.766531,0.383411,0.93079,0.0127714,0.604963;0.213935,-2.37004,-7.38437,2.65467
214;0.624919,-0.346674,-0.0987204,-0.281892,0.250155,0.397094,-0.696258,0.365483,-0.502662,-0.310146,0.91406,0.86455,0.453426,0.937726,-0.0288879,-0.284196,-0.842383,-0.0621317,0.932404,-0.740119,-0.314754,0.252378,0.818185,-0.239426,0.559088;-8.16769,3.36149,-8.46923,2.30171
215;0.855362,-0.482519,-0.525329,-0.909544,0.183073,0.305388,0.215825,0.469306,-0.721291,-0.146234,0.997232,0.903077,0.347621,0.347789,-0.542564,0.102743,-0.653525,0.712174,0.901569,-0.425611,0.282482,0.297586,0.862475,0.623206,0.636579;-1.95959,-2.86244,-8.83394,4.85876
216;0.37958,-0.526973,-0.602222,-0.982402,0.230144,0.305388,0.356072,0.473993,-0.388013,-0.277826,0.998152,0.909143,0.595411,-0.144905,-0.447319,-0.839912,-0.781304,0.74658,0.848981,0.669387,-0.35421,0.420355,0.951187,0.781279,0.688526;8.25879,-6.05038,-6.9575,3.82798
217;-0.0994486,-0.402281,-0.0885301,-0.890561,0.26039,0.397094,-0.52645,0.369576,-0.0268293,-0.43392,0.962001,0.890373,0.671786,0.881295,0.088465,-0.926052,-0.859648,0.00244576,0.864904,0.0704612,-0.766531,0.383411,0.93079,0.0127714,0.604963;0.213935,-2.37004,-7.38437,2.65467
218;0.624919,-0.346674,-0.0987204,-0.281892,0.250155,0.397094,-0.696258,0.365483,-0.502662,-0.310146,0.91406,0.86455,0.453426,0.937726,-0.0288879,-0.284196,-0.842383,-0.0621317,0.932404,-0.740119,-0.314754,0.252378,0.818185,-0.239426,0.559088;-8.16769,3.36149,-8.46923,2.30171
219;0.855362,-0.482519,-0.525329,-0.909544,0.183073,0.305388,0.215825,0.469306,-0.721291,-0.146234,0.997232,0.903077,0.347621,0.347789,-0.542564,0.102743,-0.653525,0.712174,0.901569,-0.425611,0.282482,0.297586,0.862475,0.623206,0.636579;-1.95959,-2.86244,-8.83394,4.85876
220;0.37958,-0.526973,-0.602222,-0.982402,0.230144,0.305388,0.356072,0.473993,-0.388013,-0.277826,0.998152,0.909143,0.595411,-0.144905,-0.447319,-0.839912,-0.781304,0.74658,0.848981,0.669387,-0.35421,0.420355,0.951187,0.781279,0.688526;8.25879,-6.05038,-6.9575,3.82798
221;-0.0994486,-0.402281,-0.0885301,-0.890561,0.26039,0.397094,-0.52645,0.369576,-0.0268293,-0.43392,0.962001,0.890373,0.671786,0.881295,0.088465,-0.926052,-0.859648,0.00244576,0.864904,0.0704612,-0.766531,0.383411,0.93079,0.0127714,0.604963;0.213935,-2.37004,-7.38437,2.65467
222;0.624919,-0.346674,-0.0987204,-0.281892,0.250155,0.397094,-0.696258,0.365483,-0.502662,-0.310146,0.91406,0.86455,0.453426,0.937726,-0.0288879,-0.284196,-0.842383,-0.0621317,0.932404,-0.740119,-0.314754,0.252378,0.818185,-0.239426,0.559088;-8.16769,3.36149,-8.46923,2.30171
223;0.855362,-0.482519,-0.525329,-0.909544,0.183073,0.305388,0.215825,0.469306,-0.721291,-0.146234,0.997232,0.903077,0.347621,0.347789,-0.542564,0.102743,-0.653525,0.712174,0.901569,-0.425611,0.282482,0.297586,0.862475,0.623206,0.636579;-1.95959,-2.86244,-8.83394,4.85876
224;0.37958,-0.526973,-0.602222,-0.982402,0.230144,0.305388,0.356072,0.473993,-0.388013,-0.277826,0.998152,0.909143,0.595411,-0.144905,-0.447319,-0.839912,-0.781304,0.74658,0.848981,0.669387,-0.35421,0.420355,0.951187,0.781279,0.688526;8.25879,-6.05038,-6.9575,3.82798
225;-0.0994486,-0.402281,-0.0885301,-0.890561,0.26039,0.397094,-0.52645,0.369576,-0.0268293,-0.43392,0.962001,0.890373,0.671786,0.881295,0.088465,-0.926052,-0.859648,0.00244576,0.864904,0.0704612,-0.766531,0.383411,0.93079,0.0127714,0.604963;0.213935,-2.37004,-7.38437,2.65467
226;0.624919,-0.346674,-0.0987204,-0.281892,0.250155,0.397094,-0.696258,0.365483,-0.502662,-0.310146,0.91406,0.86455,0.453426,0.937726,-0.0288879,-0.284196,-0.842383,-0.0621317,0.932404,-0.740119,-0.314754,0.252378,0.818185,-0.239426,0.559088;-8.16769,3.36149,-8.46923,2.30171
227;0.855362,-0.482519,-0.525329,-0.909544,0.183073,0.305388,0.215825,0.469306,-0.721291,-0.146234,0.997232,0.903077,0.347621,0.347789,-0.542564,0.102743,-0.653525,0.712174,0.901569,-0.425611,0.282482,0.297586,0.862475,0.623206,0.636579;-1.95959,-2.86244,-8.83394,4.85876
228;0.37958,-0.526973,-0.602222,-0.982402,0.230144,0.305388,0.356072,0.473993,-0.388013,-0.277826,0.998152,0.909143,0.595411,-0.144905,-0.447319,-0.839912,-0.781304,0.74658,0.848981,0.669387,-0.35421,0.420355,0.951187,0.781279,0.688526;8.25879,-6.05038,-6.9575,3.82798
229;-0.0994486,-0.402281,-0.0885301,-0.890561,0.26039,0.397094,-0.52645,0.369576,-0.0268293,-0.43392,0.962001,0.890373,0.671786,0.881295,0.088465,-0.926052,-0.859648,0.00244576,0.864904,0.0704612,-0.766531,0.383411,0.93079,0.0127714,0.604963;0.213935,-2.37004,-7.38437,2.65467
230;0.624919,-0.346674,-0.0987204,-0.281892,0.250155,0.397094,-0.696258,0.365483,-0.502662,-0.310146,0.91406,0.86455,0.453426,0.937726,-0.0288879,-0.284196,-0.842383,-0.0621317,0.932404,-0.740119,-0.314754,0.252378,0.818185,-0.239426,0.559088;-8.16769,3.36149,-8.46923,2.30171
231;0.855362,-0.482519,-0.525329,-0.909544,0.183073,0.305388,0.215825,0.469306,-0.721291,-0.146234,0.997232,0.903077,0.347621,0.347789,-0.542564,0.102743,-0.653525,0.712174,0.901569,-0.425611,0.282482,0.297586,0.862475,0.623206,0.636579;-1.95959,-2.86244,-8.83394,4.85876
232;0.37958,-0.526973,-0.602222,-0.982402,0.230144,0.305388,0.356072,0.473993,-0.388013,-0.277826,0.998152,0.909143,0.595411,-0.144905,-0.447319,-0.839912,-0.781304,0.74658,0.848981,0.669387,-0.35421,0.420355,0.951187,0.781279,0.688526;8.25879,-6.05038,-6.9575,3.82798
233;-0.0994486,-0.402281,-0.0885301,-0.890561,0.26039,0.397094,-0.52645,0.369576,-0.0268293,-0.43392,0.962001,0.890373,0.671786,0.881295,0.088465,-0.926052,-0.859648,0.00244576,0.864904,0.0704612,-0.766531,0.383411,0.93079,0.0127714,0.604963;0.213935,-2.37004,-7.38437,2.65467
234;0.624919,-0.346674,-0.0987204,-0.281892,0.250155,0.397094,-0.696258,0.365483,-0.502662,-0.310146,0.91406,0.86455,0.453426,0.937726,-0.0288879,-0.284196,-0.842383,-0.0621317,0.932404,-0.740119,-0.314754,0.252378,0.818185,-0.239426,0.559088;-8.16769,3.36149,-8.46923,2.30171
235;0.855362,-0.482519,-0.525329,-0.909544,0.183073,0.305388,0.215825,0.469306,-0.721291,-0.146234,0.997232,0.903077,0.347621,0.347789,-0.542564,0.102743,-0.653525,0.712174,0.901569,-0.425611,0.282482,0.297586,0.862475,0.623206,0.636579;-1.95959,-2.86244,-8.83394,4.85876
236;0.37958,-0.526973,-0.602222,-0.982402,0.230144,0.305388,0.356072,0.473993,-0.388013,-0.277826,0.998152,0.909143,0.595411,-0.144905,-0.447319,-0.839912,-0.781304,0.74658,0.848981,0.669387,-0.35421,0.420355,0.951187,0.781279,0.688526;8.25879,-6.05038,-6.9575,3.82798
237;-0.0994486,-0.402281,-0.0885301,-0.890561,0.26039,0.397094,-0.52645,0.369576,-0.0268293,-0.43392,0.962001,0.890373,0.671786,0.881295,0.088465,-0.926052,-0.859648,0.00244576,0.864904,0.0704612,-0.766531,0.383411,0.93079,0.0127714,0.604963;0.213935,-2.37004,-7.38437,2.65467
238;0.624919,-0.346674,-0.0987204,-0.281892,0.250155,0.397094,-0.696258,0.365483,-0.502662,-0.310146,0.91406,0.86455,0.453426,0.937726,-0.0288879,-0.284196,-0.842383,-0.0621317,0.932404,-0.740119,-0.314754,0.252378,0.818185,-0.239426,0.559088;-8.16769,3.36149,-8.46923,2.30171
239;0.855362,-0.482519,-0.525329,-0.909544,0.183073,0.305388,0.215825,0.469306,-0.721291,-0.146234,0.997232,0.903077,0.347621,0.347789,-0.542564,0.102743,-0.653525,0.712174,0.901569,-0.425611,0.282482,0.297586,0.862475,0.623206,0.636579;-1.95959,-2.86244,-8.83394,4.85876
240;0.37958,-0.526973,-0.602222,-0.982402,0.230144,0.305388,0.356072,0.473993,-0.388013,-0.277826,0.998152,0.909143,0.595411,-0.144905,-0.447319,-0.839912,-0.781304,0.74658,0.848981,0.669387,-0.35421,0.420355,0.951187,0.781279,0.688526;8.25879,-6.05038,-6.9575,3.82798
241;-0.0994486,-0.402281,-0.0885301,-0.890561,0.26039,0.397094,-0.52645,0.369576,-0.0268293,-0.43392,0.962001,0.890373,0.671786,0.881295,0.088465,-0.926052,-0.859648,0.00244576,0.864904,0.0704612,-0.766531,0.383411,0.93079,0.0127714,0.604963;0.213935,-2.37004,-7.38437,2.65467
242;0.624919,-0.346674,-0.0987204,-0.281892,0.250155,0.397094,-0.696258,0.365483,-0.502662,-0.310146,0.91406,0.86455,0.453426,0.937726,-0.0288879,-0.284196,-0.842383,-0.0621317,0.932404,-0.740119,-0.314754,0.252378,0.818185,-0.239426,0.559088;-8.16769,3.36149,-8.46923,2.30171
243;0.855362,-0.482519,-0.525329,-0.909544,0.183073,0.305388,0.215825,0.469306,-0.721291,-0.146234,0.997232,0.903077,0.347621,0.347789,-0.542564,0.102743,-0.653525,0.712174,0.901569,-0.425611,0.282482,0.297586,0.862475,0.623206,0.636579;-1.95959,-2.86244,-8.83394,4.85876
244;0.37958,-0.526973,-0.602222,-0.982402,0.230144,0.305388,0.356072,0.473993,-0.388013,-0.277826,0.998152,0.909143,0.595411,-0.144905,-0.447319,-0.839912,-0.781304,0.74658,0.848981,0.669387,-0.35421,0.420355,0.951187,0.781279,0.688526;8.25879,-6.05038,-6.9575,3.82798
245;-0.0994486,-0.402281,-0.0885301,-0.890561,0.26039,0.397094,-0.52645,0.369576,-0.0268293,-0.43392,0.962001,0.890373,0.671786,0.881295,0.088465,-0.926052,-0.859648,0.00244576,0.864904,0.0704612,-0.766531,0.383411,0.93079,0.0127714,0.604963;0.213935,-2.37004,-7.38437,2.65467
246;0.624919,-0.346674,-0.0987204,-0.281892,0.250155,0.397094,-0.696258,0.365483,-0.502662,-0.310146,0.91406,0.86455,0.453426,0.937726,-0.0288879,-0.284196,-0.842383,-0.0621317,0.932404,-0.740119,-0.314754,0.252378,0.818185,-0.239426,0.559088;-8.16769,3.36149,-8.46923,2.30171
247;0.855362,-0.482519,-0.525329,-0.909544,0.183073,0.305388,0.215825,0.469306,-0.721291,-0.146234,0.997232,0.903077,0.347621,0.347789,-0.542564,0.102743,-0.653525,0.712174,0.901569,-0.425611,0.282482,0.297586,0.862475,0.623206,0.636579;-1.95959,-2.86244,-8.83394,4.85876
248;0.37958,-0.526973,-0.602222,-0.982402,0.230144,0.305388,0.356072,0.473993,-0.388013,-0.277826,0.998152,0.909143,0.595411,-0.144905,-0.447319,-0.839912,-0.781304,0.74658,0.848981,0.669387,-0.35421,0.420355,0.951187,0.781279,0.688526;8.25879,-6.05038,-6.9575,3.82798
249;-0.0994486,-0.402281,-0.0885301,-0.890561,0.26039,0.397094,-0.52645,0.369576,-0.0268293,-0.43392,0.962001,0.890373,0.671786,0.881295,0.088465,-0.926052,-0.859648,0.00244576,0.864904,0.0704612,-0.766531,0.383411,0.93079,0.0127714,0.604963;0.213935,-2.37004,-7.38437,2.65467
250;0.624919,-0.346674,-0.0987204,-0.281892,0.250155,0.397094,-0.696258,0.365483,-0.502662,-0.310146,0.91406,0.86455,0.453426,0.937726,-0.0288879,-0.284196,-0.842383,-0.0621317,0.932404,-0.740119,-0.314754,0.252378,0.818185,-0.239426,0.559088;-8.16769,3.36149,-8.46923,2.30171
251;0.855362,-0.482519,-0.525329,-0.909544,0.183073,0.305388,0.215825,0.469306,-0.721291,-0.146234,0.997232,0.903077,0.347621,0.347789,-0.542564,0.102743,-0.653525,0.712174,0.901569,-0.425611,0.282482,0.297586,0.862475,0.623206,0.636579;-1.95959,-2.86244,-8.83394,4.85876
252;0.37958,-0.526973,-0.602222,-0.982402,0.230144,0.305388,0.356072,0.473993,-0.388013,-0.277826,0.998152,0.909143,0.595411,-0.144905,-0.447319,-0.839912,-0.781304,0.74658,0.848981,0.669387,-0.35421,0.420355,0.951187,0.781279,0.688526;8.25879,-6.05038,-6.9575,3.82798
253;-0.0994486,-0.402281,-0.0885301,-0.890561,0.26039,0.397094,-0.52645,0.369576,-0.0268293,-0.43392,0.962001,0.890373,0.671786,0.881295,0.088465,-0.926052,-0.859648,0.00244576,0.864904,0.0704612,-0.766531,0.383411,0.93079,0.0127714,0.604963;0.213935,-2.37004,-7.38437,2.65467
254;0.624919,-0.346674,-0.0987204,-0.281892,0.250155,0.397094,-0.696258,0.365483,-0.502662,-0.310146,0.91406,0.86455,0.453426,0.937726,-0.0288879,-0.284196,-0.842383,-0.0621317,0.932404,-0.740119,-0.314754,0.252378,0.818185,-0.239426,0.559088;-8.16769,3.36149,-8.46923,2.30171
255;0.855362,-0.482519,-0.525329,-0.909544,0.183073,0.305388,0.215825,0.469306,-0.721291,-0.146234,0.997232,0.903077,0.347621,0.347789,-0.542564,0.102743,-0.653525,0.712174,0.901569,-0.425611,0.282482,0.297586,0.862475,0.623206,0.636579;-1.95959,-2.86244,-8.83394,4.85876
256;0.37958,-0.526973,-0.602222,-0.982402,0.230144,0.305388,0.356072,0.473993,-0.388013,-0.277826,0.998152,0.909143,0.595411,-0.144905,-0.447319,-0.839912,-0.781304,0.74658,0.848981,0.669387,-0.35421,0.420355,0.951187,0.781279,0.688526;8.25879,-6.05038,-6.9575,3.82798
257;-0.0994486,-0.402281,-0.0885301,-0.890561,0.26039,0.397094,-0.52645,0.369576,-0.0268293,-0.43392,0.962001,0.890373,0.671786,0.881295,0.088465,-0.926052,-0.859648,0.00244576,0.864904,0.0704612,-0.766531,0.383411,0.93079,0.0127714,0.604963;0.213935,-2.37004,-7.38437,2.65467
258;0.624919,-0.346674,-0.0987204,-0.281892,0.250155,0.397094,-0.696258,0.365483,-0.502662,-0.310146,0.91406,0.86455,0.453426,0.937726,-0.0288879,-0.284196,-0.842383,-0.0621317,0.932404,-0.740119,-0.314754,0.252378,0.818185,-0.239426,0.559088;-8.16769,3.36149,-8.46923,2.30171
259;0.855362,-0.482519,-0.525329,-0.909544,0.183073,0.305388,0.215825,0.469306,-0.721291,-0.146234,0.997232,0.903077,0.347621,0.347789,-0.542564,0.102743,-0.653525,0.712174,0.901569,-0.425611,0.282482,0.297586,0.862475,0.623206,0.636579;-1.95959,-2.86244,-8.83394,4.85876
260;0.37958,-0.526973,-0.602222,-0.982402,0.230144,0.305388,0.356072,0.473993,-0.388013,-0.277826,0.998152,0.909143,0.595411,-0.144905,-0.447319,-0.839912,-0.781304,0.74658,0.848981,0.669387,-0.35421,0.420355,0.951187,0.781279,0.688526;8.25879,-6.05038,-6.9575,3.82798
261;-0.0994486,-0.402281,-0.0885301,-0.890561,0.26039,0.397094,-0.52645,0.369576,-0.0268293,-0.43392,0.962001,0.890373,0.671786,0.881295,0.088465,-0.926052,-0.859648,0.00244576,0.864904,0.0704612,-0.766531,0.383411,0.93079,0.0127714,0.604963;0.213935,-2.37004,-7.38437,2.65467
262;0.624919,-0.346674,-0.0987204,-0.281892,0.250155,0.397094,-0.696258,0.365483,-0.502662,-0.310146,0.91406,0.86455,0.453426,0.937726,-0.0288879,-0.284196,-0.842383,-0.0621317,0.932404,-0.740119,-0.314754,0.252378,0.818185,-0.239426,0.559088;-8.16769,3.36149,-8.46923,2.30171
263;0.855362,-0.482519,-0.525329,-0.909544,0.183073,0.305388,0.215825,0.469306,-0.721291,-0.146234,0.997232,0.903077,0.347621,0.347789,-0.542564,0.102743,-0.653525,0.712174,0.901569,-0.425611,0.282482,0.297586,0.862475,0.623206,0.636579;-1.95959,-2.86244,-8.83394,4.85876
264;0.37958,-0.526973,-0.602222,-0.982402,0.230144,0.305388,0.356072,0.473993,-0.388013,-0.277826,0.998152,0.909143,0.595411,-0.144905,-0.447319,-0.839912,-0.781304,0.74658,0.848981,0.669387,-0.35421,0.420355,0.951187,0.781279,0.688526;8.25879,-6.05038,-6.9575,3.82798
265;-0.0994486,-0.402281,-0.0885301,-0.890561,0.26039,0.397094,-0.52645,0.369576,-0.0268293,-0.43392,0.962001,0.890373,0.671786,0.881295,0.088465,-0.926052,-0.859648,0.00244576,0.864904,0.0704612,-0.766531,0.383411,0.93079,0.0127714,0.604963;0.213935,-2.37004,-7.38437,2.65467
266;0.624919,-0.346674,-0.0987204,-0.281892,0.250155,0.397094,-0.696258,0.365483,-0.502662,-0.310146,0.91406,0.86455,0.453426,0.937726,-0.0288879,-0.284196,-0.842383,-0.0621317,0.932404,-0.740119,-0.314754,0.252378,0.818185,-0.239426,0.559088;-8.16769,3.36149,-8.46923,2.30171
267;0.855362,-0.482519,-0.525329,-0.909544,0.183073,0.305388,0.215825,0.469306,-0.721291,-0.146234,0.997232,0.903077,0.347621,0.347789,-0.542564,0.102743,-0.653525,0.712174,0.901569,-0.425611,0.282482,0.297586,0.862475,0.623206,0.636579;-1.95959,-2.86244,-8.83394,4.85876
268;0.37958,-0.526973,-0.602222,-0.982402,0.230144,0.305388,0.356072,0.473993,-0.388013,-0.277826,0.998152,0.909143,0.595411,-0.144905,-0.447319,-0.839912,-0.781304,0.74658,0.848981,0.669387,-0.35421,0.420355,0.951187,0.781279,0.688526;8.25879,-6.05038,-6.9575,3.82798
269;-0.0994486,-0.402281,-0.0885301,-0.890561,0.26039,0.397094,-0.52645,0.369576,-0.0268293,-0.43392,0.962001,0.890373,0.671786,0.881295,0.088465,-0.926052,-0.859648,0.00244576,0.864904,0.0704612,-0.766531,0.383411,0.93079,0.0127714,0.604963;0.213935,-2.37004,-7.38437,2.65467
270;0.624919,-0.346674,-0.0987204,-0.281892,0.250155,0.397094,-0.696258,0.365483,-0.502662,-0.310146,0.91406,0.86455,0.453426,0.937726,-0.0288879,-0.284196,-0.842383,-0.0621317,0.932404,-0.740119,-0.314754,0.252378,0.818185,-0.239426,0.559088;-8.16769,3.36149,-8.46923,2.30171
271;0.855362,-0.482519,-0.525329,-0.909544,0.183073,0.305388,0.215825,0.469306,-0.721291,-0.146234,0.997232,0.903077,0.347621,0.347789,-0.542564,0.102743,-0.653525,0.712174,0.901569,-0.425611,0.282482,0.297586,0.862475,0.623206,0.636579;-1.95959,-2.86244,-8.83394,4.85876
272;0.37958,-0.526973,-0.602222,-0.982402,0.230144,0.305388,0.356072,0.473993,-0.388013,-0.277826,0.998152,0.909143,0.595411,-0.144905,-0.447319,-0.839912,-0.781304,0.74658,0.848981,0.669387,-0.35421,0.420355,0.951187,0.781279,0.688526;8.25879,-6.05038,-6.9575,3.82798
273;-0.0994486,-0.402281,-0.0885301,-0.890561,0.26039,0.397094,-0.52645,0.369576,-0.0268293,-0.43392,0.962001,0.890373,0.671786,0.881295,0.088465,-0.926052,-0.859648,0.00244576,0.864904,0.0704612,-0.766531,0.383411,0.93079,0.0127714,0.604963;0.213935,-2.37004,-7.38437,2.65467
274;0.624919,-0.346674,-0.0987204,-0.281892,0.250155,0.397094,-0.696258,0.365483,-0.502662,-0.310146,0.91406,0.86455,0.453426,0.937726,-0.0288879,-0.284196,-0.842383,-0.0621317,0.932404,-0.740119,-0.314754,0.252378,0.818185,-0.239426,0.559088;-8.16769,3.36149,-8.46923,2.30171
275;0.855362,-0.482519,-0.525329,-0.909544,0.183073,0.305388,0.215825,0.469306,-0.721291,-0.146234,0.997232,0.903077,0.347621,0.347789,-0.542564,0.102743,-0.653525,0.712174,0.901569,-0.425611,0.282482,0.297586,0.862475,0.623206,0.636579;-1.95959,-2.86244,-8.83394,4.85876
276;0.37958,-0.526973,-0.602222,-0.982402,0.230144,0.305388,0.356072,0.473993,-0.388013,-0.277826,0.998152,0.909143,0.595411,-0.144905,-0.447319,-0.839912,-0.781304,0.74658,0.848981,0.669387,-0.35421,0.420355,0.951187,0.781279,0.688526;8.25879,-6.05038,-6.9575,3.82798
277;-0.0994486,-0.402281,-0.0885301,-0.890561,0.26039,0.397094,-0.52645,0.369576,-0.0268293,-0.43392,0.962001,0.890373,0.671786,0.881295,0.088465,-0.926052,-0.859648,0.00244576,0.864904,0.0704612,-0.766531,0.383411,0.93079,0.0127714,0.604963;0.213935,-2.37004,-7.38437,2.65467
278;0.624919,-0.346674,-0.0987204,-0.281892,0.250155,0.397094,-0.696258,0.365483,-0.502662,-0.310146,0.91406,0.86455,0.453426,0.937726,-0.0288879,-0.284196,-0.842383,-0.0621317,0.932404,-0.740119,-0.314754,0.252378,0.818185,-0.239426,0.559088;-8.16769,3.36149,-8.46923,2.30171
279;0.855362,-0.482519,-0.525329,-0.909544,0.183073,0.305388,0.215825,0.469306,-0.721291,-0.146234,0.997232,0.903077,0.347621,0.347789,-0.542564,0.102743,-0.653525,0.712174,0.901569,-0.425611,0.282482,0.297586,0.862475,0.623206,0.636579;-1.95959,-2.86244,-8.83394,4.85876
280;0.37958,-0.526973,-0.602222,-0.982402,0.230144,0.305388,0.356072,0.473993,-0.388013,-0.277826,0.998152,0.909143,0.595411,-0.144905,-0.447319,-0.839912,-0.781304,0.74658,0.848981,0.669387,-0.35421,0.420355,0.951187,0.781279,0.688526;8.25879,-6.05038,-6.9575,3.82798
281;-0.0994486,-0.402281,-0.0885301,-0.890561,0.26039,0.397094,-0.52645,0.369576,-0.0268293,-0.43392,0.962001,0.890373,0.671786,0.881295,0.088465,-0.926052,-0.859648,0.00244576,0.864904,0.0704612,-0.766531,0.383411,0.93079,0.0127714,0.604963;0.213935,-2.37004,-7.38437,2.65467
282;0.624919,-0.346674,-0.0987204,-0.281892,0.250155,0.397094,-0.696258,0.365483,-0.502662,-0.310146,0.91406,0.86455,0.453426,0.937726,-0.0288879,-0.284196,-0.842383,-0.0621317,0.932404,-0.740119,-0.314754,0.252378,0.818185,-0.239426,0.559088;-8.16769,3.36149,-8.46923,2.30171
283;0.855362,-0.482519,-0.525329,-0.909544,0.183073,0.305388,0.215825,0.469306,-0.721291,-0.146234,0.997232,0.903077,0.347621,0.347789,-0.542564,0.102743,-0.653525,0.712174,0.901569,-0.425611,0.282482,0.297586,0.862475,0.623206,0.636579;-1.95959,-2.86244,-8.83394,4.85876
284;0.37958,-0.526973,-0.602222,-0.982402,0.230144,0.305388,0.356072,0.473993,-0.388013,-0.277826,0.998152,0.909143,0.595411,-0.144905,-0.447319,-0.839912,-0.781304,0.74658,0.848981,0.669387,-0.35421,0.420355,0.951187,0.781279,0.688526;8.25879,-6.05038,-6.9575,3.82798
285;-0.0994486,-0.402281,-0.0885301,-0.890561,0.26039,0.397094,-0.52645,0.369576,-0.0268293,-0.43392,0.962001,0.890373,0.671786,0.881295,0.088465,-0.926052,-0.859648,0.00244576,0.864904,0.0704612,-0.766531,0.383411,0.93079,0.0127714,0.604963;0.213935,-2.37004,-7.38437,2.65467
286;0.624919,-0.346674,-0.0987204,-0.281892,0.250155,0.397094,-0.696258,0.365483,-0.502662,-0.310146,0.91406,0.86455,0.453426,0.937726,-0.0288879,-0.284196,-0.842383,-0.0621317,0.932404,-0.740119,-0.314754,0.252378,0.818185,-0.239426,0.559088;-8.16769,3.36149,-8.46923,2.30171
287;0.855362,-0.482519,-0.525329,-0.909544,0.183073,0.305388,0.215825,0.469306,-0.721291,-0.146234,0.997232,0.903077,0.347621,0.347789,-0.542564,0.102743,-0.653525,0.712174,0.901569,-0.425611,0.282482,0.297586,0.862475,0.623206,0.636579;-1.95959,-2.86244,-8.83394,4.85876
288;0.37958,-0.526973,-0.602222,-0.982402,0.230144,0.305388,0.356072,0.473993,-0.388013,-0.277826,0.998152,0.909143,0.595411,-0.144905,-0.447319,-0.839912,-0.781304,0.74658,0.848981,0.669387,-0.35421,0.420355,0.951187,0.781279,0.688526;8.25879,-6.05038,-6.9575,3.82798
289;-0.0994486,-0.402281,-0.0885301,-0.890561,0.26039,0.397094,-0.52645,0.369576,-0.0268293,-0.43392,0.962001,0.890373,0.671786,0.881295,0.088465,-0.926052,-0.859648,0.00244576,0.864904,0.0704612,-0.766531,0.383411,0.93079,0.0127714,0.604963;0.213935,-2.37004,-7.38437,2.65467
290;0.624919,-0.346674,-0.0987204,-0.281892,0.250155,0.397094,-0.696258,0.365483,-0.502662,-0.310146,0.91406,0.86455,0.453426,0.937726,-0.0288879,-0.284196,-0.842383,-0.0621317,0.932404,-0.740119,-0.314754,0.252378,0.818185,-0.239426,0.559088;-8.16769,3.36149,-8.46923,2.30171
291;0.855362,-0.482519,-0.525329,-0.909544,0.183073,0.305388,0.215825,0.469306,-0.721291,-0.146234,0.997232,0.903077,0.347621,0.347789,-0.542564,0.102743,-0.653525,0.712174,0.901569,-0.425611,0.282482,0.297586,0.862475,0.623206,0.636579;-1.95959,-2.86244,-8.83394,4.85876
292;0.37958,-0.526973,-0.602222,-0.982402,0.230144,0.305388,0.356072,0.473993,-0.388013,-0.277826,0.998152,0.909143,0.595411,-0.144905,-0.447319,-0.839912,-0.781304,0.74658,0.848981,0.669387,-0.35421,0.420355,0.951187,0.781279,0.688526;8.25879,-6.05038,-6.9575,3.82798
293;-0.0994486,-0.402281,-0.0885301,-0.890561,0.26039,0.397094,-0.52645,0.369576,-0.0268293,-0.43392,0.962001,0.890373,0.671786,0.881295,0.088465,-0.926052,-0.859648,0.00244576,0.864904,0.0704612,-0.766531,0.383411,0.93079,0.0127714,0.604963;0.213935,-2.37004,-7.38437,2.65467
294;0.624919,-0.346674,-0.0987204,-0.281892,0.250155,0.397094,-0.696258,0.365483,-0.502662,-0.310146,0.91406,0.86455,0.453426,0.937726,-0.0288879,-0.284196,-0.842383,-0.0621317,0.932404,-0.740119,-0.314754,0.252378,0.818185,-0.239426,0.559088;-8.16769,3.36149,-8.46923,2.30171
295;0.855362,-0.482519,-0.525329,-0.909544,0.183073,0.305388,0.215825,0.469306,-0.721291,-0.146234,0.997232,0.903077,0.347621,0.347789,-0.542564,0.102743,-0.653525,0.712174,0.901569,-0.425611,0.282482,0.297586,0.862475,0.623206,0.636579;-1.95959,-2.86244,-8.83394,4.85876
296;0.37958,-0.526973,-0.602222,-0.982402,0.230144,0.305388,0.356072,0.473993,-0.388013,-0.277826,0.998152,0.909143,0.595411,-0.144905,-0.447319,-0.839912,-0.781304,0.74658,0.848981,0.669387,-0.35421,0.420355,0.951187,0.781279,0.688526;8.25879,-6.05038,-6.9575,3.82798
297;-0.0994486,-0.402281,-0.0885301,-0.890561,0.26039,0.397094,-0.52645,0.369576,-0.0268293,-0.43392,0.962001,0.890373,0.671786,0.881295,0.088465,-0.926052,-0.859648,0.00244576,0.864904,0.0704612,-0.766531,0.383411,0.93079,0.0127714,0.604963;0.213935,-2.37004,-7.38437,2.65467
298;0.624919,-0.346674,-0.0987204,-0.281892,0.250155,0.397094,-0.696258,0.365483,-0.502662,-0.310146,0.91406,0.86455,0.453426,0.937726,-0.0288879,-0.284196,-0.842383,-0.0621317,0.932404,-0.740119,-0.314754,0.252378,0.818185,-0.239426,0.559088;-8.16769,3.36149,-8.46923,2.30171
299;0.855362,-0.482519,-0.525329,-0.909544,0.183073,0.305388,0.215825,0.469306,-0.721291,-0.146234,0.997232,0.903077,0.347621,0.347789,-0.542564,0.102743,-0.653525,0.712174,0.901569,-0.425611,0.282482,0.297586,0.862475,0.623206,0.636579;-1.95959,-2.86244,-8.83394,4.85876
