0.267
0.240
0.243
0.237
0.257
0.237
0.327
0.257
0.310
0.280
0.260
0.253
0.250
0.263
0.263
0.253
0.287
0.257
0.277
0.253
0.270
0.263
0.263
0.273
0.280
0.277
0.267
0.257
0.267
0.233
0.293
0.257
0.250
0.283
0.297
0.257
0.263
0.273
0.250
0.277
0.293
0.277
0.270
0.307
0.263
0.260
0.273
0.267
0.280
0.273
0.260
0.287
0.300
0.277
0.277
0.277
0.280
0.263
0.313
0.273
0.327
0.300
0.310
0.290
0.263
0.263
0.277
0.277
0.313
0.283
0.290
0.277
0.263
0.267
0.283
0.303
0.287
0.303
0.307
0.287
0.317
0.287
0.300
0.283
0.300
0.250
0.273
0.293
0.290
0.300
0.313
0.277
0.293
0.290
0.293
0.297
0.290
0.283
0.310
0.320
0.307
0.267
0.290
0.337
0.297
0.323
0.327
0.277
0.313
0.283
0.307
0.273
0.277
0.280
0.307
0.300
0.293
0.320
0.290
0.283
0.343
0.297
0.310
0.250
0.323
0.290
0.303
0.297
0.307
0.310
0.313
0.327
0.287
0.317
0.313
0.333
0.310
0.330
0.323
0.307
0.300
0.303
0.323
0.303
0.277
0.317
0.323
0.307
0.307
0.320
0.323
0.297
0.297
0.313
0.303
0.293
0.323
0.297
0.313
0.317
0.290
0.290
0.307
0.310
0.280
0.317
0.287
0.317
0.310
0.310
0.297
0.297
0.340
0.270
0.310
0.297
0.307
0.323
0.267
0.283
0.320
0.313
0.293
0.273
0.297
0.313
0.320
0.320
0.320
0.320
0.327
0.293
0.320
0.307
0.303
0.290
0.283
0.293
0.303
0.310
0.297
0.307
0.317
0.280
0.330
0.297
0.303
0.307
0.303
0.337
0.303
0.300
0.303
0.280
0.300
0.300
0.270
0.317
0.330
0.333
0.313
0.327
0.310
0.320
0.320
0.317
0.293
0.327
0.300
0.277
0.327
0.333
0.307
0.310
0.310
0.290
0.313
0.313
0.313
0.320
0.310
0.303
0.300
0.333
0.307
0.330
0.300
0.283
0.303
0.317
0.280
0.313
0.333
0.303
0.323
0.310
0.317
0.323
0.293
0.320
0.297
0.300
0.303
0.323
0.353
0.310
0.303
0.300
0.323
0.337
0.297
0.307
0.320
0.307
0.320
0.377
0.290
0.320
0.300
0.323
0.307
0.293
0.320
0.333
0.317
0.323
0.313
0.323
0.340
0.290
0.313
0.297
0.320
0.337
0.327
0.337
0.337
0.300
0.330
0.307
0.297
0.330
0.300
0.300
0.283
0.297
0.327
0.303
0.307
0.317
0.307
0.323
0.307
0.287
0.297
0.297
0.317
0.327
0.320
0.313
0.307
0.323
0.323
0.300
0.330
0.317
0.310
0.363
0.313
0.303
0.313
0.310
0.303
0.310
0.287
0.313
0.323
0.320
0.317
0.320
0.313
0.317
0.303
0.347
0.330
0.317
0.330
0.293
0.307
0.313
0.323
0.317
0.340
0.320
0.333
0.343
0.303
0.337
0.313
0.333
0.337
0.303
0.307
0.287
0.323
0.343
0.313
0.347
0.310
0.310
0.327
0.310
0.297
0.313
0.340
0.303
0.310
0.313
0.320
0.303
0.317
0.287
0.317
0.323
0.337
0.320
0.307
0.303
0.310
0.297
0.313
0.293
0.290
0.330
0.347
0.317
0.293
0.330
0.320
0.303
0.277
0.313
0.343
0.293
0.297
0.293
0.313
0.320
0.313
0.303
0.330
0.300
0.303
0.313
0.320
0.307
0.310
0.330
0.327
0.313
0.303
0.340
0.303
0.320
0.330
0.303
0.320
0.320
0.310
0.337
0.307
0.323
0.310
0.323
0.330
0.330
0.333
0.330
0.307
0.327
0.323
0.330
0.327
0.327
0.333
0.313
0.327
0.347
0.303
0.307
0.330
0.313
0.313
0.333
0.310
0.307
0.347
0.313
0.297
0.323
0.353
0.333
0.333
0.313
0.323
0.337
0.343
0.340
0.360
0.327
0.293
0.313
0.333
0.330
0.337
0.320
0.307
0.360
0.320
0.327
0.310
0.347
0.330
0.320
0.320
0.343
0.323
0.307
0.340
0.310
0.343
0.320
0.317
0.313
0.330
0.290
0.330
0.333
0.327
0.300
