0.147
0.157
0.273
0.293
0.300
0.317
0.343
0.313
0.287
0.307
0.327
0.290
0.307
0.313
0.327
0.297
0.317
0.300
0.343
0.333
0.317
0.327
0.293
0.370
0.327
0.303
0.353
0.333
0.310
0.333
0.330
0.343
0.333
0.320
0.330
0.340
0.390
0.317
0.307
0.317
0.327
0.313
0.333
0.323
0.310
0.340
0.307
0.320
0.313
0.323
0.330
0.320
0.333
0.347
0.350
0.333
0.313
0.310
0.310
0.357
0.323
0.340
0.350
0.320
0.320
0.330
0.330
0.337
0.370
0.330
0.330
0.343
0.307
0.313
0.337
0.317
0.307
0.337
0.337
0.303
0.360
0.327
0.313
0.313
0.327
0.320
0.313
0.350
0.317
0.367
0.340
0.337
0.340
0.343
0.347
0.337
0.340
0.330
0.303
0.303
0.293
0.330
0.380
0.330
0.320
0.343
0.330
0.360
0.327
0.337
0.370
0.307
0.323
0.367
0.320
0.360
0.347
0.373
0.307
0.347
0.327
0.377
0.340
0.343
0.333
0.323
0.323
0.363
0.300
0.337
0.303
0.337
0.353
0.347
0.327
0.353
0.340
0.353
0.317
0.347
0.303
0.333
0.350
0.320
0.333
0.303
0.363
0.320
0.330
0.360
0.340
0.327
0.317
0.330
0.327
0.350
0.353
0.370
0.330
0.317
0.350
0.320
0.340
0.313
0.310
0.320
0.347
0.367
0.340
0.330
0.343
0.350
0.357
0.333
0.387
0.350
0.357
0.370
0.333
0.320
0.337
0.300
0.327
0.333
0.360
0.320
0.323
0.327
0.363
0.340
0.330
0.320
0.343
0.333
0.300
0.317
0.363
0.337
0.320
0.337
0.320
0.350
0.340
0.380
0.303
0.303
0.310
0.327
0.353
0.327
0.330
0.330
0.343
0.313
0.340
0.317
0.367
0.323
0.360
0.330
0.310
0.317
0.333
0.327
0.350
0.310
0.350
0.330
0.303
0.333
0.333
0.317
0.343
0.347
0.353
0.343
0.347
0.327
0.357
0.323
0.350
0.343
0.323
0.343
0.327
0.320
0.337
0.380
0.343
0.347
0.330
0.333
0.363
0.307
0.320
0.317
0.337
0.363
0.347
0.367
0.313
0.330
0.343
0.337
0.347
0.357
0.293
0.367
0.327
0.330
0.333
0.327
0.337
0.313
0.323
0.340
0.360
0.307
0.337
0.333
0.327
0.347
0.363
0.330
0.340
0.337
0.340
0.350
0.323
0.340
0.350
0.380
0.323
0.343
0.340
0.347
0.317
0.327
0.323
0.340
0.343
0.343
0.323
0.340
0.343
0.337
0.327
0.337
0.323
0.313
0.307
0.317
0.313
0.337
0.310
0.333
0.350
0.350
0.343
0.333
0.330
0.337
0.333
0.327
0.330
0.330
0.327
0.317
0.327
0.373
0.323
0.340
0.333
0.320
0.327
0.337
0.363
0.330
0.347
0.323
0.303
0.330
0.330
0.330
0.340
0.317
0.313
0.323
0.303
0.320
0.320
0.360
0.373
0.337
0.330
0.310
0.337
0.340
0.337
0.340
0.333
0.350
0.347
0.327
0.330
0.360
0.340
0.340
0.327
0.317
0.323
0.360
0.340
0.307
0.327
0.337
0.350
0.383
0.340
0.353
0.343
0.330
0.337
0.320
0.347
0.323
0.333
0.323
0.333
0.317
0.390
0.343
0.323
0.327
0.337
0.320
0.353
0.347
0.333
0.330
0.333
0.320
0.327
0.320
0.343
0.313
0.347
0.347
0.320
0.353
0.323
0.310
0.323
0.333
0.310
0.340
0.343
0.323
0.343
0.333
0.317
0.373
0.323
0.340
0.333
0.353
0.323
0.317
0.353
0.353
0.327
0.367
0.310
0.337
0.367
0.350
0.340
0.327
0.323
0.353
0.320
0.313
0.330
0.347
0.333
0.323
0.320
0.323
0.323
0.310
0.333
0.363
0.340
0.350
0.323
0.333
0.317
0.340
0.330
0.327
0.313
0.363
0.333
0.353
0.347
0.337
0.317
0.330
0.323
0.350
0.333
0.333
0.327
0.340
0.357
0.310
0.343
0.327
0.347
0.343
0.350
0.350
0.343
0.343
0.370
0.327
0.320
0.343
0.330
0.327
0.323
0.337
0.347
0.307
0.353
0.327
0.330
0.333
0.340
0.307
