0;100;60
1;110;60
2;120;60
3;130;60
4;140;60
5;150;60
6;160;60
7;170;60
8;170;60
9;177.071;52.9289
10;184.142;45.8579
11;191.213;38.7868
12;191.213;38.7868
13;191.213;38.7868
14;191.213;38.7868
15;184.142;31.7157
16;177.071;24.6447
17;170;17.5736
18;162.929;10.5025
19;162.929;10.5025
20;162.929;10.5025
21;162.929;10.5025
22;155.858;17.5736
23;155.858;17.5736
24;148.787;10.5025
25;148.787;10.5025
26;148.787;10.5025
27;148.787;10.5025
28;141.716;17.5736
29;141.716;17.5736
30;134.645;10.5025
31;134.645;10.5025
32;134.645;10.5025
33;134.645;10.5025
34;127.574;17.5736
35;127.574;17.5736
36;120.503;10.5025
37;120.503;10.5025
38;120.503;10.5025
39;120.503;10.5025
40;113.431;17.5736
41;113.431;17.5736
42;106.36;10.5025
43;106.36;10.5025
44;106.36;10.5025
45;106.36;10.5025
46;99.2893;17.5736
47;99.2893;17.5736
48;92.2183;10.5025
49;92.2183;10.5025
50;92.2183;10.5025
51;92.2183;10.5025
52;85.1472;17.5736
53;85.1472;17.5736
54;78.0761;10.5025
55;78.0761;10.5025
56;78.0761;10.5025
57;78.0761;10.5025
58;71.0051;17.5736
59;71.0051;17.5736
60;63.934;10.5025
61;63.934;10.5025
62;63.934;10.5025
63;63.934;10.5025
64;56.8629;17.5736
65;56.8629;17.5736
66;49.7918;10.5025
67;49.7918;10.5025
68;49.7918;10.5025
69;49.7918;10.5025
70;42.7208;17.5736
71;42.7208;17.5736
72;35.6497;10.5025
73;35.6497;10.5025
74;35.6497;10.5025
75;35.6497;10.5025
76;28.5786;17.5736
77;21.5076;24.6447
78;14.4365;31.7157
79;7.36544;38.7868
80;7.36544;38.7868
81;7.36544;38.7868
82;7.36544;38.7868
83;14.4365;45.8579
84;14.4365;45.8579
85;7.36544;52.9289
86;7.36544;52.9289
87;7.36544;52.9289
88;7.36544;52.9289
89;14.4365;60
90;14.4365;60
91;7.36544;67.0711
92;7.36544;67.0711
93;7.36544;67.0711
94;7.36544;67.0711
95;14.4365;74.1421
96;14.4365;74.1421
97;7.36544;81.2132
98;7.36544;81.2132
99;7.36544;81.2132
100;7.36544;81.2132
101;14.4365;88.2843
102;21.5076;95.3553
103;28.5786;102.426
104;35.6497;109.497
105;35.6497;109.497
106;35.6497;109.497
107;35.6497;109.497
108;42.7208;102.426
109;42.7208;102.426
110;49.7918;109.497
111;49.7918;109.497
112;49.7918;109.497
113;49.7918;109.497
114;56.8629;102.426
115;56.8629;102.426
116;63.934;109.497
117;63.934;109.497
118;63.934;109.497
119;63.934;109.497
120;71.0051;102.426
121;71.0051;102.426
122;78.0761;109.497
123;78.0761;109.497
124;78.0761;109.497
125;78.0761;109.497
126;85.1472;102.426
127;85.1472;102.426
128;92.2183;109.497
129;92.2183;109.497
130;92.2183;109.497
131;92.2183;109.497
132;99.2893;102.426
133;99.2893;102.426
134;106.36;109.497
135;106.36;109.497
136;106.36;109.497
137;106.36;109.497
138;113.431;102.426
139;113.431;102.426
140;120.503;109.497
141;120.503;109.497
142;120.503;109.497
143;120.503;109.497
144;127.574;102.426
145;127.574;102.426
146;134.645;109.497
147;134.645;109.497
148;134.645;109.497
149;134.645;109.497
150;141.716;102.426
151;141.716;102.426
152;148.787;109.497
153;148.787;109.497
154;148.787;109.497
155;148.787;109.497
156;155.858;102.426
157;155.858;102.426
158;162.929;109.497
159;162.929;109.497
160;162.929;109.497
161;162.929;109.497
162;170;102.426
163;177.071;95.3553
164;184.142;88.2843
165;191.213;81.2132
166;191.213;81.2132
167;191.213;81.2132
168;191.213;81.2132
169;184.142;74.1421
170;184.142;74.1421
171;191.213;67.0711
172;191.213;67.0711
173;191.213;67.0711
174;191.213;67.0711
175;184.142;60
176;184.142;60
177;191.213;52.9289
178;191.213;52.9289
179;191.213;52.9289
180;191.213;52.9289
181;184.142;45.8579
182;184.142;45.8579
183;191.213;38.7868
184;191.213;38.7868
185;191.213;38.7868
186;191.213;38.7868
187;184.142;31.7157
188;177.071;24.6447
189;170;17.5736
190;162.929;10.5025
191;162.929;10.5025
192;162.929;10.5025
193;162.929;10.5025
194;155.858;17.5736
195;155.858;17.5736
196;148.787;10.5025
197;148.787;10.5025
198;148.787;10.5025
199;148.787;10.5025
200;141.716;17.5736
201;141.716;17.5736
202;134.645;10.5025
203;134.645;10.5025
204;134.645;10.5025
205;134.645;10.5025
206;127.574;17.5736
207;127.574;17.5736
208;120.503;10.5025
209;120.503;10.5025
210;120.503;10.5025
211;120.503;10.5025
212;113.431;17.5736
213;113.431;17.5736
214;106.36;10.5025
215;106.36;10.5025
216;106.36;10.5025
217;106.36;10.5025
218;99.2893;17.5736
219;99.2893;17.5736
220;92.2183;10.5025
221;92.2183;10.5025
222;92.2183;10.5025
223;92.2183;10.5025
224;85.1472;17.5736
225;85.1472;17.5736
226;78.0761;10.5025
227;78.0761;10.5025
228;78.0761;10.5025
229;78.0761;10.5025
230;71.0051;17.5736
231;71.0051;17.5736
232;63.934;10.5025
233;63.934;10.5025
234;63.934;10.5025
235;63.934;10.5025
236;56.8629;17.5736
237;56.8629;17.5736
238;49.7918;10.5025
239;49.7918;10.5025
240;49.7918;10.5025
241;49.7918;10.5025
242;42.7208;17.5736
243;42.7208;17.5736
244;35.6497;10.5025
245;35.6497;10.5025
246;35.6497;10.5025
247;35.6497;10.5025
248;28.5786;17.5736
249;21.5076;24.6447
250;14.4365;31.7157
251;7.36544;38.7868
252;7.36544;38.7868
253;7.36544;38.7868
254;7.36544;38.7868
255;14.4365;45.8579
256;14.4365;45.8579
257;7.36544;52.9289
258;7.36544;52.9289
259;7.36544;52.9289
260;7.36544;52.9289
261;14.4365;60
262;14.4365;60
263;7.36544;67.0711
264;7.36544;67.0711
265;7.36544;67.0711
266;7.36544;67.0711
267;14.4365;74.1421
268;14.4365;74.1421
269;7.36544;81.2132
270;7.36544;81.2132
271;7.36544;81.2132
272;7.36544;81.2132
273;14.4365;88.2843
274;21.5076;95.3553
275;28.5786;102.426
276;35.6497;109.497
277;35.6497;109.497
278;35.6497;109.497
279;35.6497;109.497
280;42.7208;102.426
281;42.7208;102.426
282;49.7918;109.497
283;49.7918;109.497
284;49.7918;109.497
285;49.7918;109.497
286;56.8629;102.426
287;56.8629;102.426
288;63.934;109.497
289;63.934;109.497
290;63.934;109.497
291;63.934;109.497
292;71.0051;102.426
293;71.0051;102.426
294;78.0761;109.497
295;78.0761;109.497
296;78.0761;109.497
297;78.0761;109.497
298;85.1472;102.426
299;85.1472;102.426
300;92.2183;109.497
