0.046
0.105
0.119
0.135
0.136
0.152
0.149
0.148
0.155
0.158
0.186
0.187
0.206
0.195
0.201
0.200
0.192
0.186
0.210
0.229
0.225
0.228
0.254
0.256
0.243
0.216
0.258
0.238
0.242
0.233
0.263
0.267
0.252
0.247
0.243
0.271
0.262
0.279
0.280
0.280
0.258
0.288
0.262
0.268
0.263
0.274
0.269
0.274
0.264
0.276
0.260
0.251
0.272
0.273
0.273
0.250
0.234
0.231
0.260
0.258
0.261
0.260
0.245
0.277
0.253
0.275
0.269
0.268
0.270
0.247
0.259
0.276
0.235
0.269
0.241
0.243
0.248
0.245
0.233
0.243
0.255
0.244
0.252
0.263
0.252
0.269
0.274
0.279
0.282
0.287
0.285
0.282
0.267
0.252
0.271
0.275
0.280
0.303
0.293
0.268
0.269
0.263
0.302
0.305
0.273
0.313
0.299
0.323
0.296
0.272
0.285
0.284
0.255
0.276
0.293
0.280
0.272
0.279
0.273
0.251
0.261
0.225
0.261
0.240
0.284
0.256
0.265
0.294
0.286
0.284
0.299
0.315
0.287
0.283
0.305
0.299
0.307
0.311
0.296
0.315
0.306
0.302
0.299
0.301
0.278
0.311
0.285
0.280
0.285
0.302
0.278
0.294
0.306
0.277
0.281
0.293
0.323
0.311
0.308
0.301
0.322
0.281
0.258
0.281
0.265
0.271
0.279
0.288
0.287
0.304
0.317
0.249
0.264
0.257
0.264
0.243
0.264
0.298
0.257
0.248
0.289
0.250
0.254
0.282
0.290
0.250
0.264
0.289
0.286
0.284
0.273
0.274
0.276
0.267
0.268
0.257
0.265
0.276
0.254
0.276
0.319
0.264
0.293
0.322
0.319
0.317
0.287
0.313
0.301
0.330
0.283
0.327
0.322
0.351
0.297
0.284
0.350
0.304
0.283
0.299
0.307
0.306
0.304
0.307
0.297
0.330
0.326
0.289
0.347
0.335
0.311
0.296
0.282
0.324
0.291
0.293
0.311
0.310
0.370
0.317
0.334
0.341
0.314
0.338
0.340
0.315
0.338
0.342
0.305
0.314
0.333
0.304
0.313
0.354
0.328
0.327
0.306
0.307
0.314
0.312
0.348
0.309
0.330
0.296
0.350
0.330
0.320
0.338
0.323
0.304
0.270
0.294
0.329
0.325
0.324
0.309
0.301
0.322
0.350
0.303
0.322
0.291
0.304
0.326
0.314
0.327
0.324
0.302
0.308
0.311
0.287
0.311
0.342
0.316
0.287
0.291
0.294
0.288
0.278
0.313
0.274
0.326
0.299
0.306
0.323
0.328
0.317
0.321
0.339
0.311
0.314
0.302
0.322
0.347
0.328
0.302
0.328
0.288
0.331
0.334
0.293
0.345
0.321
0.309
0.318
0.318
0.286
0.313
0.291
0.313
0.285
0.318
0.349
0.308
0.304
0.309
0.290
0.309
0.310
0.320
0.307
0.322
0.300
0.284
0.334
0.313
0.326
0.318
0.307
0.303
0.306
0.302
0.314
0.347
0.341
0.325
0.274
0.308
0.310
0.314
0.317
0.329
0.303
0.323
0.311
0.320
0.325
0.335
0.255
0.295
0.301
0.297
0.327
0.294
0.309
0.325
0.298
0.284
0.332
0.291
0.315
0.341
0.303
0.319
0.314
0.316
0.332
0.339
0.283
0.308
0.283
0.300
0.311
0.298
0.275
0.316
0.321
0.291
0.294
0.333
0.333
0.291
0.292
0.286
0.306
0.308
0.323
0.309
0.295
0.279
0.294
0.296
0.306
0.332
0.313
0.294
0.335
0.320
0.339
0.337
0.289
0.338
0.323
0.267
0.312
0.324
0.308
0.287
0.306
0.337
0.341
0.328
0.301
0.321
0.351
0.357
0.319
0.297
0.314
0.306
0.319
0.328
0.303
0.292
0.301
0.300
0.347
0.323
0.317
0.325
0.310
0.339
0.319
0.322
0.326
0.343
0.330
0.294
0.330
0.300
0.306
0.308
0.276
0.284
0.297
0.305
0.304
0.306
0.293
0.310
0.332
0.316
0.296
0.304
0.314
0.297
0.300
0.284
0.334
0.305
0.299
0.290
0.328
0.348
0.344
0.329
0.327
0.289
0.319
0.303
0.309
0.329
0.364
0.317
0.322
0.330
0.310
0.330
0.269
0.307
