0.225
0.313
0.312
0.320
0.323
0.352
0.385
0.400
0.387
0.417
0.432
0.407
0.410
0.413
0.422
0.427
0.435
0.440
0.430
0.462
0.450
0.482
0.473
0.465
0.490
0.503
0.515
0.518
0.520
0.523
0.517
0.528
0.525
0.527
0.520
0.525
0.528
0.522
0.532
0.520
0.528
0.527
0.533
0.532
0.523
0.532
0.523
0.525
0.532
0.527
0.525
0.527
0.528
0.527
0.535
0.532
0.533
0.527
0.530
0.532
0.530
0.537
0.533
0.523
0.527
0.532
0.530
0.520
0.530
0.518
0.533
0.525
0.528
0.527
0.525
0.537
0.522
0.522
0.527
0.528
0.523
0.527
0.530
0.535
0.535
0.523
0.527
0.520
0.527
0.523
0.528
0.528
0.533
0.528
0.522
0.537
0.537
0.525
0.533
0.528
0.535
0.525
0.523
0.530
0.525
0.522
0.537
0.525
0.530
0.530
0.530
0.518
0.523
0.530
0.528
0.543
0.540
0.525
0.525
0.532
0.527
0.528
0.527
0.532
0.525
0.535
0.520
0.525
0.527
0.523
0.532
0.527
0.523
0.530
0.538
0.532
0.528
0.523
0.532
0.520
0.523
0.552
0.535
0.518
0.530
0.532
0.522
0.535
0.528
0.537
0.535
0.535
0.528
0.525
0.522
0.532
0.533
0.532
0.530
0.525
0.517
0.532
0.525
0.528
0.535
0.548
0.532
0.528
0.533
0.528
0.537
0.525
0.537
0.542
0.533
0.540
0.538
0.525
0.528
0.530
0.542
0.542
0.525
0.528
0.527
0.540
0.547
0.530
0.527
0.525
0.528
0.530
0.530
0.538
0.523
0.533
0.532
0.537
0.530
0.527
0.527
0.527
0.533
0.528
0.527
0.530
0.525
0.530
0.528
0.530
0.525
0.530
0.525
0.525
0.543
0.525
0.528
0.525
0.530
0.525
0.530
0.525
0.527
0.540
0.530
0.525
0.545
0.532
0.528
0.540
0.528
0.533
0.522
0.550
0.522
0.532
0.528
0.523
0.523
0.520
0.522
0.520
0.535
0.522
0.537
0.533
0.535
0.530
0.527
0.532
0.528
0.528
0.528
0.518
0.528
0.525
0.532
0.533
0.532
0.537
0.522
0.532
0.527
0.527
0.517
0.523
0.533
0.533
0.528
0.532
0.530
0.523
0.528
0.525
0.530
0.525
0.530
0.530
0.533
0.548
0.528
0.527
0.537
0.523
0.542
0.520
0.545
0.527
0.527
0.525
0.532
0.533
0.523
0.528
0.527
0.520
0.527
0.527
0.528
0.533
0.535
0.525
0.537
0.522
0.532
0.527
0.528
0.528
0.527
0.525
0.535
0.525
0.535
0.523
0.537
0.538
0.528
0.533
0.528
0.535
0.528
0.530
0.527
0.522
0.532
0.528
0.533
0.532
0.533
0.525
0.527
0.525
0.542
0.527
0.527
0.528
0.530
0.525
0.535
0.525
0.530
0.532
0.528
0.530
0.528
0.528
0.525
0.532
0.523
0.532
0.532
0.530
0.527
0.527
0.532
0.538
0.537
0.528
0.532
0.533
0.530
0.520
0.528
0.540
0.527
0.535
0.530
0.527
0.528
0.525
0.518
0.527
0.533
0.527
0.537
0.533
0.520
0.537
0.525
0.537
0.523
0.520
0.547
0.525
0.523
0.530
0.533
0.525
0.528
0.527
0.527
0.547
0.530
0.523
0.538
0.525
0.528
0.535
0.528
0.530
0.527
0.545
0.525
0.530
0.523
0.537
0.542
0.533
0.525
0.527
0.532
0.523
0.527
0.535
0.543
0.523
0.530
0.517
0.535
0.528
0.527
0.530
0.525
0.533
0.522
0.537
0.527
0.532
0.527
0.543
0.525
0.525
0.530
0.540
0.522
0.523
0.527
0.532
0.532
0.533
0.532
0.527
0.522
0.523
0.532
0.527
0.525
0.523
0.532
0.538
0.530
0.538
0.528
0.528
0.530
0.535
0.530
0.532
0.522
0.532
0.532
0.535
0.530
0.527
0.530
0.527
0.532
0.533
0.532
0.523
0.535
0.528
0.528
0.540
0.532
0.525
0.530
0.530
0.532
0.533
0.535
0.538
0.533
0.525
0.537
0.527
0.528
0.523
0.532
0.533
0.530
0.532
0.525
0.525
0.530
0.528
0.525
0.520
0.525
0.532
