0;100;60
1;100;60
2;100;60
3;100;60
4;92.9289;52.9289
5;85.8579;45.8579
6;78.7868;38.7868
7;78.7868;38.7868
8;85.8579;31.7157
9;92.9289;24.6447
10;100;17.5736
11;107.071;10.5025
12;107.071;10.5025
13;107.071;10.5025
14;107.071;10.5025
15;114.142;17.5736
16;121.213;24.6447
17;128.284;31.7157
18;135.355;38.7868
19;142.426;45.8579
20;149.497;52.9289
21;156.569;60
22;163.64;67.0711
23;170.711;74.1421
24;177.782;81.2132
25;184.853;88.2843
26;191.924;95.3553
27;191.924;95.3553
28;191.924;95.3553
29;184.853;102.426
30;177.782;109.497
31;177.782;109.497
32;177.782;109.497
33;170.711;102.426
34;163.64;95.3553
35;156.569;88.2843
36;156.569;88.2843
37;163.64;81.2132
38;170.711;74.1421
39;170.711;74.1421
40;177.782;81.2132
41;184.853;88.2843
42;191.924;95.3553
43;191.924;95.3553
44;191.924;95.3553
45;184.853;102.426
46;177.782;109.497
47;177.782;109.497
48;177.782;109.497
49;170.711;102.426
50;163.64;95.3553
51;156.569;88.2843
52;156.569;88.2843
53;163.64;81.2132
54;170.711;74.1421
55;170.711;74.1421
56;177.782;81.2132
57;184.853;88.2843
58;191.924;95.3553
59;191.924;95.3553
60;191.924;95.3553
61;184.853;102.426
62;177.782;109.497
63;177.782;109.497
64;177.782;109.497
65;170.711;102.426
66;163.64;95.3553
67;156.569;88.2843
68;156.569;88.2843
69;163.64;81.2132
70;170.711;74.1421
71;170.711;74.1421
72;177.782;81.2132
73;184.853;88.2843
74;191.924;95.3553
75;191.924;95.3553
76;191.924;95.3553
77;184.853;102.426
78;177.782;109.497
79;177.782;109.497
80;177.782;109.497
81;170.711;102.426
82;163.64;95.3553
83;156.569;88.2843
84;156.569;88.2843
85;163.64;81.2132
86;170.711;74.1421
87;170.711;74.1421
88;177.782;81.2132
89;184.853;88.2843
90;191.924;95.3553
91;191.924;95.3553
92;191.924;95.3553
93;184.853;102.426
94;177.782;109.497
95;177.782;109.497
96;177.782;109.497
97;170.711;102.426
98;163.64;95.3553
99;156.569;88.2843
100;156.569;88.2843
101;163.64;81.2132
102;170.711;74.1421
103;170.711;74.1421
104;177.782;81.2132
105;184.853;88.2843
106;191.924;95.3553
107;191.924;95.3553
108;191.924;95.3553
109;184.853;102.426
110;177.782;109.497
111;177.782;109.497
112;177.782;109.497
113;170.711;102.426
114;163.64;95.3553
115;156.569;88.2843
116;156.569;88.2843
117;163.64;81.2132
118;170.711;74.1421
119;170.711;74.1421
120;177.782;81.2132
121;184.853;88.2843
122;191.924;95.3553
123;191.924;95.3553
124;191.924;95.3553
125;184.853;102.426
126;177.782;109.497
127;177.782;109.497
128;177.782;109.497
129;170.711;102.426
130;163.64;95.3553
131;156.569;88.2843
132;156.569;88.2843
133;163.64;81.2132
134;170.711;74.1421
135;170.711;74.1421
136;177.782;81.2132
137;184.853;88.2843
138;191.924;95.3553
139;191.924;95.3553
140;191.924;95.3553
141;184.853;102.426
142;177.782;109.497
143;177.782;109.497
144;177.782;109.497
145;170.711;102.426
146;163.64;95.3553
147;156.569;88.2843
148;156.569;88.2843
149;163.64;81.2132
150;170.711;74.1421
151;170.711;74.1421
152;177.782;81.2132
153;184.853;88.2843
154;191.924;95.3553
155;191.924;95.3553
156;191.924;95.3553
157;184.853;102.426
158;177.782;109.497
159;177.782;109.497
160;177.782;109.497
161;170.711;102.426
162;163.64;95.3553
163;156.569;88.2843
164;156.569;88.2843
165;163.64;81.2132
166;170.711;74.1421
167;170.711;74.1421
168;177.782;81.2132
169;184.853;88.2843
170;191.924;95.3553
171;191.924;95.3553
172;191.924;95.3553
173;184.853;102.426
174;177.782;109.497
175;177.782;109.497
176;177.782;109.497
177;170.711;102.426
178;163.64;95.3553
179;156.569;88.2843
180;156.569;88.2843
181;163.64;81.2132
182;170.711;74.1421
183;170.711;74.1421
184;177.782;81.2132
185;184.853;88.2843
186;191.924;95.3553
187;191.924;95.3553
188;191.924;95.3553
189;184.853;102.426
190;177.782;109.497
191;177.782;109.497
192;177.782;109.497
193;170.711;102.426
194;163.64;95.3553
195;156.569;88.2843
196;156.569;88.2843
197;163.64;81.2132
198;170.711;74.1421
199;170.711;74.1421
200;177.782;81.2132
201;184.853;88.2843
202;191.924;95.3553
203;191.924;95.3553
204;191.924;95.3553
205;184.853;102.426
206;177.782;109.497
207;177.782;109.497
208;177.782;109.497
209;170.711;102.426
210;163.64;95.3553
211;156.569;88.2843
212;156.569;88.2843
213;163.64;81.2132
214;170.711;74.1421
215;170.711;74.1421
216;177.782;81.2132
217;184.853;88.2843
218;191.924;95.3553
219;191.924;95.3553
220;191.924;95.3553
221;184.853;102.426
222;177.782;109.497
223;177.782;109.497
224;177.782;109.497
225;170.711;102.426
226;163.64;95.3553
227;156.569;88.2843
228;156.569;88.2843
229;163.64;81.2132
230;170.711;74.1421
231;170.711;74.1421
232;177.782;81.2132
233;184.853;88.2843
234;191.924;95.3553
235;191.924;95.3553
236;191.924;95.3553
237;184.853;102.426
238;177.782;109.497
239;177.782;109.497
240;177.782;109.497
241;170.711;102.426
242;163.64;95.3553
243;156.569;88.2843
244;156.569;88.2843
245;163.64;81.2132
246;170.711;74.1421
247;170.711;74.1421
248;177.782;81.2132
249;184.853;88.2843
250;191.924;95.3553
251;191.924;95.3553
252;191.924;95.3553
253;184.853;102.426
254;177.782;109.497
255;177.782;109.497
256;177.782;109.497
257;170.711;102.426
258;163.64;95.3553
259;156.569;88.2843
260;156.569;88.2843
261;163.64;81.2132
262;170.711;74.1421
263;170.711;74.1421
264;177.782;81.2132
265;184.853;88.2843
266;191.924;95.3553
267;191.924;95.3553
268;191.924;95.3553
269;184.853;102.426
270;177.782;109.497
271;177.782;109.497
272;177.782;109.497
273;170.711;102.426
274;163.64;95.3553
275;156.569;88.2843
276;156.569;88.2843
277;163.64;81.2132
278;170.711;74.1421
279;170.711;74.1421
280;177.782;81.2132
281;184.853;88.2843
282;191.924;95.3553
283;191.924;95.3553
284;191.924;95.3553
285;184.853;102.426
286;177.782;109.497
287;177.782;109.497
288;177.782;109.497
289;170.711;102.426
290;163.64;95.3553
291;156.569;88.2843
292;156.569;88.2843
293;163.64;81.2132
294;170.711;74.1421
295;170.711;74.1421
296;177.782;81.2132
297;184.853;88.2843
298;191.924;95.3553
299;191.924;95.3553
300;191.924;95.3553
