0;100;60
1;110;60
2;110;60
3;110;60
4;110;60
5;102.929;67.0711
6;95.8579;74.1421
7;88.7868;81.2132
8;81.7157;88.2843
9;74.6447;95.3553
10;67.5736;102.426
11;60.5025;109.497
12;60.5025;109.497
13;50.5025;109.497
14;40.5025;109.497
15;30.5025;109.497
16;20.5025;109.497
17;10.5025;109.497
18;10.5025;109.497
19;10.5025;109.497
20;10.5025;99.4975
21;10.5025;89.4975
22;10.5025;79.4975
23;10.5025;69.4975
24;10.5025;59.4975
25;10.5025;49.4975
26;10.5025;39.4975
27;10.5025;29.4975
28;10.5025;19.4975
29;10.5025;19.4975
30;10.5025;19.4975
31;20.5025;19.4975
32;20.5025;19.4975
33;27.5736;26.5685
34;27.5736;26.5685
35;27.5736;36.5685
36;27.5736;36.5685
37;27.5736;36.5685
38;17.5736;36.5685
39;17.5736;36.5685
40;17.5736;36.5685
41;10.5025;29.4975
42;10.5025;29.4975
43;10.5025;19.4975
44;10.5025;19.4975
45;10.5025;19.4975
46;10.5025;19.4975
47;10.5025;19.4975
48;20.5025;19.4975
49;20.5025;19.4975
50;27.5736;26.5685
51;27.5736;26.5685
52;27.5736;36.5685
53;27.5736;36.5685
54;27.5736;36.5685
55;17.5736;36.5685
56;17.5736;36.5685
57;17.5736;36.5685
58;10.5025;29.4975
59;10.5025;29.4975
60;10.5025;19.4975
61;10.5025;19.4975
62;10.5025;19.4975
63;10.5025;19.4975
64;10.5025;19.4975
65;20.5025;19.4975
66;20.5025;19.4975
67;27.5736;26.5685
68;27.5736;26.5685
69;27.5736;36.5685
70;27.5736;36.5685
71;27.5736;36.5685
72;17.5736;36.5685
73;17.5736;36.5685
74;17.5736;36.5685
75;10.5025;29.4975
76;10.5025;29.4975
77;10.5025;19.4975
78;10.5025;19.4975
79;10.5025;19.4975
80;10.5025;19.4975
81;10.5025;19.4975
82;20.5025;19.4975
83;20.5025;19.4975
84;27.5736;26.5685
85;27.5736;26.5685
86;27.5736;36.5685
87;27.5736;36.5685
88;27.5736;36.5685
89;17.5736;36.5685
90;17.5736;36.5685
91;17.5736;36.5685
92;10.5025;29.4975
93;10.5025;29.4975
94;10.5025;19.4975
95;10.5025;19.4975
96;10.5025;19.4975
97;10.5025;19.4975
98;10.5025;19.4975
99;20.5025;19.4975
100;20.5025;19.4975
101;27.5736;26.5685
102;27.5736;26.5685
103;27.5736;36.5685
104;27.5736;36.5685
105;27.5736;36.5685
106;17.5736;36.5685
107;17.5736;36.5685
108;17.5736;36.5685
109;10.5025;29.4975
110;10.5025;29.4975
111;10.5025;19.4975
112;10.5025;19.4975
113;10.5025;19.4975
114;10.5025;19.4975
115;10.5025;19.4975
116;20.5025;19.4975
117;20.5025;19.4975
118;27.5736;26.5685
119;27.5736;26.5685
120;27.5736;36.5685
121;27.5736;36.5685
122;27.5736;36.5685
123;17.5736;36.5685
124;17.5736;36.5685
125;17.5736;36.5685
126;10.5025;29.4975
127;10.5025;29.4975
128;10.5025;19.4975
129;10.5025;19.4975
130;10.5025;19.4975
131;10.5025;19.4975
132;10.5025;19.4975
133;20.5025;19.4975
134;20.5025;19.4975
135;27.5736;26.5685
136;27.5736;26.5685
137;27.5736;36.5685
138;27.5736;36.5685
139;27.5736;36.5685
140;17.5736;36.5685
141;17.5736;36.5685
142;17.5736;36.5685
143;10.5025;29.4975
144;10.5025;29.4975
145;10.5025;19.4975
146;10.5025;19.4975
147;10.5025;19.4975
148;10.5025;19.4975
149;10.5025;19.4975
150;20.5025;19.4975
151;20.5025;19.4975
152;27.5736;26.5685
153;27.5736;26.5685
154;27.5736;36.5685
155;27.5736;36.5685
156;27.5736;36.5685
157;17.5736;36.5685
158;17.5736;36.5685
159;17.5736;36.5685
160;10.5025;29.4975
161;10.5025;29.4975
162;10.5025;19.4975
163;10.5025;19.4975
164;10.5025;19.4975
165;10.5025;19.4975
166;10.5025;19.4975
167;20.5025;19.4975
168;20.5025;19.4975
169;27.5736;26.5685
170;27.5736;26.5685
171;27.5736;36.5685
172;27.5736;36.5685
173;27.5736;36.5685
174;17.5736;36.5685
175;17.5736;36.5685
176;17.5736;36.5685
177;10.5025;29.4975
178;10.5025;29.4975
179;10.5025;19.4975
180;10.5025;19.4975
181;10.5025;19.4975
182;10.5025;19.4975
183;10.5025;19.4975
184;20.5025;19.4975
185;20.5025;19.4975
186;27.5736;26.5685
187;27.5736;26.5685
188;27.5736;36.5685
189;27.5736;36.5685
190;27.5736;36.5685
191;17.5736;36.5685
192;17.5736;36.5685
193;17.5736;36.5685
194;10.5025;29.4975
195;10.5025;29.4975
196;10.5025;19.4975
197;10.5025;19.4975
198;10.5025;19.4975
199;10.5025;19.4975
200;10.5025;19.4975
201;20.5025;19.4975
202;20.5025;19.4975
203;27.5736;26.5685
204;27.5736;26.5685
205;27.5736;36.5685
206;27.5736;36.5685
207;27.5736;36.5685
208;17.5736;36.5685
209;17.5736;36.5685
210;17.5736;36.5685
211;10.5025;29.4975
212;10.5025;29.4975
213;10.5025;19.4975
214;10.5025;19.4975
215;10.5025;19.4975
216;10.5025;19.4975
217;10.5025;19.4975
218;20.5025;19.4975
219;20.5025;19.4975
220;27.5736;26.5685
221;27.5736;26.5685
222;27.5736;36.5685
223;27.5736;36.5685
224;27.5736;36.5685
225;17.5736;36.5685
226;17.5736;36.5685
227;17.5736;36.5685
228;10.5025;29.4975
229;10.5025;29.4975
230;10.5025;19.4975
231;10.5025;19.4975
232;10.5025;19.4975
233;10.5025;19.4975
234;10.5025;19.4975
235;20.5025;19.4975
236;20.5025;19.4975
237;27.5736;26.5685
238;27.5736;26.5685
239;27.5736;36.5685
240;27.5736;36.5685
241;27.5736;36.5685
242;17.5736;36.5685
243;17.5736;36.5685
244;17.5736;36.5685
245;10.5025;29.4975
246;10.5025;29.4975
247;10.5025;19.4975
248;10.5025;19.4975
249;10.5025;19.4975
250;10.5025;19.4975
251;10.5025;19.4975
252;20.5025;19.4975
253;20.5025;19.4975
254;27.5736;26.5685
255;27.5736;26.5685
256;27.5736;36.5685
257;27.5736;36.5685
258;27.5736;36.5685
259;17.5736;36.5685
260;17.5736;36.5685
261;17.5736;36.5685
262;10.5025;29.4975
263;10.5025;29.4975
264;10.5025;19.4975
265;10.5025;19.4975
266;10.5025;19.4975
267;10.5025;19.4975
268;10.5025;19.4975
269;20.5025;19.4975
270;20.5025;19.4975
271;27.5736;26.5685
272;27.5736;26.5685
273;27.5736;36.5685
274;27.5736;36.5685
275;27.5736;36.5685
276;17.5736;36.5685
277;17.5736;36.5685
278;17.5736;36.5685
279;10.5025;29.4975
280;10.5025;29.4975
281;10.5025;19.4975
282;10.5025;19.4975
283;10.5025;19.4975
284;10.5025;19.4975
285;10.5025;19.4975
286;20.5025;19.4975
287;20.5025;19.4975
288;27.5736;26.5685
289;27.5736;26.5685
290;27.5736;36.5685
291;27.5736;36.5685
292;27.5736;36.5685
293;17.5736;36.5685
294;17.5736;36.5685
295;17.5736;36.5685
296;10.5025;29.4975
297;10.5025;29.4975
298;10.5025;19.4975
299;10.5025;19.4975
300;10.5025;19.4975
