0;100;60
1;110;60
2;120;60
3;130;60
4;140;60
5;150;60
6;160;60
7;170;60
8;180;60
9;180;60
10;180;60
11;180;60
12;187.071;67.0711
13;187.071;67.0711
14;187.071;67.0711
15;180;74.1421
16;172.929;81.2132
17;165.858;88.2843
18;158.787;95.3553
19;151.716;102.426
20;144.645;109.497
21;144.645;109.497
22;144.645;109.497
23;137.574;102.426
24;130.503;95.3553
25;123.431;88.2843
26;116.36;81.2132
27;109.289;74.1421
28;102.218;67.0711
29;95.1472;60
30;88.0761;52.9289
31;81.0051;45.8579
32;73.934;38.7868
33;66.8629;31.7157
34;59.7918;24.6447
35;52.7208;17.5736
36;45.6497;10.5025
37;45.6497;10.5025
38;45.6497;10.5025
39;55.6497;10.5025
40;65.6497;10.5025
41;65.6497;10.5025
42;65.6497;20.5025
43;65.6497;30.5025
44;65.6497;40.5025
45;65.6497;50.5025
46;65.6497;60.5025
47;65.6497;70.5025
48;65.6497;80.5025
49;65.6497;90.5025
50;65.6497;100.503
51;65.6497;100.503
52;65.6497;100.503
53;65.6497;100.503
54;58.5786;107.574
55;58.5786;107.574
56;58.5786;107.574
57;51.5076;100.503
58;44.4365;93.4315
59;37.3654;86.3604
60;30.2944;79.2893
61;23.2233;72.2183
62;16.1522;65.1472
63;9.08117;58.0761
64;9.08117;58.0761
65;9.08117;58.0761
66;16.1522;51.0051
67;23.2233;43.934
68;30.2944;36.8629
69;37.3654;29.7918
70;44.4365;22.7208
71;51.5076;15.6497
72;58.5786;8.57864
73;58.5786;8.57864
74;58.5786;8.57864
75;65.6497;15.6497
76;72.7208;22.7208
77;79.7918;29.7918
78;86.8629;36.8629
79;93.934;43.934
80;101.005;51.0051
81;108.076;58.0761
82;115.147;65.1472
83;122.218;72.2183
84;129.289;79.2893
85;136.36;86.3604
86;143.431;93.4315
87;150.503;100.503
88;157.574;107.574
89;157.574;107.574
90;157.574;107.574
91;147.574;107.574
92;137.574;107.574
93;137.574;107.574
94;137.574;97.5736
95;137.574;87.5736
96;137.574;77.5736
97;137.574;67.5736
98;137.574;57.5736
99;137.574;47.5736
100;137.574;37.5736
101;137.574;27.5736
102;137.574;17.5736
103;137.574;17.5736
104;137.574;17.5736
105;144.645;10.5025
106;144.645;10.5025
107;144.645;10.5025
108;151.716;17.5736
109;158.787;24.6447
110;165.858;31.7157
111;172.929;38.7868
112;180;45.8579
113;187.071;52.9289
114;187.071;52.9289
115;187.071;52.9289
116;180;60
117;172.929;67.0711
118;165.858;74.1421
119;158.787;81.2132
120;151.716;88.2843
121;144.645;95.3553
122;137.574;102.426
123;130.503;109.497
124;130.503;109.497
125;130.503;109.497
126;123.431;102.426
127;116.36;95.3553
128;109.289;88.2843
129;102.218;81.2132
130;95.1472;74.1421
131;88.0761;67.0711
132;81.0051;60
133;73.934;52.9289
134;66.8629;45.8579
135;59.7918;38.7868
136;52.7208;31.7157
137;45.6497;24.6447
138;38.5786;17.5736
139;31.5076;10.5025
140;31.5076;10.5025
141;31.5076;10.5025
142;31.5076;10.5025
143;41.5076;10.5025
144;51.5076;10.5025
145;51.5076;10.5025
146;51.5076;20.5025
147;51.5076;30.5025
148;51.5076;40.5025
149;51.5076;50.5025
150;51.5076;60.5025
151;51.5076;70.5025
152;51.5076;80.5025
153;51.5076;90.5025
154;51.5076;100.503
155;51.5076;100.503
156;51.5076;100.503
157;51.5076;100.503
158;44.4365;107.574
159;44.4365;107.574
160;44.4365;107.574
161;37.3654;100.503
162;30.2944;93.4315
163;23.2233;86.3604
164;16.1522;79.2893
165;9.08117;72.2183
166;9.08117;72.2183
167;9.08117;72.2183
168;16.1522;65.1472
169;23.2233;58.0761
170;30.2944;51.0051
171;37.3654;43.934
172;44.4365;36.8629
173;51.5076;29.7918
174;58.5786;22.7208
175;65.6497;15.6497
176;72.7208;8.57864
177;72.7208;8.57864
178;72.7208;8.57864
179;79.7918;15.6497
180;86.8629;22.7208
181;93.934;29.7918
182;101.005;36.8629
183;108.076;43.934
184;115.147;51.0051
185;122.218;58.0761
186;129.289;65.1472
187;136.36;72.2183
188;143.431;79.2893
189;150.503;86.3604
190;157.574;93.4315
191;164.645;100.503
192;171.716;107.574
193;171.716;107.574
194;171.716;107.574
195;171.716;107.574
196;161.716;107.574
197;151.716;107.574
198;151.716;107.574
199;151.716;97.5736
200;151.716;87.5736
201;151.716;77.5736
202;151.716;67.5736
203;151.716;57.5736
204;151.716;47.5736
205;151.716;37.5736
206;151.716;27.5736
207;151.716;17.5736
208;151.716;17.5736
209;151.716;17.5736
210;158.787;10.5025
211;158.787;10.5025
212;158.787;10.5025
213;165.858;17.5736
214;172.929;24.6447
215;180;31.7157
216;187.071;38.7868
217;187.071;38.7868
218;187.071;38.7868
219;180;45.8579
220;172.929;52.9289
221;165.858;60
222;158.787;67.0711
223;151.716;74.1421
224;144.645;81.2132
225;137.574;88.2843
226;130.503;95.3553
227;123.431;102.426
228;116.36;109.497
229;116.36;109.497
230;116.36;109.497
231;109.289;102.426
232;102.218;95.3553
233;95.1472;88.2843
234;88.0761;81.2132
235;81.0051;74.1421
236;73.934;67.0711
237;66.8629;60
238;59.7918;52.9289
239;52.7208;45.8579
240;45.6497;38.7868
241;38.5786;31.7157
242;31.5076;24.6447
243;24.4365;17.5736
244;17.3654;10.5025
245;17.3654;10.5025
246;17.3654;10.5025
247;24.4365;17.5736
248;31.5076;24.6447
249;38.5786;31.7157
250;45.6497;38.7868
251;52.7208;45.8579
252;59.7918;52.9289
253;66.8629;60
254;73.934;67.0711
255;81.0051;74.1421
256;88.0761;81.2132
257;95.1472;88.2843
258;102.218;95.3553
259;109.289;102.426
260;116.36;109.497
261;116.36;109.497
262;116.36;109.497
263;106.36;109.497
264;96.3604;109.497
265;96.3604;109.497
266;96.3604;99.4975
267;96.3604;89.4975
268;96.3604;79.4975
269;96.3604;69.4975
270;96.3604;59.4975
271;96.3604;49.4975
272;96.3604;39.4975
273;96.3604;29.4975
274;96.3604;19.4975
275;96.3604;19.4975
276;96.3604;19.4975
277;96.3604;19.4975
278;103.431;12.4264
279;103.431;12.4264
280;103.431;12.4264
281;110.503;19.4975
282;117.574;26.5685
283;124.645;33.6396
284;131.716;40.7107
285;138.787;47.7817
286;145.858;54.8528
287;152.929;61.9239
288;160;68.9949
289;167.071;76.066
290;174.142;83.1371
291;181.213;90.2082
292;188.284;97.2792
293;188.284;97.2792
294;188.284;97.2792
295;188.284;97.2792
296;188.284;97.2792
297;188.284;107.279
298;188.284;107.279
299;188.284;107.279
300;178.284;107.279
