0;100;60
1;110;60
2;110;60
3;117.071;67.0711
4;124.142;74.1421
5;131.213;81.2132
6;138.284;88.2843
7;145.355;95.3553
8;152.426;102.426
9;159.497;109.497
10;159.497;109.497
11;159.497;109.497
12;159.497;109.497
13;159.497;109.497
14;159.497;109.497
15;159.497;109.497
16;159.497;109.497
17;166.569;102.426
18;173.64;95.3553
19;180.711;88.2843
20;187.782;81.2132
21;187.782;81.2132
22;187.782;81.2132
23;187.782;81.2132
24;187.782;81.2132
25;187.782;91.2132
26;187.782;91.2132
27;180.711;98.2843
28;180.711;98.2843
29;170.711;98.2843
30;160.711;98.2843
31;160.711;98.2843
32;160.711;98.2843
33;160.711;88.2843
34;160.711;78.2843
35;160.711;68.2843
36;160.711;58.2843
37;160.711;48.2843
38;160.711;38.2843
39;160.711;28.2843
40;160.711;18.2843
41;160.711;18.2843
42;160.711;18.2843
43;160.711;18.2843
44;167.782;11.2132
45;167.782;11.2132
46;167.782;11.2132
47;177.782;11.2132
48;177.782;11.2132
49;184.853;18.2843
50;191.924;25.3553
51;191.924;25.3553
52;191.924;35.3553
53;191.924;35.3553
54;191.924;35.3553
55;191.924;35.3553
56;184.853;28.2843
57;177.782;21.2132
58;170.711;14.1421
59;163.64;7.07107
60;163.64;7.07107
61;163.64;7.07107
62;163.64;7.07107
63;163.64;7.07107
64;173.64;7.07107
65;173.64;7.07107
66;180.711;14.1421
67;187.782;21.2132
68;187.782;21.2132
69;187.782;31.2132
70;187.782;31.2132
71;187.782;31.2132
72;187.782;31.2132
73;180.711;24.1421
74;173.64;17.0711
75;166.569;10
76;166.569;10
77;166.569;10
78;166.569;10
79;166.569;10
80;176.569;10
81;176.569;10
82;183.64;17.0711
83;190.711;24.1421
84;190.711;24.1421
85;190.711;34.1421
86;190.711;34.1421
87;190.711;34.1421
88;190.711;34.1421
89;183.64;27.0711
90;176.569;20
91;169.497;12.9289
92;169.497;12.9289
93;169.497;12.9289
94;169.497;12.9289
95;169.497;12.9289
96;179.497;12.9289
97;179.497;12.9289
98;186.569;20
99;186.569;20
100;186.569;30
101;186.569;30
102;186.569;30
103;186.569;30
104;179.497;22.9289
105;172.426;15.8579
106;165.355;8.7868
107;165.355;8.7868
108;165.355;8.7868
109;165.355;8.7868
110;165.355;8.7868
111;175.355;8.7868
112;175.355;8.7868
113;182.426;15.8579
114;189.497;22.9289
115;189.497;22.9289
116;189.497;32.9289
117;189.497;32.9289
118;189.497;32.9289
119;189.497;32.9289
120;182.426;25.8579
121;175.355;18.7868
122;168.284;11.7157
123;168.284;11.7157
124;168.284;11.7157
125;168.284;11.7157
126;168.284;11.7157
127;178.284;11.7157
128;178.284;11.7157
129;185.355;18.7868
130;192.426;25.8579
131;192.426;25.8579
132;192.426;35.8579
133;192.426;35.8579
134;192.426;35.8579
135;192.426;35.8579
136;185.355;28.7868
137;178.284;21.7157
138;171.213;14.6447
139;164.142;7.57359
140;164.142;7.57359
141;164.142;7.57359
142;164.142;7.57359
143;164.142;7.57359
144;174.142;7.57359
145;174.142;7.57359
146;181.213;14.6447
147;188.284;21.7157
148;188.284;21.7157
149;188.284;31.7157
150;188.284;31.7157
151;188.284;31.7157
152;188.284;31.7157
153;181.213;24.6447
154;174.142;17.5736
155;167.071;10.5025
156;167.071;10.5025
157;167.071;10.5025
158;167.071;10.5025
159;167.071;10.5025
160;177.071;10.5025
161;177.071;10.5025
162;184.142;17.5736
163;191.213;24.6447
164;191.213;24.6447
165;191.213;34.6447
166;191.213;34.6447
167;191.213;34.6447
168;191.213;34.6447
169;184.142;27.5736
170;177.071;20.5025
171;170;13.4315
172;170;13.4315
173;170;13.4315
174;170;13.4315
175;170;13.4315
176;180;13.4315
177;180;13.4315
178;187.071;20.5025
179;187.071;20.5025
180;187.071;30.5025
181;187.071;30.5025
182;187.071;30.5025
183;187.071;30.5025
184;180;23.4315
185;172.929;16.3604
186;165.858;9.28932
187;165.858;9.28932
188;165.858;9.28932
189;165.858;9.28932
190;165.858;9.28932
191;175.858;9.28932
192;175.858;9.28932
193;182.929;16.3604
194;190;23.4315
195;190;23.4315
196;190;33.4315
197;190;33.4315
198;190;33.4315
199;190;33.4315
200;182.929;26.3604
201;175.858;19.2893
202;168.787;12.2183
203;168.787;12.2183
204;168.787;12.2183
205;168.787;12.2183
206;168.787;12.2183
207;178.787;12.2183
208;178.787;12.2183
209;185.858;19.2893
210;185.858;19.2893
211;185.858;29.2893
212;185.858;29.2893
213;185.858;29.2893
214;185.858;29.2893
215;178.787;22.2183
216;171.716;15.1472
217;164.645;8.07612
218;164.645;8.07612
219;164.645;8.07612
220;164.645;8.07612
221;164.645;8.07612
222;174.645;8.07612
223;174.645;8.07612
224;181.716;15.1472
225;188.787;22.2183
226;188.787;22.2183
227;188.787;32.2183
228;188.787;32.2183
229;188.787;32.2183
230;188.787;32.2183
231;181.716;25.1472
232;174.645;18.0761
233;167.574;11.0051
234;167.574;11.0051
235;167.574;11.0051
236;167.574;11.0051
237;167.574;11.0051
238;177.574;11.0051
239;177.574;11.0051
240;184.645;18.0761
241;191.716;25.1472
242;191.716;25.1472
243;191.716;35.1472
244;191.716;35.1472
245;191.716;35.1472
246;191.716;35.1472
247;184.645;28.0761
248;177.574;21.0051
249;170.503;13.934
250;170.503;13.934
251;170.503;13.934
252;170.503;13.934
253;170.503;13.934
254;180.503;13.934
255;180.503;13.934
256;187.574;21.0051
257;187.574;21.0051
258;187.574;31.0051
259;187.574;31.0051
260;187.574;31.0051
261;187.574;31.0051
262;180.503;23.934
263;173.431;16.8629
264;166.36;9.79185
265;166.36;9.79185
266;166.36;9.79185
267;166.36;9.79185
268;166.36;9.79185
269;176.36;9.79185
270;176.36;9.79185
271;183.431;16.8629
272;190.503;23.934
273;190.503;23.934
274;190.503;33.934
275;190.503;33.934
276;190.503;33.934
277;190.503;33.934
278;183.431;26.8629
279;176.36;19.7918
280;169.289;12.7208
281;169.289;12.7208
282;169.289;12.7208
283;169.289;12.7208
284;169.289;12.7208
285;179.289;12.7208
286;179.289;12.7208
287;186.36;19.7918
288;186.36;19.7918
289;186.36;29.7918
290;186.36;29.7918
291;186.36;29.7918
292;186.36;29.7918
293;179.289;22.7208
294;172.218;15.6497
295;165.147;8.57864
296;165.147;8.57864
297;165.147;8.57864
298;165.147;8.57864
299;165.147;8.57864
300;175.147;8.57864
