0;100;60
1;100;60
2;107.071;52.9289
3;114.142;45.8579
4;121.213;38.7868
5;121.213;38.7868
6;121.213;38.7868
7;114.142;31.7157
8;107.071;24.6447
9;100;17.5736
10;92.9289;10.5025
11;92.9289;10.5025
12;92.9289;10.5025
13;82.9289;10.5025
14;82.9289;10.5025
15;75.8579;17.5736
16;68.7868;24.6447
17;68.7868;24.6447
18;61.7157;17.5736
19;54.6447;10.5025
20;54.6447;10.5025
21;54.6447;10.5025
22;44.6447;10.5025
23;44.6447;10.5025
24;37.5736;17.5736
25;30.5025;24.6447
26;23.4315;31.7157
27;16.3604;38.7868
28;9.28932;45.8579
29;9.28932;45.8579
30;9.28932;45.8579
31;9.28932;55.8579
32;9.28932;55.8579
33;16.3604;62.9289
34;23.4315;70
35;23.4315;70
36;16.3604;77.0711
37;9.28932;84.1421
38;9.28932;84.1421
39;9.28932;84.1421
40;16.3604;91.2132
41;23.4315;98.2843
42;30.5025;105.355
43;37.5736;112.426
44;37.5736;112.426
45;37.5736;112.426
46;47.5736;112.426
47;47.5736;112.426
48;54.6447;105.355
49;61.7157;98.2843
50;61.7157;98.2843
51;68.7868;105.355
52;75.8579;112.426
53;75.8579;112.426
54;75.8579;112.426
55;85.8579;112.426
56;85.8579;112.426
57;92.9289;105.355
58;100;98.2843
59;100;98.2843
60;107.071;105.355
61;114.142;112.426
62;114.142;112.426
63;114.142;112.426
64;124.142;112.426
65;124.142;112.426
66;131.213;105.355
67;138.284;98.2843
68;138.284;98.2843
69;145.355;105.355
70;152.426;112.426
71;152.426;112.426
72;152.426;112.426
73;162.426;112.426
74;162.426;112.426
75;169.497;105.355
76;176.569;98.2843
77;183.64;91.2132
78;190.711;84.1421
79;190.711;84.1421
80;190.711;84.1421
81;190.711;74.1421
82;190.711;74.1421
83;183.64;67.0711
84;176.569;60
85;176.569;60
86;183.64;52.9289
87;190.711;45.8579
88;190.711;45.8579
89;190.711;45.8579
90;190.711;35.8579
91;190.711;35.8579
92;183.64;28.7868
93;176.569;21.7157
94;169.497;14.6447
95;162.426;7.57359
96;162.426;7.57359
97;162.426;7.57359
98;152.426;7.57359
99;152.426;7.57359
100;145.355;14.6447
101;138.284;21.7157
102;138.284;21.7157
103;131.213;14.6447
104;124.142;7.57359
105;124.142;7.57359
106;124.142;7.57359
107;114.142;7.57359
108;114.142;7.57359
109;107.071;14.6447
110;100;21.7157
111;100;21.7157
112;92.9289;14.6447
113;85.8579;7.57359
114;85.8579;7.57359
115;85.8579;7.57359
116;75.8579;7.57359
117;75.8579;7.57359
118;68.7868;14.6447
119;61.7157;21.7157
120;61.7157;21.7157
121;54.6447;14.6447
122;47.5736;7.57359
123;47.5736;7.57359
124;47.5736;7.57359
125;37.5736;7.57359
126;37.5736;7.57359
127;30.5025;14.6447
128;23.4315;21.7157
129;16.3604;28.7868
130;9.28932;35.8579
131;9.28932;35.8579
132;9.28932;35.8579
133;9.28932;45.8579
134;9.28932;45.8579
135;16.3604;52.9289
136;23.4315;60
137;23.4315;60
138;16.3604;67.0711
139;9.28932;74.1421
140;9.28932;74.1421
141;9.28932;74.1421
142;9.28932;84.1421
143;9.28932;84.1421
144;16.3604;91.2132
145;23.4315;98.2843
146;30.5025;105.355
147;37.5736;112.426
148;37.5736;112.426
149;37.5736;112.426
150;47.5736;112.426
151;47.5736;112.426
152;54.6447;105.355
153;61.7157;98.2843
154;61.7157;98.2843
155;68.7868;105.355
156;75.8579;112.426
157;75.8579;112.426
158;75.8579;112.426
159;85.8579;112.426
160;85.8579;112.426
161;92.9289;105.355
162;100;98.2843
163;100;98.2843
164;107.071;105.355
165;114.142;112.426
166;114.142;112.426
167;114.142;112.426
168;124.142;112.426
169;124.142;112.426
170;131.213;105.355
171;138.284;98.2843
172;138.284;98.2843
173;145.355;105.355
174;152.426;112.426
175;152.426;112.426
176;152.426;112.426
177;162.426;112.426
178;162.426;112.426
179;169.497;105.355
180;176.569;98.2843
181;183.64;91.2132
182;190.711;84.1421
183;190.711;84.1421
184;190.711;84.1421
185;190.711;74.1421
186;190.711;74.1421
187;183.64;67.0711
188;176.569;60
189;176.569;60
190;183.64;52.9289
191;190.711;45.8579
192;190.711;45.8579
193;190.711;45.8579
194;190.711;35.8579
195;190.711;35.8579
196;183.64;28.7868
197;176.569;21.7157
198;169.497;14.6447
199;162.426;7.57359
200;162.426;7.57359
201;162.426;7.57359
202;152.426;7.57359
203;152.426;7.57359
204;145.355;14.6447
205;138.284;21.7157
206;138.284;21.7157
207;131.213;14.6447
208;124.142;7.57359
209;124.142;7.57359
210;124.142;7.57359
211;114.142;7.57359
212;114.142;7.57359
213;107.071;14.6447
214;100;21.7157
215;100;21.7157
216;92.9289;14.6447
217;85.8579;7.57359
218;85.8579;7.57359
219;85.8579;7.57359
220;75.8579;7.57359
221;75.8579;7.57359
222;68.7868;14.6447
223;61.7157;21.7157
224;61.7157;21.7157
225;54.6447;14.6447
226;47.5736;7.57359
227;47.5736;7.57359
228;47.5736;7.57359
229;37.5736;7.57359
230;37.5736;7.57359
231;30.5025;14.6447
232;23.4315;21.7157
233;16.3604;28.7868
234;9.28932;35.8579
235;9.28932;35.8579
236;9.28932;35.8579
237;9.28932;45.8579
238;9.28932;45.8579
239;16.3604;52.9289
240;23.4315;60
241;23.4315;60
242;16.3604;67.0711
243;9.28932;74.1421
244;9.28932;74.1421
245;9.28932;74.1421
246;9.28932;84.1421
247;9.28932;84.1421
248;16.3604;91.2132
249;23.4315;98.2843
250;30.5025;105.355
251;37.5736;112.426
252;37.5736;112.426
253;37.5736;112.426
254;47.5736;112.426
255;47.5736;112.426
256;54.6447;105.355
257;61.7157;98.2843
258;61.7157;98.2843
259;68.7868;105.355
260;75.8579;112.426
261;75.8579;112.426
262;75.8579;112.426
263;85.8579;112.426
264;85.8579;112.426
265;92.9289;105.355
266;100;98.2843
267;100;98.2843
268;107.071;105.355
269;114.142;112.426
270;114.142;112.426
271;114.142;112.426
272;124.142;112.426
273;124.142;112.426
274;131.213;105.355
275;138.284;98.2843
276;138.284;98.2843
277;145.355;105.355
278;152.426;112.426
279;152.426;112.426
280;152.426;112.426
281;162.426;112.426
282;162.426;112.426
283;169.497;105.355
284;176.569;98.2843
285;183.64;91.2132
286;190.711;84.1421
287;190.711;84.1421
288;190.711;84.1421
289;190.711;74.1421
290;190.711;74.1421
291;183.64;67.0711
292;176.569;60
293;176.569;60
294;183.64;52.9289
295;190.711;45.8579
296;190.711;45.8579
297;190.711;45.8579
298;190.711;35.8579
299;190.711;35.8579
300;183.64;28.7868
