-0.138
-0.050
-0.039
-0.015
-0.021
0.021
-0.002
0.016
-0.010
-0.022
0.016
0.029
-0.033
0.030
0.032
0.042
0.025
0.074
0.053
0.057
0.081
0.090
0.092
0.077
0.106
0.114
0.102
0.149
0.131
0.154
0.132
0.151
0.150
0.174
0.158
0.126
0.172
0.177
0.113
0.169
0.197
0.192
0.180
0.203
0.152
0.152
0.172
0.179
0.162
0.176
0.136
0.103
0.140
0.164
0.171
0.155
0.150
0.147
0.117
0.112
0.160
0.134
0.164
0.141
0.148
0.137
0.120
0.134
0.161
0.159
0.162
0.147
0.135
0.126
0.157
0.153
0.146
0.157
0.120
0.166
0.141
0.157
0.149
0.146
0.146
0.174
0.171
0.143
0.149
0.161
0.144
0.165
0.147
0.155
0.189
0.192
0.139
0.180
0.157
0.125
0.159
0.154
0.162
0.158
0.122
0.135
0.152
0.135
0.183
0.179
0.190
0.201
0.228
0.210
0.184
0.165
0.177
0.227
0.177
0.149
0.164
0.191
0.188
0.203
0.169
0.146
0.164
0.185
0.210
0.179
0.163
0.166
0.165
0.182
0.177
0.146
0.216
0.188
0.196
0.140
0.170
0.217
0.183
0.177
0.164
0.124
0.151
0.172
0.141
0.137
0.158
0.155
0.113
0.141
0.156
0.174
0.139
0.169
0.161
0.123
0.158
0.148
0.154
0.109
0.074
0.158
0.095
0.115
0.156
0.183
0.156
0.138
0.152
0.120
0.105
0.134
0.120
0.124
0.152
0.149
0.143
0.186
0.158
0.176
0.219
0.199
0.154
0.186
0.167
0.140
0.148
0.184
0.216
0.188
0.149
0.149
0.191
0.183
0.215
0.210
0.210
0.193
0.196
0.226
0.169
0.192
0.247
0.233
0.178
0.247
0.209
0.215
0.222
0.224
0.194
0.234
0.220
0.255
0.219
0.225
0.265
0.213
0.217
0.234
0.208
0.228
0.201
0.178
0.194
0.227
0.154
0.237
0.223
0.162
0.186
0.187
0.170
0.182
0.200
0.240
0.217
0.205
0.247
0.221
0.225
0.206
0.250
0.258
0.239
0.205
0.220
0.214
0.224
0.192
0.197
0.180
0.244
0.246
0.221
0.181
0.206
0.231
0.219
0.237
0.221
0.184
0.214
0.247
0.192
0.243
0.245
0.222
0.219
0.259
0.220
0.214
0.209
0.203
0.244
0.229
0.242
0.239
0.246
0.193
0.270
0.238
0.233
0.234
0.231
0.247
0.209
0.178
0.232
0.228
0.251
0.226
0.239
0.199
0.187
0.199
0.198
0.186
0.215
0.214
0.213
0.183
0.210
0.181
0.162
0.195
0.225
0.219
0.205
0.181
0.208
0.224
0.201
0.178
0.255
0.247
0.199
0.215
0.179
0.144
0.132
0.133
0.136
0.172
0.154
0.166
0.136
0.159
0.183
0.215
0.229
0.199
0.191
0.173
0.157
0.233
0.203
0.158
0.181
0.182
0.207
0.203
0.223
0.240
0.228
0.213
0.170
0.186
0.256
0.254
0.229
0.221
0.206
0.208
0.224
0.222
0.240
0.224
0.193
0.213
0.225
0.228
0.247
0.208
0.252
0.222
0.245
0.229
0.281
0.233
0.210
0.243
0.209
0.217
0.283
0.235
0.233
0.239
0.212
0.224
0.226
0.260
0.214
0.220
0.242
0.205
0.207
0.247
0.195
0.218
0.254
0.264
0.272
0.225
0.222
0.185
0.251
0.241
0.214
0.209
0.209
0.236
0.260
0.232
0.243
0.210
0.222
0.228
0.256
0.262
0.237
0.244
0.237
0.242
0.204
0.249
0.250
0.245
0.246
0.234
0.265
0.217
0.249
0.272
0.230
0.212
0.229
0.192
0.238
0.254
0.243
0.226
0.242
0.234
0.257
0.244
0.228
0.245
0.214
0.194
0.233
0.215
0.251
0.210
0.201
0.217
0.224
0.217
0.223
0.239
0.268
0.256
0.255
0.223
0.182
0.254
0.232
0.183
0.247
0.240
0.241
0.225
0.202
0.245
0.196
0.212
0.249
0.262
0.242
0.246
0.240
0.240
0.244
0.258
0.268
0.255
0.246
0.226
0.250
0.257
0.276
0.255
0.236
0.252
0.255
0.237
0.230
0.253
0.202
0.228
0.219
0.255
0.248
0.213
0.252
0.250
