0.056
0.094
0.127
0.137
0.168
0.155
0.187
0.223
0.222
0.220
0.228
0.243
0.248
0.273
0.283
0.276
0.279
0.277
0.302
0.272
0.292
0.295
0.273
0.275
0.279
0.290
0.292
0.301
0.297
0.300
0.285
0.315
0.288
0.302
0.291
0.284
0.288
0.298
0.305
0.273
0.289
0.278
0.308
0.296
0.298
0.284
0.287
0.286
0.294
0.294
0.274
0.284
0.298
0.293
0.290
0.290
0.287
0.265
0.279
0.284
0.293
0.296
0.277
0.295
0.297
0.292
0.309
0.311
0.295
0.297
0.303
0.282
0.289
0.298
0.298
0.269
0.304
0.301
0.289
0.273
0.290
0.282
0.306
0.271
0.270
0.273
0.284
0.324
0.297
0.307
0.314
0.306
0.309
0.296
0.327
0.301
0.302
0.299
0.340
0.345
0.319
0.319
0.325
0.333
0.318
0.323
0.308
0.333
0.303
0.312
0.299
0.320
0.341
0.307
0.319
0.325
0.332
0.309
0.314
0.340
0.338
0.307
0.303
0.308
0.307
0.322
0.324
0.348
0.330
0.318
0.310
0.335
0.314
0.306
0.310
0.332
0.292
0.321
0.297
0.297
0.315
0.310
0.304
0.298
0.281
0.320
0.314
0.336
0.320
0.310
0.329
0.310
0.328
0.324
0.308
0.339
0.309
0.302
0.300
0.321
0.335
0.319
0.343
0.322
0.276
0.312
0.319
0.329
0.292
0.319
0.319
0.314
0.278
0.313
0.306
0.305
0.306
0.309
0.319
0.336
0.324
0.310
0.336
0.320
0.352
0.351
0.323
0.351
0.373
0.415
0.361
0.377
0.370
0.401
0.402
0.386
0.394
0.401
0.408
0.359
0.404
0.388
0.403
0.437
0.406
0.399
0.400
0.367
0.394
0.432
0.433
0.387
0.378
0.380
0.435
0.423
0.424
0.421
0.412
0.384
0.408
0.412
0.431
0.419
0.402
0.422
0.446
0.432
0.416
0.399
0.409
0.410
0.394
0.374
0.420
0.475
0.426
0.411
0.405
0.436
0.426
0.388
0.447
0.470
0.467
0.403
0.437
0.449
0.408
0.441
0.449
0.460
0.405
0.447
0.463
0.454
0.470
0.426
0.477
0.453
0.423
0.448
0.418
0.422
0.430
0.430
0.372
0.430
0.411
0.470
0.477
0.427
0.415
0.448
0.442
0.419
0.450
0.421
0.427
0.412
0.426
0.467
0.465
0.465
0.463
0.431
0.462
0.466
0.457
0.444
0.483
0.483
0.460
0.469
0.444
0.486
0.437
0.423
0.464
0.446
0.483
0.456
0.459
0.432
0.470
0.410
0.433
0.484
0.469
0.460
0.452
0.470
0.476
0.395
0.441
0.430
0.472
0.444
0.420
0.441
0.432
0.460
0.471
0.467
0.479
0.519
0.434
0.455
0.465
0.475
0.438
0.427
0.427
0.455
0.417
0.444
0.440
0.423
0.448
0.427
0.449
0.427
0.471
0.438
0.467
0.463
0.425
0.474
0.476
0.445
0.399
0.427
0.444
0.480
0.444
0.452
0.475
0.488
0.471
0.465
0.461
0.465
0.495
0.491
0.462
0.459
0.403
0.437
0.425
0.440
0.459
0.481
0.429
0.425
0.396
0.439
0.412
0.445
0.476
0.483
0.449
0.466
0.427
0.418
0.424
0.446
0.466
0.448
0.468
0.438
0.487
0.451
0.434
0.464
0.480
0.477
0.452
0.458
0.460
0.452
0.482
0.483
0.504
0.462
0.459
0.447
0.437
0.420
0.430
0.490
0.471
0.461
0.443
0.470
0.458
0.497
0.473
0.463
0.505
0.443
0.457
0.396
0.414
0.408
0.494
0.412
0.390
0.456
0.429
0.458
0.459
0.441
0.459
0.464
0.397
0.470
0.532
0.439
0.488
0.493
0.471
0.466
0.516
0.510
0.496
0.439
0.450
0.421
0.482
0.488
0.458
0.461
0.457
0.441
0.468
0.501
0.517
0.476
0.467
0.471
0.452
0.432
0.463
0.497
0.468
0.449
0.490
0.530
0.508
0.481
0.479
0.481
0.476
0.467
0.455
0.496
0.499
0.499
0.442
0.462
0.472
0.500
0.472
0.472
0.484
0.440
0.437
0.436
0.481
0.466
0.477
0.486
0.487
0.469
0.491
0.493
0.456
0.486
0.504
0.523
