0.315
0.317
0.323
0.333
0.380
0.393
0.362
0.385
0.377
0.385
0.423
0.410
0.403
0.412
0.417
0.417
0.415
0.423
0.425
0.433
0.433
0.432
0.430
0.430
0.437
0.433
0.435
0.440
0.428
0.437
0.438
0.433
0.440
0.438
0.437
0.442
0.438
0.435
0.438
0.447
0.437
0.427
0.438
0.445
0.440
0.435
0.438
0.433
0.433
0.438
0.433
0.437
0.432
0.433
0.435
0.440
0.435
0.433
0.440
0.442
0.440
0.440
0.462
0.452
0.442
0.440
0.447
0.440
0.452
0.453
0.445
0.463
0.458
0.458
0.460
0.462
0.478
0.472
0.477
0.490
0.475
0.478
0.488
0.488
0.482
0.488
0.480
0.487
0.487
0.502
0.488
0.487
0.483
0.495
0.480
0.485
0.492
0.493
0.487
0.493
0.493
0.495
0.488
0.490
0.497
0.488
0.498
0.498
0.492
0.505
0.490
0.488
0.498
0.492
0.493
0.495
0.495
0.492
0.530
0.527
0.542
0.547
0.543
0.545
0.552
0.545
0.553
0.552
0.550
0.555
0.547
0.557
0.552
0.548
0.547
0.548
0.557
0.550
0.548
0.555
0.553
0.555
0.552
0.552
0.547
0.547
0.547
0.547
0.565
0.548
0.560
0.550
0.550
0.562
0.557
0.558
0.582
0.582
0.585
0.577
0.587
0.582
0.580
0.597
0.607
0.603
0.608
0.607
0.603
0.603
0.607
0.615
0.608
0.612
0.610
0.610
0.608
0.612
0.615
0.612
0.612
0.613
0.608
0.605
0.610
0.608
0.605
0.610
0.610
0.610
0.610
0.607
0.612
0.605
0.605
0.607
0.612
0.613
0.612
0.613
0.610
0.607
0.608
0.610
0.612
0.610
0.612
0.618
0.608
0.615
0.613
0.612
0.610
0.612
0.613
0.613
0.610
0.607
0.613
0.610
0.612
0.612
0.607
0.608
0.612
0.612
0.607
0.610
0.610
0.610
0.612
0.610
0.608
0.608
0.608
0.610
0.608
0.605
0.603
0.613
0.615
0.607
0.608
0.610
0.608
0.608
0.608
0.612
0.608
0.610
0.610
0.622
0.608
0.615
0.612
0.608
0.608
0.607
0.613
0.608
0.607
0.615
0.603
0.608
0.610
0.612
0.610
0.608
0.607
0.610
0.608
0.613
0.605
0.610
0.613
0.612
0.612
0.617
0.607
0.612
0.610
0.617
0.608
0.608
0.617
0.610
0.610
0.608
0.612
0.608
0.610
0.610
0.610
0.610
0.612
0.603
0.607
0.613
0.613
0.610
0.608
0.610
0.608
0.612
0.618
0.607
0.607
0.608
0.610
0.608
0.607
0.610
0.607
0.603
0.610
0.608
0.608
0.605
0.610
0.612
0.612
0.612
0.610
0.613
0.612
0.613
0.612
0.612
0.608
0.612
0.608
0.607
0.608
0.613
0.610
0.608
0.612
0.607
0.612
0.603
0.605
0.608
0.607
0.608
0.608
0.608
0.610
0.615
0.613
0.610
0.610
0.605
0.617
0.610
0.610
0.608
0.612
0.612
0.607
0.613
0.610
0.607
0.613
0.612
0.608
0.612
0.608
0.612
0.608
0.612
0.608
0.607
0.615
0.617
0.607
0.607
0.603
0.607
0.607
0.612
0.610
0.607
0.607
0.608
0.608
0.613
0.608
0.608
0.607
0.608
0.607
0.607
0.608
0.605
0.605
0.608
0.610
0.607
0.607
0.610
0.608
0.608
0.608
0.608
0.610
0.608
0.615
0.618
0.610
0.607
0.610
0.612
0.612
0.615
0.613
0.608
0.607
0.610
0.612
0.608
0.608
0.615
0.605
0.615
0.607
0.612
0.605
0.615
0.608
0.610
0.605
0.610
0.608
0.610
0.608
0.610
0.613
0.618
0.607
0.607
0.608
0.615
0.612
0.612
0.607
0.610
0.615
0.613
0.618
0.608
0.610
0.608
0.608
0.607
0.612
0.612
0.610
0.608
0.613
0.608
0.608
0.610
0.613
0.612
0.607
0.605
0.613
0.608
0.607
0.612
0.618
0.608
0.608
0.610
0.612
0.605
0.607
0.607
0.618
0.607
0.613
0.622
0.615
0.612
0.610
0.608
0.608
0.612
0.607
0.612
0.603
0.612
0.615
0.615
0.613
0.612
0.608
0.612
0.613
0.605
