-0.245
-0.182
-0.090
-0.042
-0.023
-0.025
-0.028
-0.030
0.000
0.035
0.067
0.063
0.074
0.064
0.048
0.050
0.078
0.065
0.050
0.067
0.094
0.072
0.075
0.062
0.128
0.105
0.119
0.081
0.102
0.067
0.133
0.107
0.116
0.116
0.092
0.119
0.110
0.100
0.121
0.118
0.118
0.120
0.114
0.130
0.104
0.115
0.135
0.092
0.094
0.109
0.132
0.128
0.125
0.134
0.157
0.117
0.121
0.099
0.103
0.098
0.093
0.122
0.108
0.111
0.125
0.121
0.109
0.169
0.123
0.112
0.110
0.136
0.101
0.111
0.112
0.154
0.108
0.123
0.065
0.113
0.091
0.129
0.120
0.134
0.126
0.112
0.110
0.113
0.135
0.152
0.143
0.154
0.153
0.126
0.165
0.119
0.129
0.147
0.144
0.150
0.169
0.136
0.161
0.149
0.180
0.180
0.149
0.177
0.156
0.162
0.157
0.162
0.180
0.159
0.168
0.149
0.150
0.175
0.145
0.147
0.158
0.178
0.139
0.148
0.154
0.165
0.182
0.154
0.162
0.153
0.163
0.179
0.172
0.160
0.183
0.157
0.162
0.167
0.166
0.193
0.170
0.198
0.164
0.125
0.147
0.178
0.208
0.131
0.152
0.165
0.161
0.171
0.170
0.177
0.197
0.151
0.187
0.187
0.137
0.151
0.179
0.169
0.140
0.180
0.149
0.124
0.169
0.169
0.173
0.146
0.159
0.156
0.152
0.140
0.175
0.149
0.138
0.164
0.129
0.182
0.159
0.134
0.147
0.162
0.178
0.158
0.137
0.164
0.156
0.124
0.139
0.153
0.150
0.150
0.167
0.140
0.147
0.164
0.156
0.148
0.135
0.161
0.181
0.176
0.161
0.155
0.170
0.153
0.156
0.166
0.148
0.142
0.162
0.134
0.187
0.153
0.137
0.136
0.152
0.164
0.175
0.154
0.171
0.176
0.169
0.178
0.162
0.188
0.140
0.147
0.163
0.136
0.162
0.148
0.159
0.164
0.182
0.165
0.166
0.184
0.168
0.135
0.157
0.149
0.183
0.178
0.189
0.193
0.188
0.184
0.156
0.158
0.180
0.169
0.155
0.148
0.179
0.155
0.146
0.170
0.139
0.136
0.171
0.179
0.191
0.165
0.177
0.160
0.143
0.175
0.184
0.166
0.199
0.159
0.167
0.177
0.169
0.179
0.166
0.116
0.189
0.162
0.176
0.162
0.181
0.185
0.171
0.159
0.173
0.182
0.177
0.175
0.177
0.185
0.166
0.168
0.177
0.173
0.150
0.167
0.159
0.155
0.169
0.183
0.173
0.146
0.167
0.182
0.178
0.145
0.168
0.166
0.171
0.164
0.158
0.162
0.170
0.140
0.155
0.140
0.147
0.156
0.168
0.148
0.179
0.152
0.173
0.170
0.180
0.177
0.175
0.171
0.150
0.198
0.178
0.185
0.153
0.171
0.167
0.190
0.212
0.188
0.182
0.176
0.169
0.189
0.179
0.163
0.160
0.186
0.188
0.185
0.180
0.199
0.190
0.167
0.180
0.178
0.167
0.189
0.203
0.176
0.188
0.195
0.191
0.171
0.147
0.182
0.197
0.161
0.177
0.190
0.176
0.188
0.193
0.171
0.170
0.136
0.159
0.188
0.172
0.170
0.149
0.187
0.167
0.198
0.176
0.185
0.189
0.197
0.163
0.183
0.194
0.184
0.213
0.186
0.182
0.214
0.182
0.204
0.197
0.191
0.215
0.205
0.198
0.201
0.197
0.193
0.180
0.164
0.177
0.198
0.197
0.184
0.190
0.205
0.193
0.190
0.188
0.171
0.180
0.194
0.199
0.191
0.180
0.179
0.169
0.186
0.190
0.201
0.193
0.163
0.206
0.185
0.180
0.187
0.188
0.140
0.182
0.194
0.175
0.153
0.166
0.188
0.193
0.188
0.177
0.171
0.176
0.164
0.173
0.196
0.204
0.186
0.206
0.214
0.180
0.201
0.196
0.195
0.195
0.195
0.206
0.197
0.186
0.210
0.197
0.217
0.183
0.194
0.210
0.194
0.213
0.171
0.207
0.191
0.203
0.216
0.196
0.171
0.209
0.216
0.173
0.203
0.186
0.186
0.205
0.167
0.184
0.208
0.211
0.180
0.209
0.227
0.193
0.219
0.203
0.202
0.235
0.210
