0.093
0.103
0.110
0.163
0.200
0.193
0.163
0.213
0.163
0.200
0.217
0.213
0.267
0.243
0.220
0.230
0.250
0.280
0.243
0.240
0.267
0.237
0.273
0.303
0.257
0.293
0.243
0.247
0.253
0.273
0.273
0.243
0.247
0.260
0.280
0.287
0.263
0.260
0.267
0.290
0.280
0.283
0.250
0.287
0.270
0.310
0.263
0.290
0.273
0.270
0.270
0.283
0.270
0.290
0.267
0.300
0.287
0.277
0.287
0.277
0.300
0.303
0.297
0.297
0.297
0.267
0.303
0.290
0.290
0.297
0.313
0.287
0.290
0.293
0.297
0.300
0.273
0.300
0.327
0.330
0.297
0.323
0.283
0.360
0.323
0.337
0.323
0.307
0.310
0.333
0.303
0.290
0.280
0.327
0.300
0.317
0.320
0.323
0.317
0.293
0.320
0.333
0.313
0.317
0.313
0.337
0.303
0.327
0.323
0.293
0.313
0.323
0.303
0.327
0.293
0.290
0.293
0.320
0.327
0.300
0.317
0.317
0.300
0.290
0.317
0.307
0.317
0.283
0.317
0.313
0.310
0.307
0.283
0.320
0.327
0.317
0.297
0.293
0.300
0.340
0.310
0.307
0.313
0.320
0.327
0.310
0.320
0.323
0.320
0.303
0.310
0.337
0.293
0.327
0.303
0.327
0.310
0.303
0.327
0.313
0.320
0.357
0.280
0.340
0.310
0.327
0.333
0.310
0.317
0.310
0.323
0.307
0.330
0.343
0.320
0.350
0.337
0.310
0.320
0.317
0.337
0.307
0.343
0.310
0.330
0.347
0.313
0.313
0.337
0.313
0.333
0.317
0.310
0.300
0.333
0.317
0.317
0.343
0.303
0.300
0.320
0.303
0.300
0.313
0.327
0.340
0.323
0.337
0.317
0.327
0.320
0.327
0.320
0.340
0.293
0.340
0.300
0.303
0.313
0.350
0.310
0.313
0.320
0.327
0.327
0.333
0.340
0.327
0.307
0.323
0.320
0.323
0.317
0.343
0.313
0.323
0.307
0.323
0.340
0.333
0.323
0.310
0.323
0.347
0.323
0.310
0.327
0.337
0.320
0.313
0.320
0.323
0.340
0.337
0.327
0.357
0.333
0.330
0.337
0.350
0.320
0.347
0.330
0.320
0.353
0.340
0.337
0.340
0.327
0.337
0.357
0.330
0.317
0.340
0.340
0.340
0.327
0.343
0.343
0.330
0.327
0.373
0.343
0.333
0.297
0.320
0.333
0.330
0.317
0.390
0.367
0.387
0.323
0.363
0.367
0.383
0.367
0.383
0.400
0.417
0.397
0.417
0.417
0.420
0.400
0.400
0.383
0.413
0.410
0.417
0.420
0.420
0.427
0.410
0.413
0.410
0.423
0.397
0.440
0.403
0.393
0.427
0.413
0.387
0.383
0.383
0.387
0.380
0.423
0.403
0.403
0.390
0.440
0.390
0.410
0.377
0.403
0.407
0.403
0.407
0.407
0.417
0.397
0.410
0.420
0.413
0.417
0.423
0.413
0.390
0.400
0.417
0.433
0.383
0.423
0.403
0.380
0.417
0.410
0.410
0.430
0.417
0.410
0.380
0.417
0.440
0.427
0.410
0.457
0.447
0.427
0.433
0.470
0.420
0.430
0.433
0.430
0.410
0.443
0.430
0.437
0.460
0.447
0.447
0.433
0.423
0.423
0.427
0.437
0.430
0.423
0.420
0.450
0.420
0.447
0.437
0.410
0.450
0.467
0.433
0.440
0.423
0.450
0.443
0.407
0.413
0.460
0.430
0.427
0.433
0.420
0.433
0.430
0.437
0.463
0.440
0.433
0.423
0.420
0.440
0.410
0.413
0.437
0.407
0.467
0.447
0.423
0.443
0.430
0.427
0.450
0.440
0.450
0.427
0.433
0.450
0.420
0.417
0.443
0.413
0.460
0.437
0.430
0.430
0.443
0.440
0.417
0.453
0.447
0.453
0.433
0.447
0.437
0.477
0.433
0.447
0.453
0.443
0.440
0.437
0.477
0.420
0.430
0.427
0.450
0.440
0.430
0.433
0.437
0.447
0.423
0.450
0.417
0.433
0.427
0.453
0.453
0.433
0.427
0.457
0.447
0.447
0.447
0.427
0.430
0.430
0.443
0.440
0.450
0.433
0.443
0.420
0.420
0.427
0.440
0.430
0.427
0.420
0.423
0.423
