0.267
0.223
0.303
0.293
0.260
0.287
0.310
0.300
0.310
0.303
0.303
0.353
0.313
0.303
0.310
0.297
0.360
0.363
0.383
0.383
0.393
0.440
0.440
0.440
0.497
0.530
0.460
0.503
0.473
0.470
0.433
0.473
0.477
0.503
0.480
0.460
0.500
0.500
0.470
0.490
0.463
0.477
0.473
0.483
0.480
0.477
0.513
0.467
0.457
0.450
0.450
0.453
0.437
0.510
0.487
0.480
0.480
0.483
0.483
0.500
0.497
0.497
0.503
0.497
0.480
0.513
0.500
0.480
0.510
0.480
0.577
0.537
0.477
0.523
0.487
0.483
0.520
0.500
0.540
0.473
0.477
0.497
0.527
0.480
0.453
0.503
0.513
0.483
0.480
0.503
0.470
0.537
0.540
0.540
0.520
0.513
0.503
0.510
0.543
0.530
0.487
0.500
0.560
0.507
0.527
0.510
0.500
0.547
0.543
0.510
0.523
0.530
0.503
0.513
0.530
0.480
0.503
0.507
0.517
0.513
0.517
0.527
0.520
0.533
0.567
0.543
0.487
0.537
0.497
0.500
0.523
0.527
0.497
0.580
0.497
0.530
0.533
0.517
0.527
0.503
0.497
0.537
0.513
0.540
0.520
0.517
0.543
0.523
0.503
0.493
0.477
0.523
0.557
0.537
0.517
0.523
0.500
0.517
0.510
0.520
0.477
0.517
0.537
0.537
0.513
0.510
0.510
0.540
0.527
0.537
0.550
0.537
0.527
0.537
0.520
0.517
0.513
0.503
0.503
0.540
0.533
0.557
0.553
0.520
0.520
0.537
0.580
0.533
0.537
0.520
0.533
0.513
0.533
0.557
0.523
0.533
0.540
0.517
0.517
0.537
0.520
0.543
0.520
0.520
0.520
0.513
0.540
0.523
0.523
0.537
0.523
0.533
0.553
0.530
0.537
0.533
0.537
0.540
0.540
0.557
0.573
0.527
0.540
0.480
0.520
0.497
0.517
0.517
0.497
0.573
0.523
0.517
0.520
0.540
0.537
0.553
0.580
0.580
0.543
0.517
0.580
0.517
0.497
0.533
0.537
0.557
0.520
0.537
0.553
0.537
0.553
0.537
0.537
0.537
0.563
0.597
0.523
0.517
0.537
0.513
0.557
0.513
0.537
0.553
0.520
0.513
0.553
0.527
0.540
0.553
0.503
0.557
0.517
0.520
0.553
0.540
0.560
0.533
0.537
0.520
0.520
0.560
0.497
0.540
0.560
0.597
0.553
0.533
0.557
0.537
0.520
0.513
0.533
0.553
0.560
0.513
0.537
0.560
0.527
0.513
0.537
0.533
0.550
0.543
0.493
0.540
0.560
0.537
0.560
0.533
0.557
0.520
0.553
0.540
0.513
0.540
0.550
0.520
0.537
0.540
0.597
0.557
0.523
0.553
0.517
0.520
0.533
0.520
0.540
0.497
0.537
0.517
0.580
0.503
0.557
0.537
0.537
0.513
0.553
0.517
0.543
0.513
0.520
0.520
0.567
0.533
0.557
0.517
0.540
0.543
0.537
0.500
0.540
0.553
0.520
0.517
0.517
0.520
0.537
0.520
0.543
0.517
0.537
0.540
0.507
0.513
0.537
0.513
0.540
0.537
0.533
0.543
0.500
0.527
0.557
0.500
0.533
0.553
0.540
0.540
0.537
0.537
0.553
0.577
0.533
0.523
0.507
0.520
0.580
0.520
0.517
0.540
0.537
0.560
0.533
0.517
0.543
0.533
0.517
0.557
0.537
0.537
0.497
0.540
0.557
0.573
0.563
0.517
0.517
0.550
0.533
0.553
0.483
0.537
0.560
0.537
0.497
0.520
0.537
0.563
0.537
0.513
0.533
0.543
0.530
0.553
0.517
0.540
0.553
0.513
0.553
0.560
0.500
0.553
0.503
0.510
0.540
0.547
0.533
0.553
0.530
0.497
0.513
0.577
0.537
0.537
0.523
0.540
0.533
0.550
0.540
0.530
0.513
0.517
0.497
0.537
0.520
0.523
0.563
0.513
0.533
0.537
0.533
0.533
0.550
0.540
0.533
0.517
0.537
0.517
0.573
0.520
0.560
0.540
0.553
0.577
0.577
0.520
0.523
0.503
0.520
0.503
0.540
0.560
0.500
0.570
0.553
0.533
0.557
0.517
0.540
0.557
0.520
0.517
0.517
0.533
0.573
0.537
0.573
0.577
