0;100;60
1;110;60
2;120;60
3;130;60
4;140;60
5;150;60
6;160;60
7;170;60
8;180;60
9;180;60
10;180;60
11;180;60
12;187.071;67.0711
13;187.071;67.0711
14;187.071;77.0711
15;187.071;87.0711
16;187.071;97.0711
17;187.071;97.0711
18;180;104.142
19;172.929;111.213
20;172.929;111.213
21;165.858;104.142
22;165.858;104.142
23;172.929;97.0711
24;180;90
25;187.071;82.9289
26;187.071;82.9289
27;187.071;82.9289
28;187.071;82.9289
29;187.071;82.9289
30;187.071;92.9289
31;187.071;92.9289
32;180;100
33;172.929;107.071
34;172.929;107.071
35;165.858;100
36;165.858;100
37;172.929;92.9289
38;180;85.8579
39;187.071;78.7868
40;187.071;78.7868
41;187.071;78.7868
42;187.071;78.7868
43;187.071;78.7868
44;187.071;88.7868
45;187.071;98.7868
46;187.071;98.7868
47;180;105.858
48;180;105.858
49;172.929;98.7868
50;172.929;98.7868
51;180;91.7157
52;187.071;84.6447
53;187.071;84.6447
54;187.071;84.6447
55;187.071;84.6447
56;187.071;94.6447
57;187.071;94.6447
58;180;101.716
59;172.929;108.787
60;172.929;108.787
61;165.858;101.716
62;165.858;101.716
63;172.929;94.6447
64;180;87.5736
65;187.071;80.5025
66;187.071;80.5025
67;187.071;80.5025
68;187.071;80.5025
69;187.071;80.5025
70;187.071;90.5025
71;187.071;90.5025
72;180;97.5736
73;172.929;104.645
74;165.858;111.716
75;165.858;111.716
76;158.787;104.645
77;158.787;104.645
78;165.858;97.5736
79;172.929;90.5025
80;180;83.4315
81;187.071;76.3604
82;187.071;76.3604
83;187.071;76.3604
84;187.071;76.3604
85;187.071;76.3604
86;187.071;86.3604
87;187.071;96.3604
88;187.071;96.3604
89;180;103.431
90;172.929;110.503
91;172.929;110.503
92;165.858;103.431
93;165.858;103.431
94;172.929;96.3604
95;180;89.2893
96;187.071;82.2183
97;187.071;82.2183
98;187.071;82.2183
99;187.071;82.2183
100;187.071;82.2183
101;187.071;92.2183
102;187.071;92.2183
103;180;99.2893
104;172.929;106.36
105;172.929;106.36
106;165.858;99.2893
107;165.858;99.2893
108;172.929;92.2183
109;180;85.1472
110;187.071;78.0761
111;187.071;78.0761
112;187.071;78.0761
113;187.071;78.0761
114;187.071;78.0761
115;187.071;88.0761
116;187.071;98.0761
117;187.071;98.0761
118;180;105.147
119;172.929;112.218
120;172.929;112.218
121;165.858;105.147
122;165.858;105.147
123;172.929;98.0761
124;180;91.0051
125;187.071;83.934
126;187.071;83.934
127;187.071;83.934
128;187.071;83.934
129;187.071;83.934
130;187.071;93.934
131;187.071;93.934
132;180;101.005
133;172.929;108.076
134;172.929;108.076
135;165.858;101.005
136;165.858;101.005
137;172.929;93.934
138;180;86.8629
139;187.071;79.7918
140;187.071;79.7918
141;187.071;79.7918
142;187.071;79.7918
143;187.071;79.7918
144;187.071;89.7918
145;187.071;99.7918
146;187.071;99.7918
147;180;106.863
148;180;106.863
149;172.929;99.7918
150;172.929;99.7918
151;180;92.7208
152;187.071;85.6497
153;187.071;85.6497
154;187.071;85.6497
155;187.071;85.6497
156;187.071;95.6497
157;187.071;95.6497
158;180;102.721
159;172.929;109.792
160;172.929;109.792
161;165.858;102.721
162;165.858;102.721
163;172.929;95.6497
164;180;88.5786
165;187.071;81.5076
166;187.071;81.5076
167;187.071;81.5076
168;187.071;81.5076
169;187.071;81.5076
170;187.071;91.5076
171;187.071;91.5076
172;180;98.5786
173;172.929;105.65
174;165.858;112.721
175;165.858;112.721
176;158.787;105.65
177;158.787;105.65
178;165.858;98.5786
179;172.929;91.5076
180;180;84.4365
181;187.071;77.3654
182;187.071;77.3654
183;187.071;77.3654
184;187.071;77.3654
185;187.071;77.3654
186;187.071;87.3654
187;187.071;97.3654
188;187.071;97.3654
189;180;104.437
190;172.929;111.508
191;172.929;111.508
192;165.858;104.437
193;165.858;104.437
194;172.929;97.3654
195;180;90.2944
196;187.071;83.2233
197;187.071;83.2233
198;187.071;83.2233
199;187.071;83.2233
200;187.071;83.2233
201;187.071;93.2233
202;187.071;93.2233
203;180;100.294
204;172.929;107.365
205;172.929;107.365
206;165.858;100.294
207;165.858;100.294
208;172.929;93.2233
209;180;86.1522
210;187.071;79.0812
211;187.071;79.0812
212;187.071;79.0812
213;187.071;79.0812
214;187.071;79.0812
215;187.071;89.0812
216;187.071;99.0812
217;187.071;99.0812
218;180;106.152
219;180;106.152
220;172.929;99.0812
221;172.929;99.0812
222;180;92.0101
223;187.071;84.939
224;187.071;84.939
225;187.071;84.939
226;187.071;84.939
227;187.071;94.939
228;187.071;94.939
229;180;102.01
230;172.929;109.081
231;172.929;109.081
232;165.858;102.01
233;165.858;102.01
234;172.929;94.939
235;180;87.868
236;187.071;80.7969
237;187.071;80.7969
238;187.071;80.7969
239;187.071;80.7969
240;187.071;80.7969
241;187.071;90.7969
242;187.071;90.7969
243;180;97.868
244;172.929;104.939
245;165.858;112.01
246;165.858;112.01
247;158.787;104.939
248;158.787;104.939
249;165.858;97.868
250;172.929;90.7969
251;180;83.7258
252;187.071;76.6548
253;187.071;76.6548
254;187.071;76.6548
255;187.071;76.6548
256;187.071;76.6548
257;187.071;86.6548
258;187.071;96.6548
259;187.071;96.6548
260;180;103.726
261;172.929;110.797
262;172.929;110.797
263;165.858;103.726
264;165.858;103.726
265;172.929;96.6548
266;180;89.5837
267;187.071;82.5126
268;187.071;82.5126
269;187.071;82.5126
270;187.071;82.5126
271;187.071;82.5126
272;187.071;92.5126
273;187.071;92.5126
274;180;99.5837
275;172.929;106.655
276;172.929;106.655
277;165.858;99.5837
278;165.858;99.5837
279;172.929;92.5126
280;180;85.4416
281;187.071;78.3705
282;187.071;78.3705
283;187.071;78.3705
284;187.071;78.3705
285;187.071;78.3705
286;187.071;88.3705
287;187.071;98.3705
288;187.071;98.3705
289;180;105.442
290;172.929;112.513
291;172.929;112.513
292;165.858;105.442
293;165.858;105.442
294;172.929;98.3705
295;180;91.2994
296;187.071;84.2284
297;187.071;84.2284
298;187.071;84.2284
299;187.071;84.2284
300;187.071;84.2284
