0.260
0.277
0.288
0.288
0.310
0.303
0.323
0.307
0.325
0.335
0.328
0.350
0.365
0.385
0.373
0.368
0.477
0.498
0.498
0.533
0.512
0.530
0.508
0.502
0.537
0.518
0.528
0.528
0.523
0.550
0.533
0.533
0.542
0.535
0.538
0.542
0.535
0.532
0.542
0.532
0.528
0.540
0.545
0.537
0.535
0.555
0.545
0.540
0.533
0.532
0.538
0.538
0.528
0.535
0.527
0.530
0.532
0.537
0.538
0.540
0.538
0.540
0.540
0.538
0.533
0.548
0.548
0.537
0.537
0.542
0.537
0.547
0.542
0.537
0.535
0.540
0.532
0.540
0.537
0.542
0.533
0.533
0.535
0.540
0.530
0.540
0.538
0.542
0.540
0.542
0.535
0.530
0.540
0.553
0.542
0.535
0.530
0.533
0.540
0.533
0.540
0.530
0.535
0.535
0.535
0.532
0.535
0.537
0.532
0.533
0.540
0.528
0.533
0.535
0.543
0.535
0.537
0.538
0.532
0.548
0.550
0.538
0.537
0.537
0.550
0.535
0.533
0.535
0.545
0.547
0.547
0.535
0.545
0.533
0.538
0.537
0.537
0.548
0.537
0.542
0.540
0.547
0.538
0.535
0.533
0.535
0.535
0.530
0.557
0.533
0.537
0.543
0.535
0.525
0.530
0.528
0.532
0.538
0.547
0.535
0.550
0.527
0.533
0.537
0.545
0.535
0.535
0.535
0.543
0.535
0.543
0.530
0.533
0.527
0.540
0.547
0.550
0.543
0.542
0.540
0.535
0.537
0.538
0.535
0.538
0.533
0.532
0.533
0.533
0.542
0.538
0.540
0.537
0.538
0.548
0.547
0.543
0.548
0.537
0.537
0.532
0.533
0.542
0.545
0.545
0.538
0.533
0.553
0.542
0.540
0.538
0.545
0.533
0.538
0.545
0.543
0.533
0.545
0.532
0.535
0.540
0.538
0.547
0.552
0.542
0.532
0.547
0.538
0.545
0.532
0.535
0.538
0.533
0.540
0.530
0.543
0.540
0.548
0.538
0.537
0.535
0.533
0.537
0.540
0.540
0.533
0.533
0.552
0.533
0.538
0.535
0.540
0.542
0.540
0.530
0.548
0.537
0.532
0.542
0.542
0.543
0.538
0.542
0.537
0.543
0.537
0.537
0.538
0.535
0.538
0.543
0.542
0.537
0.540
0.555
0.543
0.538
0.537
0.535
0.537
0.540
0.543
0.553
0.547
0.543
0.538
0.540
0.537
0.550
0.530
0.535
0.542
0.533
0.540
0.540
0.537
0.537
0.537
0.548
0.533
0.535
0.538
0.543
0.545
0.547
0.543
0.533
0.532
0.537
0.532
0.538
0.547
0.545
0.545
0.548
0.542
0.545
0.542
0.540
0.545
0.543
0.542
0.558
0.537
0.538
0.543
0.547
0.538
0.537
0.542
0.535
0.545
0.543
0.537
0.535
0.542
0.538
0.545
0.552
0.543
0.537
0.535
0.547
0.540
0.540
0.540
0.548
0.538
0.540
0.538
0.537
0.540
0.533
0.540
0.548
0.537
0.540
0.537
0.535
0.533
0.545
0.543
0.530
0.547
0.540
0.537
0.548
0.547
0.537
0.543
0.535
0.545
0.540
0.533
0.533
0.540
0.543
0.533
0.535
0.540
0.542
0.547
0.548
0.538
0.548
0.542
0.535
0.532
0.543
0.542
0.550
0.547
0.543
0.542
0.543
0.538
0.548
0.545
0.553
0.545
0.543
0.547
0.547
0.542
0.538
0.533
0.538
0.543
0.533
0.538
0.538
0.538
0.547
0.538
0.535
0.538
0.543
0.532
0.533
0.543
0.543
0.540
0.535
0.538
0.535
0.535
0.545
0.538
0.553
0.543
0.532
0.538
0.548
0.535
0.540
0.543
0.540
0.535
0.532
0.537
0.557
0.543
0.537
0.542
0.543
0.530
0.538
0.538
0.538
0.548
0.538
0.540
0.533
0.537
0.540
0.547
0.540
0.540
0.542
0.535
0.537
0.543
0.535
0.540
0.553
0.530
0.550
0.542
0.535
0.538
0.540
0.540
0.545
0.542
0.538
0.555
0.543
0.535
0.532
0.542
0.543
0.535
0.542
0.538
0.533
0.543
0.540
0.547
0.540
0.538
0.538
0.543
0.540
0.540
0.538
0.545
0.538
0.548
0.535
0.538
