0.247
0.173
0.163
0.217
0.197
0.240
0.280
0.290
0.293
0.260
0.273
0.243
0.277
0.257
0.260
0.330
0.283
0.297
0.270
0.270
0.307
0.283
0.287
0.300
0.320
0.290
0.290
0.273
0.320
0.333
0.297
0.277
0.300
0.270
0.313
0.280
0.277
0.300
0.320
0.280
0.310
0.287
0.297
0.287
0.290
0.270
0.310
0.290
0.303
0.293
0.287
0.290
0.313
0.317
0.287
0.303
0.320
0.347
0.303
0.293
0.323
0.277
0.267
0.293
0.300
0.290
0.333
0.317
0.293
0.290
0.320
0.300
0.290
0.313
0.343
0.290
0.307
0.287
0.313
0.290
0.297
0.307
0.300
0.343
0.327
0.323
0.303
0.327
0.310
0.307
0.353
0.347
0.317
0.297
0.317
0.303
0.320
0.290
0.310
0.337
0.360
0.303
0.293
0.330
0.340
0.293
0.307
0.347
0.290
0.293
0.310
0.343
0.310
0.300
0.300
0.330
0.327
0.290
0.320
0.323
0.327
0.307
0.307
0.307
0.283
0.320
0.323
0.293
0.310
0.320
0.303
0.330
0.323
0.317
0.280
0.293
0.337
0.340
0.297
0.303
0.317
0.320
0.323
0.287
0.303
0.313
0.300
0.293
0.333
0.320
0.327
0.320
0.343
0.337
0.290
0.320
0.293
0.337
0.323
0.310
0.327
0.303
0.310
0.300
0.327
0.323
0.317
0.327
0.313
0.313
0.320
0.303
0.307
0.320
0.337
0.333
0.313
0.310
0.307
0.330
0.313
0.300
0.317
0.327
0.320
0.303
0.313
0.333
0.290
0.310
0.293
0.330
0.310
0.303
0.293
0.333
0.290
0.310
0.333
0.330
0.300
0.310
0.320
0.290
0.313
0.320
0.323
0.307
0.333
0.333
0.320
0.330
0.283
0.347
0.380
0.300
0.310
0.303
0.323
0.297
0.330
0.313
0.357
0.330
0.293
0.300
0.337
0.317
0.290
0.343
0.313
0.330
0.333
0.327
0.323
0.297
0.313
0.317
0.330
0.313
0.330
0.330
0.300
0.337
0.337
0.343
0.327
0.330
0.310
0.343
0.297
0.317
0.380
0.287
0.323
0.363
0.290
0.330
0.337
0.310
0.313
0.307
0.340
0.333
0.310
0.340
0.333
0.303
0.290
0.323
0.320
0.310
0.333
0.323
0.323
0.343
0.320
0.320
0.360
0.340
0.353
0.303
0.330
0.323
0.357
0.307
0.320
0.340
0.330
0.337
0.337
0.333
0.300
0.290
0.307
0.303
0.330
0.323
0.310
0.297
0.310
0.337
0.333
0.307
0.337
0.327
0.303
0.290
0.313
0.290
0.327
0.323
0.323
0.317
0.327
0.333
0.327
0.340
0.360
0.313
0.333
0.323
0.333
0.303
0.307
0.320
0.317
0.337
0.330
0.317
0.310
0.317
0.327
0.310
0.333
0.313
0.320
0.317
0.330
0.327
0.353
0.347
0.340
0.320
0.333
0.307
0.307
0.297
0.307
0.333
0.300
0.317
0.343
0.307
0.330
0.287
0.337
0.313
0.320
0.317
0.343
0.303
0.330
0.333
0.327
0.350
0.327
0.303
0.320
0.320
0.317
0.297
0.327
0.310
0.327
0.350
0.363
0.317
0.333
0.320
0.337
0.313
0.310
0.313
0.327
0.323
0.323
0.323
0.300
0.343
0.307
0.313
0.327
0.323
0.307
0.313
0.323
0.307
0.323
0.323
0.337
0.303
0.320
0.327
0.323
0.303
0.353
0.313
0.327
0.337
0.347
0.303
0.363
0.310
0.330
0.337
0.320
0.320
0.333
0.303
0.307
0.343
0.313
0.307
0.340
0.290
0.323
0.310
0.327
0.293
0.333
0.337
0.300
0.290
0.337
0.320
0.327
0.313
0.333
0.313
0.333
0.313
0.340
0.307
0.327
0.317
0.303
0.317
0.300
0.337
0.313
0.317
0.310
0.307
0.310
0.333
0.337
0.310
0.303
0.323
0.340
0.327
0.327
0.317
0.320
0.343
0.310
0.323
0.303
0.330
0.323
0.313
0.323
0.363
0.327
0.307
0.310
0.320
0.303
0.313
0.307
0.313
0.333
0.303
0.310
0.320
0.323
0.323
0.323
0.303
0.347
0.320
0.320
0.327
0.313
0.323
0.317
0.333
0.297
0.307
