0;101;93
1;101;93
2;111;93
3;121;93
4;131;93
5;141;93
6;151;93
7;161;93
8;171;93
9;181;93
10;181;93
11;188.071;85.9289
12;188.071;85.9289
13;188.071;85.9289
14;188.071;85.9289
15;188.071;75.9289
16;188.071;75.9289
17;188.071;75.9289
18;188.071;75.9289
19;188.071;65.9289
20;188.071;65.9289
21;188.071;65.9289
22;188.071;65.9289
23;188.071;55.9289
24;188.071;55.9289
25;188.071;55.9289
26;188.071;55.9289
27;188.071;45.9289
28;188.071;45.9289
29;188.071;45.9289
30;188.071;45.9289
31;188.071;35.9289
32;188.071;25.9289
33;188.071;25.9289
34;181;18.8579
35;173.929;11.7868
36;173.929;11.7868
37;173.929;11.7868
38;163.929;11.7868
39;163.929;11.7868
40;163.929;11.7868
41;163.929;11.7868
42;153.929;11.7868
43;153.929;11.7868
44;153.929;11.7868
45;153.929;11.7868
46;143.929;11.7868
47;143.929;11.7868
48;143.929;11.7868
49;143.929;11.7868
50;133.929;11.7868
51;133.929;11.7868
52;133.929;11.7868
53;133.929;11.7868
54;123.929;11.7868
55;123.929;11.7868
56;123.929;11.7868
57;123.929;11.7868
58;113.929;11.7868
59;113.929;11.7868
60;113.929;11.7868
61;113.929;11.7868
62;103.929;11.7868
63;103.929;11.7868
64;103.929;11.7868
65;103.929;11.7868
66;93.9289;11.7868
67;93.9289;11.7868
68;93.9289;11.7868
69;93.9289;11.7868
70;83.9289;11.7868
71;83.9289;11.7868
72;83.9289;11.7868
73;83.9289;11.7868
74;73.9289;11.7868
75;73.9289;11.7868
76;73.9289;11.7868
77;73.9289;11.7868
78;63.9289;11.7868
79;63.9289;11.7868
80;63.9289;11.7868
81;63.9289;11.7868
82;53.9289;11.7868
83;53.9289;11.7868
84;53.9289;11.7868
85;53.9289;11.7868
86;43.9289;11.7868
87;43.9289;11.7868
88;43.9289;11.7868
89;43.9289;11.7868
90;33.9289;11.7868
91;23.9289;11.7868
92;23.9289;11.7868
93;16.8579;18.8579
94;9.7868;25.9289
95;9.7868;25.9289
96;9.7868;25.9289
97;9.7868;35.9289
98;9.7868;35.9289
99;9.7868;35.9289
100;9.7868;35.9289
101;9.7868;45.9289
102;9.7868;45.9289
103;9.7868;45.9289
104;9.7868;45.9289
105;9.7868;55.9289
106;9.7868;55.9289
107;9.7868;55.9289
108;9.7868;55.9289
109;9.7868;65.9289
110;9.7868;65.9289
111;9.7868;65.9289
112;9.7868;65.9289
113;9.7868;75.9289
114;9.7868;75.9289
115;9.7868;75.9289
116;9.7868;75.9289
117;9.7868;85.9289
118;9.7868;95.9289
119;9.7868;95.9289
120;16.8579;103
121;23.9289;110.071
122;23.9289;110.071
123;23.9289;110.071
124;33.9289;110.071
125;33.9289;110.071
126;33.9289;110.071
127;33.9289;110.071
128;43.9289;110.071
129;43.9289;110.071
130;43.9289;110.071
131;43.9289;110.071
132;53.9289;110.071
133;53.9289;110.071
134;53.9289;110.071
135;53.9289;110.071
136;63.9289;110.071
137;63.9289;110.071
138;63.9289;110.071
139;63.9289;110.071
140;73.9289;110.071
141;73.9289;110.071
142;73.9289;110.071
143;73.9289;110.071
144;83.9289;110.071
145;83.9289;110.071
146;83.9289;110.071
147;83.9289;110.071
148;93.9289;110.071
149;93.9289;110.071
150;93.9289;110.071
151;93.9289;110.071
152;103.929;110.071
153;103.929;110.071
154;103.929;110.071
155;103.929;110.071
156;113.929;110.071
157;113.929;110.071
158;113.929;110.071
159;113.929;110.071
160;123.929;110.071
161;123.929;110.071
162;123.929;110.071
163;123.929;110.071
164;133.929;110.071
165;133.929;110.071
166;133.929;110.071
167;133.929;110.071
168;143.929;110.071
169;143.929;110.071
170;143.929;110.071
171;143.929;110.071
172;153.929;110.071
173;153.929;110.071
174;153.929;110.071
175;153.929;110.071
176;163.929;110.071
177;173.929;110.071
178;173.929;110.071
179;181;103
180;188.071;95.9289
181;188.071;95.9289
182;188.071;95.9289
183;188.071;85.9289
184;188.071;85.9289
185;188.071;85.9289
186;188.071;85.9289
187;188.071;75.9289
188;188.071;75.9289
189;188.071;75.9289
190;188.071;75.9289
191;188.071;65.9289
192;188.071;65.9289
193;188.071;65.9289
194;188.071;65.9289
195;188.071;55.9289
196;188.071;55.9289
197;188.071;55.9289
198;188.071;55.9289
199;188.071;45.9289
200;188.071;45.9289
201;188.071;45.9289
202;188.071;45.9289
203;188.071;35.9289
204;188.071;25.9289
205;188.071;25.9289
206;181;18.8579
207;173.929;11.7868
208;173.929;11.7868
209;173.929;11.7868
210;163.929;11.7868
211;163.929;11.7868
212;163.929;11.7868
213;163.929;11.7868
214;153.929;11.7868
215;153.929;11.7868
216;153.929;11.7868
217;153.929;11.7868
218;143.929;11.7868
219;143.929;11.7868
220;143.929;11.7868
221;143.929;11.7868
222;133.929;11.7868
223;133.929;11.7868
224;133.929;11.7868
225;133.929;11.7868
226;123.929;11.7868
227;123.929;11.7868
228;123.929;11.7868
229;123.929;11.7868
230;113.929;11.7868
231;113.929;11.7868
232;113.929;11.7868
233;113.929;11.7868
234;103.929;11.7868
235;103.929;11.7868
236;103.929;11.7868
237;103.929;11.7868
238;93.9289;11.7868
239;93.9289;11.7868
240;93.9289;11.7868
241;93.9289;11.7868
242;83.9289;11.7868
243;83.9289;11.7868
244;83.9289;11.7868
245;83.9289;11.7868
246;73.9289;11.7868
247;73.9289;11.7868
248;73.9289;11.7868
249;73.9289;11.7868
250;63.9289;11.7868
251;63.9289;11.7868
252;63.9289;11.7868
253;63.9289;11.7868
254;53.9289;11.7868
255;53.9289;11.7868
256;53.9289;11.7868
257;53.9289;11.7868
258;43.9289;11.7868
259;43.9289;11.7868
260;43.9289;11.7868
261;43.9289;11.7868
262;33.9289;11.7868
263;23.9289;11.7868
264;23.9289;11.7868
265;16.8579;18.8579
266;9.7868;25.9289
267;9.7868;25.9289
268;9.7868;25.9289
269;9.7868;35.9289
270;9.7868;35.9289
271;9.7868;35.9289
272;9.7868;35.9289
273;9.7868;45.9289
274;9.7868;45.9289
275;9.7868;45.9289
276;9.7868;45.9289
277;9.7868;55.9289
278;9.7868;55.9289
279;9.7868;55.9289
280;9.7868;55.9289
281;9.7868;65.9289
282;9.7868;65.9289
283;9.7868;65.9289
284;9.7868;65.9289
285;9.7868;75.9289
286;9.7868;75.9289
287;9.7868;75.9289
288;9.7868;75.9289
289;9.7868;85.9289
290;9.7868;95.9289
291;9.7868;95.9289
292;16.8579;103
293;23.9289;110.071
294;23.9289;110.071
295;23.9289;110.071
296;33.9289;110.071
297;33.9289;110.071
298;33.9289;110.071
299;33.9289;110.071
300;43.9289;110.071
