0;174;17
1;184;17
2;184;17
3;184;17
4;184;17
5;191.071;24.0711
6;191.071;24.0711
7;191.071;34.0711
8;191.071;34.0711
9;191.071;34.0711
10;184;27
11;176.929;19.9289
12;169.858;12.8579
13;169.858;12.8579
14;169.858;12.8579
15;169.858;12.8579
16;169.858;12.8579
17;169.858;12.8579
18;179.858;12.8579
19;179.858;12.8579
20;186.929;19.9289
21;186.929;19.9289
22;186.929;29.9289
23;186.929;29.9289
24;186.929;29.9289
25;179.858;22.8579
26;172.787;15.7868
27;165.716;8.71573
28;165.716;8.71573
29;165.716;8.71573
30;165.716;8.71573
31;165.716;8.71573
32;165.716;8.71573
33;175.716;8.71573
34;175.716;8.71573
35;182.787;15.7868
36;189.858;22.8579
37;189.858;22.8579
38;189.858;32.8579
39;189.858;32.8579
40;189.858;32.8579
41;182.787;25.7868
42;175.716;18.7157
43;168.645;11.6447
44;168.645;11.6447
45;168.645;11.6447
46;168.645;11.6447
47;168.645;11.6447
48;168.645;11.6447
49;178.645;11.6447
50;178.645;11.6447
51;185.716;18.7157
52;192.787;25.7868
53;192.787;25.7868
54;192.787;35.7868
55;192.787;35.7868
56;192.787;35.7868
57;185.716;28.7157
58;178.645;21.6447
59;171.574;14.5736
60;164.503;7.50253
61;164.503;7.50253
62;164.503;7.50253
63;164.503;7.50253
64;164.503;7.50253
65;174.503;7.50253
66;174.503;7.50253
67;181.574;14.5736
68;188.645;21.6447
69;188.645;21.6447
70;188.645;31.6447
71;188.645;31.6447
72;188.645;31.6447
73;181.574;24.5736
74;174.503;17.5025
75;167.431;10.4315
76;167.431;10.4315
77;167.431;10.4315
78;167.431;10.4315
79;167.431;10.4315
80;167.431;10.4315
81;177.431;10.4315
82;177.431;10.4315
83;184.503;17.5025
84;191.574;24.5736
85;191.574;24.5736
86;191.574;34.5736
87;191.574;34.5736
88;191.574;34.5736
89;184.503;27.5025
90;177.431;20.4315
91;170.36;13.3604
92;170.36;13.3604
93;170.36;13.3604
94;170.36;13.3604
95;170.36;13.3604
96;170.36;13.3604
97;180.36;13.3604
98;180.36;13.3604
99;187.431;20.4315
100;187.431;20.4315
101;187.431;30.4315
102;187.431;30.4315
103;187.431;30.4315
104;180.36;23.3604
105;173.289;16.2893
106;166.218;9.21825
107;166.218;9.21825
108;166.218;9.21825
109;166.218;9.21825
110;166.218;9.21825
111;166.218;9.21825
112;176.218;9.21825
113;176.218;9.21825
114;183.289;16.2893
115;190.36;23.3604
116;190.36;23.3604
117;190.36;33.3604
118;190.36;33.3604
119;190.36;33.3604
120;183.289;26.2893
121;176.218;19.2183
122;169.147;12.1472
123;169.147;12.1472
124;169.147;12.1472
125;169.147;12.1472
126;169.147;12.1472
127;169.147;12.1472
128;179.147;12.1472
129;179.147;12.1472
130;186.218;19.2183
131;186.218;19.2183
132;186.218;29.2183
133;186.218;29.2183
134;186.218;29.2183
135;179.147;22.1472
136;172.076;15.0761
137;165.005;8.00505
138;165.005;8.00505
139;165.005;8.00505
140;165.005;8.00505
141;165.005;8.00505
142;165.005;8.00505
143;175.005;8.00505
144;175.005;8.00505
145;182.076;15.0761
146;189.147;22.1472
147;189.147;22.1472
148;189.147;32.1472
149;189.147;32.1472
150;189.147;32.1472
151;182.076;25.0761
152;175.005;18.0051
153;167.934;10.934
154;167.934;10.934
155;167.934;10.934
156;167.934;10.934
157;167.934;10.934
158;167.934;10.934
159;177.934;10.934
160;177.934;10.934
161;185.005;18.0051
162;192.076;25.0761
163;192.076;25.0761
164;192.076;35.0761
165;192.076;35.0761
166;192.076;35.0761
167;185.005;28.0051
168;177.934;20.934
169;170.863;13.8629
170;170.863;13.8629
171;170.863;13.8629
172;170.863;13.8629
173;170.863;13.8629
174;170.863;13.8629
175;180.863;13.8629
176;180.863;13.8629
177;187.934;20.934
178;187.934;20.934
179;187.934;30.934
180;187.934;30.934
181;187.934;30.934
182;180.863;23.8629
183;173.792;16.7918
184;166.721;9.72078
185;166.721;9.72078
186;166.721;9.72078
187;166.721;9.72078
188;166.721;9.72078
189;166.721;9.72078
190;176.721;9.72078
191;176.721;9.72078
192;183.792;16.7918
193;190.863;23.8629
194;190.863;23.8629
195;190.863;33.8629
196;190.863;33.8629
197;190.863;33.8629
198;183.792;26.7918
199;176.721;19.7208
200;169.65;12.6497
201;169.65;12.6497
202;169.65;12.6497
203;169.65;12.6497
204;169.65;12.6497
205;169.65;12.6497
206;179.65;12.6497
207;179.65;12.6497
208;186.721;19.7208
209;186.721;19.7208
210;186.721;29.7208
211;186.721;29.7208
212;186.721;29.7208
213;179.65;22.6497
214;172.579;15.5786
215;165.508;8.50758
216;165.508;8.50758
217;165.508;8.50758
218;165.508;8.50758
219;165.508;8.50758
220;165.508;8.50758
221;175.508;8.50758
222;175.508;8.50758
223;182.579;15.5786
224;189.65;22.6497
225;189.65;22.6497
226;189.65;32.6497
227;189.65;32.6497
228;189.65;32.6497
229;182.579;25.5786
230;175.508;18.5076
231;168.437;11.4365
232;168.437;11.4365
233;168.437;11.4365
234;168.437;11.4365
235;168.437;11.4365
236;168.437;11.4365
237;178.437;11.4365
238;178.437;11.4365
239;185.508;18.5076
240;192.579;25.5786
241;192.579;25.5786
242;192.579;35.5786
243;192.579;35.5786
244;192.579;35.5786
245;185.508;28.5076
246;178.437;21.4365
247;171.365;14.3654
248;164.294;7.29437
249;164.294;7.29437
250;164.294;7.29437
251;164.294;7.29437
252;164.294;7.29437
253;174.294;7.29437
254;174.294;7.29437
255;181.365;14.3654
256;188.437;21.4365
257;188.437;21.4365
258;188.437;31.4365
259;188.437;31.4365
260;188.437;31.4365
261;181.365;24.3654
262;174.294;17.2944
263;167.223;10.2233
264;167.223;10.2233
265;167.223;10.2233
266;167.223;10.2233
267;167.223;10.2233
268;167.223;10.2233
269;177.223;10.2233
270;177.223;10.2233
271;184.294;17.2944
272;191.365;24.3654
273;191.365;24.3654
274;191.365;34.3654
275;191.365;34.3654
276;191.365;34.3654
277;184.294;27.2944
278;177.223;20.2233
279;170.152;13.1522
280;170.152;13.1522
281;170.152;13.1522
282;170.152;13.1522
283;170.152;13.1522
284;170.152;13.1522
285;180.152;13.1522
286;180.152;13.1522
287;187.223;20.2233
288;187.223;20.2233
289;187.223;30.2233
290;187.223;30.2233
291;187.223;30.2233
292;180.152;23.1522
293;173.081;16.0812
294;166.01;9.0101
295;166.01;9.0101
296;166.01;9.0101
297;166.01;9.0101
298;166.01;9.0101
299;166.01;9.0101
300;176.01;9.0101
