0;71;30
1;63.9289;37.0711
2;56.8579;44.1421
3;49.7868;51.2132
4;42.7157;58.2843
5;35.6447;65.3553
6;28.5736;72.4264
7;21.5025;79.4975
8;14.4315;86.5685
9;7.36039;93.6396
10;7.36039;93.6396
11;7.36039;103.64
12;7.36039;103.64
13;7.36039;103.64
14;14.4315;110.711
15;14.4315;110.711
16;14.4315;110.711
17;24.4315;110.711
18;34.4315;110.711
19;44.4315;110.711
20;54.4315;110.711
21;64.4315;110.711
22;74.4315;110.711
23;84.4315;110.711
24;94.4315;110.711
25;104.431;110.711
26;114.431;110.711
27;124.431;110.711
28;134.431;110.711
29;144.431;110.711
30;154.431;110.711
31;164.431;110.711
32;174.431;110.711
33;174.431;110.711
34;181.503;103.64
35;188.574;96.5685
36;188.574;96.5685
37;188.574;96.5685
38;188.574;86.5685
39;188.574;76.5685
40;188.574;66.5685
41;188.574;56.5685
42;188.574;46.5685
43;188.574;36.5685
44;188.574;26.5685
45;188.574;26.5685
46;181.503;19.4975
47;174.431;12.4264
48;174.431;12.4264
49;174.431;12.4264
50;164.431;12.4264
51;154.431;12.4264
52;144.431;12.4264
53;134.431;12.4264
54;124.431;12.4264
55;114.431;12.4264
56;104.431;12.4264
57;94.4315;12.4264
58;84.4315;12.4264
59;74.4315;12.4264
60;64.4315;12.4264
61;54.4315;12.4264
62;44.4315;12.4264
63;34.4315;12.4264
64;24.4315;12.4264
65;24.4315;12.4264
66;17.3604;19.4975
67;10.2893;26.5685
68;10.2893;26.5685
69;10.2893;26.5685
70;10.2893;36.5685
71;10.2893;46.5685
72;10.2893;56.5685
73;10.2893;66.5685
74;10.2893;76.5685
75;10.2893;86.5685
76;10.2893;96.5685
77;10.2893;96.5685
78;17.3604;103.64
79;24.4315;110.711
80;24.4315;110.711
81;24.4315;110.711
82;34.4315;110.711
83;44.4315;110.711
84;54.4315;110.711
85;64.4315;110.711
86;74.4315;110.711
87;84.4315;110.711
88;94.4315;110.711
89;104.431;110.711
90;114.431;110.711
91;124.431;110.711
92;134.431;110.711
93;144.431;110.711
94;154.431;110.711
95;164.431;110.711
96;174.431;110.711
97;174.431;110.711
98;181.503;103.64
99;188.574;96.5685
100;188.574;96.5685
101;188.574;96.5685
102;188.574;86.5685
103;188.574;76.5685
104;188.574;66.5685
105;188.574;56.5685
106;188.574;46.5685
107;188.574;36.5685
108;188.574;26.5685
109;188.574;26.5685
110;181.503;19.4975
111;174.431;12.4264
112;174.431;12.4264
113;174.431;12.4264
114;164.431;12.4264
115;154.431;12.4264
116;144.431;12.4264
117;134.431;12.4264
118;124.431;12.4264
119;114.431;12.4264
120;104.431;12.4264
121;94.4315;12.4264
122;84.4315;12.4264
123;74.4315;12.4264
124;64.4315;12.4264
125;54.4315;12.4264
126;44.4315;12.4264
127;34.4315;12.4264
128;24.4315;12.4264
129;24.4315;12.4264
130;17.3604;19.4975
131;10.2893;26.5685
132;10.2893;26.5685
133;10.2893;26.5685
134;10.2893;36.5685
135;10.2893;46.5685
136;10.2893;56.5685
137;10.2893;66.5685
138;10.2893;76.5685
139;10.2893;86.5685
140;10.2893;96.5685
141;10.2893;96.5685
142;17.3604;103.64
143;24.4315;110.711
144;24.4315;110.711
145;24.4315;110.711
146;34.4315;110.711
147;44.4315;110.711
148;54.4315;110.711
149;64.4315;110.711
150;74.4315;110.711
151;84.4315;110.711
152;94.4315;110.711
153;104.431;110.711
154;114.431;110.711
155;124.431;110.711
156;134.431;110.711
157;144.431;110.711
158;154.431;110.711
159;164.431;110.711
160;174.431;110.711
161;174.431;110.711
162;181.503;103.64
163;188.574;96.5685
164;188.574;96.5685
165;188.574;96.5685
166;188.574;86.5685
167;188.574;76.5685
168;188.574;66.5685
169;188.574;56.5685
170;188.574;46.5685
171;188.574;36.5685
172;188.574;26.5685
173;188.574;26.5685
174;181.503;19.4975
175;174.431;12.4264
176;174.431;12.4264
177;174.431;12.4264
178;164.431;12.4264
179;154.431;12.4264
180;144.431;12.4264
181;134.431;12.4264
182;124.431;12.4264
183;114.431;12.4264
184;104.431;12.4264
185;94.4315;12.4264
186;84.4315;12.4264
187;74.4315;12.4264
188;64.4315;12.4264
189;54.4315;12.4264
190;44.4315;12.4264
191;34.4315;12.4264
192;24.4315;12.4264
193;24.4315;12.4264
194;17.3604;19.4975
195;10.2893;26.5685
196;10.2893;26.5685
197;10.2893;26.5685
198;10.2893;36.5685
199;10.2893;46.5685
200;10.2893;56.5685
201;10.2893;66.5685
202;10.2893;76.5685
203;10.2893;86.5685
204;10.2893;96.5685
205;10.2893;96.5685
206;17.3604;103.64
207;24.4315;110.711
208;24.4315;110.711
209;24.4315;110.711
210;34.4315;110.711
211;44.4315;110.711
212;54.4315;110.711
213;64.4315;110.711
214;74.4315;110.711
215;84.4315;110.711
216;94.4315;110.711
217;104.431;110.711
218;114.431;110.711
219;124.431;110.711
220;134.431;110.711
221;144.431;110.711
222;154.431;110.711
223;164.431;110.711
224;174.431;110.711
225;174.431;110.711
226;181.503;103.64
227;188.574;96.5685
228;188.574;96.5685
229;188.574;96.5685
230;188.574;86.5685
231;188.574;76.5685
232;188.574;66.5685
233;188.574;56.5685
234;188.574;46.5685
235;188.574;36.5685
236;188.574;26.5685
237;188.574;26.5685
238;181.503;19.4975
239;174.431;12.4264
240;174.431;12.4264
241;174.431;12.4264
242;164.431;12.4264
243;154.431;12.4264
244;144.431;12.4264
245;134.431;12.4264
246;124.431;12.4264
247;114.431;12.4264
248;104.431;12.4264
249;94.4315;12.4264
250;84.4315;12.4264
251;74.4315;12.4264
252;64.4315;12.4264
253;54.4315;12.4264
254;44.4315;12.4264
255;34.4315;12.4264
256;24.4315;12.4264
257;24.4315;12.4264
258;17.3604;19.4975
259;10.2893;26.5685
260;10.2893;26.5685
261;10.2893;26.5685
262;10.2893;36.5685
263;10.2893;46.5685
264;10.2893;56.5685
265;10.2893;66.5685
266;10.2893;76.5685
267;10.2893;86.5685
268;10.2893;96.5685
269;10.2893;96.5685
270;17.3604;103.64
271;24.4315;110.711
272;24.4315;110.711
273;24.4315;110.711
274;34.4315;110.711
275;44.4315;110.711
276;54.4315;110.711
277;64.4315;110.711
278;74.4315;110.711
279;84.4315;110.711
280;94.4315;110.711
281;104.431;110.711
282;114.431;110.711
283;124.431;110.711
284;134.431;110.711
285;144.431;110.711
286;154.431;110.711
287;164.431;110.711
288;174.431;110.711
289;174.431;110.711
290;181.503;103.64
291;188.574;96.5685
292;188.574;96.5685
293;188.574;96.5685
294;188.574;86.5685
295;188.574;76.5685
296;188.574;66.5685
297;188.574;56.5685
298;188.574;46.5685
299;188.574;36.5685
300;188.574;26.5685
