0.069
0.102
0.112
0.116
0.124
0.121
0.137
0.149
0.142
0.163
0.163
0.186
0.192
0.193
0.219
0.216
0.206
0.220
0.230
0.213
0.233
0.223
0.224
0.220
0.254
0.233
0.234
0.239
0.234
0.242
0.231
0.265
0.251
0.247
0.235
0.237
0.234
0.262
0.262
0.235
0.259
0.230
0.226
0.222
0.235
0.225
0.220
0.226
0.238
0.226
0.223
0.238
0.239
0.230
0.232
0.226
0.248
0.259
0.253
0.253
0.257
0.248
0.243
0.249
0.230
0.234
0.207
0.254
0.232
0.228
0.221
0.223
0.223
0.256
0.248
0.239
0.234
0.243
0.243
0.229
0.240
0.257
0.256
0.275
0.224
0.247
0.262
0.244
0.271
0.267
0.275
0.268
0.255
0.272
0.251
0.249
0.253
0.249
0.266
0.267
0.251
0.253
0.260
0.230
0.224
0.218
0.233
0.268
0.241
0.224
0.251
0.221
0.212
0.216
0.238
0.243
0.271
0.247
0.243
0.263
0.239
0.245
0.239
0.264
0.248
0.255
0.264
0.263
0.268
0.251
0.218
0.223
0.214
0.238
0.260
0.232
0.236
0.225
0.236
0.259
0.263
0.255
0.234
0.237
0.252
0.253
0.231
0.258
0.255
0.246
0.250
0.265
0.243
0.234
0.229
0.231
0.240
0.247
0.240
0.265
0.253
0.238
0.258
0.264
0.241
0.272
0.262
0.254
0.278
0.272
0.257
0.239
0.261
0.251
0.233
0.248
0.249
0.256
0.288
0.259
0.240
0.232
0.234
0.263
0.247
0.235
0.264
0.229
0.276
0.252
0.250
0.288
0.291
0.275
0.276
0.270
0.263
0.254
0.277
0.268
0.275
0.312
0.287
0.271
0.274
0.277
0.258
0.256
0.245
0.247
0.263
0.246
0.238
0.240
0.276
0.292
0.270
0.253
0.248
0.287
0.288
0.296
0.278
0.257
0.284
0.293
0.289
0.261
0.280
0.269
0.263
0.267
0.269
0.280
0.276
0.226
0.242
0.245
0.253
0.271
0.264
0.279
0.269
0.256
0.267
0.280
0.291
0.276
0.276
0.270
0.283
0.286
0.268
0.263
0.270
0.276
0.247
0.270
0.261
0.276
0.291
0.275
0.272
0.250
0.261
0.248
0.262
0.235
0.264
0.244
0.255
0.252
0.252
0.241
0.265
0.269
0.285
0.274
0.275
0.264
0.267
0.237
0.265
0.264
0.288
0.256
0.253
0.254
0.267
0.275
0.274
0.256
0.259
0.250
0.252
0.272
0.259
0.270
0.278
0.312
0.274
0.252
0.272
0.283
0.270
0.252
0.271
0.234
0.241
0.224
0.230
0.269
0.258
0.254
0.249
0.288
0.278
0.282
0.259
0.291
0.277
0.274
0.244
0.251
0.266
0.261
0.250
0.248
0.245
0.273
0.238
0.269
0.251
0.265
0.247
0.234
0.264
0.254
0.262
0.241
0.271
0.268
0.264
0.276
0.265
0.246
0.261
0.271
0.283
0.273
0.253
0.244
0.261
0.260
0.276
0.278
0.259
0.275
0.279
0.234
0.228
0.231
0.218
0.232
0.261
0.263
0.278
0.252
0.237
0.241
0.247
0.252
0.289
0.279
0.283
0.292
0.301
0.289
0.295
0.291
0.291
0.267
0.297
0.301
0.279
0.255
0.275
0.279
0.282
0.291
0.295
0.291
0.274
0.255
0.248
0.247
0.273
0.258
0.272
0.257
0.270
0.272
0.285
0.266
0.239
0.275
0.265
0.265
0.258
0.257
0.277
0.256
0.251
0.247
0.280
0.252
0.285
0.284
0.252
0.271
0.275
0.300
0.297
0.308
0.284
0.281
0.244
0.262
0.256
0.259
0.279
0.279
0.280
0.273
0.271
0.252
0.275
0.303
0.271
0.310
0.290
0.286
0.260
0.212
0.231
0.276
0.257
0.249
0.239
0.249
0.275
0.256
0.274
0.248
0.283
0.282
0.269
0.278
0.278
0.300
0.293
0.267
0.247
0.271
0.273
0.258
0.252
0.274
0.267
0.271
0.256
0.278
0.244
0.251
0.274
0.277
0.271
0.268
0.272
0.271
0.264
0.268
0.267
0.261
0.260
0.284
0.251
0.254
0.277
0.273
0.275
0.256
0.256
0.250
0.255
0.258
0.261
0.250
0.258
0.262
