0.046
0.100
0.125
0.140
0.152
0.156
0.177
0.178
0.202
0.233
0.262
0.279
0.247
0.271
0.250
0.239
0.271
0.268
0.274
0.270
0.246
0.244
0.241
0.257
0.260
0.272
0.278
0.268
0.271
0.276
0.285
0.304
0.297
0.285
0.318
0.303
0.306
0.306
0.314
0.316
0.301
0.298
0.295
0.318
0.320
0.272
0.309
0.309
0.287
0.287
0.326
0.294
0.301
0.313
0.300
0.296
0.288
0.321
0.306
0.312
0.305
0.307
0.326
0.308
0.312
0.309
0.328
0.321
0.334
0.320
0.325
0.341
0.325
0.331
0.331
0.320
0.325
0.316
0.299
0.320
0.294
0.303
0.314
0.308
0.297
0.280
0.293
0.292
0.312
0.307
0.313
0.308
0.297
0.308
0.316
0.318
0.320
0.308
0.322
0.318
0.340
0.320
0.326
0.319
0.317
0.315
0.293
0.298
0.291
0.309
0.303
0.323
0.318
0.310
0.327
0.320
0.335
0.332
0.304
0.316
0.313
0.320
0.336
0.345
0.325
0.331
0.321
0.311
0.318
0.309
0.313
0.310
0.317
0.320
0.311
0.304
0.324
0.326
0.318
0.329
0.310
0.327
0.315
0.311
0.293
0.319
0.343
0.311
0.334
0.337
0.337
0.297
0.323
0.333
0.321
0.320
0.318
0.326
0.311
0.304
0.321
0.329
0.333
0.319
0.330
0.331
0.327
0.325
0.326
0.330
0.339
0.340
0.351
0.326
0.316
0.327
0.316
0.318
0.320
0.328
0.331
0.315
0.326
0.338
0.328
0.331
0.326
0.320
0.331
0.334
0.325
0.321
0.312
0.317
0.345
0.316
0.310
0.318
0.319
0.326
0.326
0.329
0.329
0.335
0.329
0.309
0.303
0.309
0.298
0.329
0.338
0.333
0.334
0.328
0.341
0.326
0.303
0.329
0.327
0.328
0.315
0.323
0.318
0.323
0.330
0.342
0.309
0.317
0.339
0.341
0.324
0.346
0.330
0.325
0.317
0.295
0.331
0.306
0.330
0.309
0.323
0.312
0.344
0.314
0.322
0.323
0.336
0.305
0.317
0.323
0.325
0.299
0.298
0.327
0.323
0.311
0.324
0.328
0.323
0.319
0.318
0.333
0.311
0.319
0.331
0.311
0.324
0.324
0.333
0.310
0.316
0.326
0.316
0.319
0.325
0.339
0.307
0.310
0.316
0.340
0.323
0.340
0.308
0.290
0.302
0.338
0.339
0.315
0.326
0.340
0.344
0.330
0.314
0.313
0.293
0.330
0.309
0.342
0.329
0.311
0.323
0.318
0.327
0.323
0.343
0.344
0.333
0.333
0.334
0.323
0.324
0.296
0.328
0.326
0.322
0.313
0.313
0.327
0.329
0.311
0.349
0.357
0.337
0.348
0.320
0.317
0.319
0.333
0.318
0.335
0.332
0.298
0.314
0.331
0.331
0.328
0.299
0.310
0.304
0.319
0.327
0.331
0.334
0.317
0.323
0.337
0.323
0.314
0.302
0.338
0.324
0.352
0.344
0.312
0.339
0.319
0.326
0.318
0.320
0.311
0.318
0.322
0.309
0.317
0.331
0.310
0.301
0.334
0.309
0.339
0.336
0.325
0.314
0.319
0.326
0.334
0.322
0.323
0.324
0.329
0.326
0.334
0.336
0.317
0.317
0.322
0.327
0.338
0.294
0.333
0.315
0.327
0.328
0.321
0.329
0.316
0.320
0.314
0.307
0.330
0.322
0.330
0.340
0.335
0.328
0.323
0.312
0.304
0.330
0.320
0.323
0.338
0.309
0.331
0.315
0.318
0.312
0.330
0.317
0.329
0.309
0.308
0.296
0.308
0.313
0.332
0.345
0.331
0.319
0.331
0.307
0.332
0.323
0.326
0.323
0.321
0.323
0.336
0.328
0.313
0.326
0.349
0.315
0.323
0.328
0.336
0.333
0.333
0.324
0.296
0.331
0.336
0.333
0.323
0.336
0.328
0.335
0.323
0.340
0.323
0.328
0.348
0.317
0.308
0.335
0.331
0.310
0.348
0.321
0.338
0.312
0.322
0.330
0.319
0.334
0.341
0.334
0.328
0.335
0.330
0.326
0.336
0.320
0.325
0.332
0.350
0.327
0.325
0.312
0.327
0.351
0.326
0.309
0.334
0.317
0.343
0.324
0.326
0.342
0.338
