0.042
0.077
0.094
0.125
0.127
0.131
0.144
0.153
0.152
0.161
0.148
0.158
0.161
0.163
0.178
0.172
0.186
0.191
0.221
0.242
0.243
0.259
0.267
0.274
0.281
0.285
0.274
0.276
0.253
0.276
0.276
0.271
0.265
0.269
0.271
0.268
0.274
0.283
0.267
0.247
0.254
0.255
0.277
0.284
0.282
0.267
0.277
0.282
0.282
0.281
0.292
0.269
0.265
0.288
0.255
0.271
0.272
0.287
0.277
0.276
0.290
0.284
0.280
0.273
0.285
0.274
0.279
0.289
0.289
0.288
0.290
0.296
0.286
0.293
0.273
0.284
0.288
0.285
0.268
0.291
0.288
0.289
0.284
0.290
0.285
0.287
0.271
0.290
0.286
0.287
0.284
0.296
0.292
0.269
0.272
0.288
0.289
0.285
0.280
0.275
0.290
0.272
0.278
0.281
0.287
0.267
0.281
0.264
0.281
0.292
0.275
0.280
0.282
0.292
0.289
0.298
0.295
0.276
0.287
0.285
0.272
0.281
0.276
0.289
0.285
0.280
0.271
0.283
0.294
0.292
0.289
0.288
0.276
0.270
0.278
0.284
0.278
0.282
0.286
0.285
0.280
0.288
0.279
0.280
0.255
0.279
0.290
0.284
0.281
0.283
0.283
0.297
0.297
0.286
0.304
0.298
0.290
0.299
0.297
0.284
0.301
0.296
0.297
0.298
0.286
0.278
0.286
0.294
0.288
0.298
0.290
0.285
0.281
0.286
0.291
0.285
0.294
0.293
0.306
0.300
0.283
0.296
0.297
0.277
0.290
0.291
0.288
0.281
0.274
0.286
0.274
0.285
0.282
0.293
0.288
0.295
0.284
0.284
0.293
0.293
0.284
0.287
0.302
0.285
0.285
0.303
0.283
0.301
0.300
0.284
0.297
0.290
0.296
0.282
0.305
0.294
0.304
0.289
0.302
0.300
0.302
0.285
0.302
0.284
0.284
0.253
0.263
0.246
0.268
0.275
0.278
0.283
0.268
0.281
0.282
0.300
0.271
0.283
0.277
0.277
0.300
0.300
0.284
0.288
0.299
0.325
0.287
0.285
0.282
0.273
0.268
0.275
0.276
0.296
0.285
0.296
0.291
0.283
0.310
0.291
0.294
0.295
0.302
0.292
0.287
0.295
0.278
0.270
0.284
0.304
0.310
0.299
0.302
0.277
0.286
0.267
0.319
0.290
0.323
0.316
0.334
0.307
0.316
0.295
0.290
0.266
0.273
0.291
0.282
0.260
0.232
0.281
0.269
0.247
0.289
0.272
0.285
0.284
0.302
0.292
0.281
0.272
0.289
0.301
0.297
0.309
0.280
0.276
0.306
0.289
0.284
0.269
0.277
0.322
0.292
0.271
0.284
0.284
0.299
0.291
0.304
0.305
0.298
0.288
0.296
0.280
0.291
0.273
0.311
0.342
0.284
0.293
0.302
0.301
0.283
0.278
0.276
0.287
0.296
0.278
0.307
0.276
0.321
0.306
0.296
0.269
0.288
0.294
0.285
0.292
0.269
0.285
0.248
0.242
0.284
0.287
0.322
0.286
0.282
0.271
0.289
0.297
0.320
0.340
0.318
0.285
0.278
0.302
0.278
0.264
0.272
0.332
0.307
0.334
0.306
0.317
0.299
0.306
0.315
0.293
0.295
0.274
0.280
0.293
0.288
0.283
0.245
0.258
0.258
0.287
0.240
0.266
0.274
0.288
0.296
0.277
0.280
0.278
0.247
0.287
0.282
0.292
0.310
0.305
0.329
0.320
0.298
0.287
0.308
0.283
0.307
0.316
0.318
0.285
0.289
0.281
0.339
0.297
0.311
0.272
0.326
0.336
0.311
0.272
0.282
0.323
0.320
0.327
0.283
0.330
0.358
0.297
0.320
0.346
0.311
0.300
0.325
0.326
0.343
0.342
0.330
0.313
0.302
0.286
0.336
0.316
0.349
0.325
0.333
0.306
0.312
0.341
0.335
0.325
0.314
0.345
0.331
0.297
0.319
0.315
0.324
0.313
0.285
0.329
0.316
0.324
0.325
0.299
0.309
0.294
0.311
0.291
0.320
0.319
0.325
0.345
0.329
0.281
0.296
0.305
0.309
0.320
0.326
0.309
0.304
0.326
0.296
0.340
0.311
0.302
0.314
0.312
0.308
0.314
0.298
0.303
0.324
0.313
0.333
0.307
