0.167
0.205
0.202
0.265
0.245
0.265
0.258
0.267
0.252
0.267
0.272
0.268
0.275
0.275
0.273
0.277
0.278
0.262
0.275
0.263
0.275
0.277
0.268
0.272
0.273
0.273
0.292
0.275
0.287
0.275
0.295
0.272
0.280
0.280
0.283
0.277
0.277
0.277
0.285
0.277
0.283
0.280
0.280
0.278
0.265
0.275
0.295
0.280
0.287
0.283
0.295
0.272
0.288
0.273
0.275
0.287
0.275
0.293
0.285
0.277
0.282
0.283
0.283
0.278
0.283
0.307
0.292
0.293
0.283
0.290
0.275
0.288
0.298
0.280
0.273
0.277
0.282
0.300
0.288
0.278
0.280
0.287
0.278
0.300
0.280
0.268
0.280
0.298
0.295
0.275
0.287
0.285
0.292
0.292
0.283
0.285
0.272
0.290
0.277
0.288
0.295
0.272
0.288
0.280
0.282
0.273
0.282
0.298
0.283
0.287
0.297
0.287
0.283
0.292
0.290
0.267
0.275
0.287
0.287
0.278
0.278
0.292
0.307
0.285
0.300
0.272
0.285
0.270
0.280
0.280
0.292
0.293
0.283
0.290
0.300
0.298
0.287
0.277
0.270
0.278
0.277
0.287
0.287
0.295
0.283
0.292
0.273
0.277
0.283
0.285
0.272
0.283
0.280
0.277
0.283
0.310
0.282
0.290
0.280
0.268
0.282
0.285
0.295
0.278
0.295
0.282
0.288
0.283
0.285
0.298
0.278
0.275
0.282
0.268
0.275
0.280
0.278
0.298
0.278
0.275
0.278
0.277
0.287
0.290
0.275
0.282
0.277
0.305
0.272
0.272
0.285
0.273
0.277
0.283
0.282
0.283
0.285
0.280
0.280
0.282
0.280
0.280
0.287
0.280
0.317
0.285
0.293
0.295
0.308
0.297
0.300
0.298
0.295
0.300
0.300
0.300
0.303
0.300
0.300
0.310
0.297
0.298
0.295
0.312
0.315
0.305
0.305
0.300
0.300
0.312
0.295
0.302
0.293
0.302
0.298
0.303
0.308
0.297
0.312
0.303
0.300
0.290
0.303
0.300
0.290
0.298
0.305
0.292
0.305
0.298
0.293
0.292
0.333
0.322
0.308
0.300
0.307
0.298
0.302
0.303
0.290
0.327
0.305
0.307
0.313
0.313
0.297
0.307
0.295
0.305
0.302
0.312
0.298
0.292
0.288
0.297
0.307
0.310
0.303
0.292
0.292
0.290
0.308
0.295
0.297
0.303
0.308
0.310
0.308
0.313
0.307
0.302
0.300
0.307
0.298
0.313
0.297
0.298
0.298
0.313
0.300
0.312
0.297
0.325
0.298
0.298
0.295
0.295
0.295
0.308
0.307
0.318
0.292
0.298
0.297
0.297
0.287
0.300
0.303
0.308
0.297
0.300
0.315
0.302
0.302
0.297
0.295
0.310
0.297
0.298
0.305
0.305
0.298
0.302
0.302
0.295
0.302
0.308
0.295
0.300
0.298
0.300
0.320
0.308
0.307
0.293
0.310
0.300
0.302
0.302
0.323
0.302
0.310
0.310
0.310
0.300
0.295
0.307
0.290
0.310
0.313
0.297
0.293
0.307
0.310
0.303
0.318
0.325
0.290
0.300
0.313
0.292
0.308
0.303
0.295
0.307
0.308
0.302
0.308
0.308
0.305
0.298
0.302
0.295
0.293
0.308
0.285
0.335
0.327
0.302
0.298
0.295
0.303
0.303
0.298
0.297
0.305
0.303
0.302
0.302
0.303
0.298
0.302
0.305
0.300
0.303
0.307
0.302
0.305
0.327
0.310
0.287
0.300
0.313
0.305
0.302
0.290
0.302
0.295
0.315
0.308
0.317
0.305
0.298
0.307
0.300
0.308
0.298
0.303
0.300
0.298
0.302
0.312
0.295
0.298
0.308
0.300
0.292
0.300
0.308
0.310
0.310
0.303
0.305
0.310
0.317
0.302
0.295
0.303
0.305
0.302
0.300
0.300
0.285
0.287
0.310
0.317
0.308
0.303
0.310
0.300
0.313
0.302
0.298
0.308
0.312
0.297
0.303
0.305
0.298
0.302
0.290
0.302
0.298
0.297
0.305
0.315
0.310
0.295
0.302
0.305
0.303
0.297
0.297
0.310
0.293
0.315
0.307
0.298
0.300
0.300
0.317
0.302
0.312
0.305
0.310
0.307
0.307
0.295
0.305
