0.058
0.083
0.104
0.088
0.106
0.129
0.135
0.151
0.169
0.181
0.172
0.214
0.204
0.205
0.213
0.239
0.252
0.275
0.271
0.270
0.302
0.295
0.277
0.281
0.301
0.305
0.297
0.305
0.311
0.304
0.297
0.299
0.310
0.319
0.313
0.322
0.323
0.315
0.310
0.321
0.307
0.306
0.313
0.312
0.305
0.308
0.294
0.327
0.311
0.292
0.309
0.321
0.308
0.323
0.304
0.299
0.298
0.322
0.304
0.302
0.306
0.321
0.315
0.311
0.328
0.303
0.302
0.317
0.323
0.308
0.294
0.315
0.316
0.312
0.303
0.286
0.276
0.305
0.294
0.305
0.296
0.294
0.279
0.305
0.295
0.313
0.309
0.316
0.307
0.306
0.308
0.313
0.320
0.300
0.296
0.309
0.303
0.337
0.285
0.306
0.303
0.309
0.316
0.307
0.304
0.306
0.322
0.326
0.303
0.308
0.322
0.295
0.312
0.304
0.304
0.300
0.314
0.314
0.288
0.292
0.309
0.312
0.328
0.330
0.334
0.325
0.328
0.327
0.350
0.327
0.331
0.339
0.348
0.337
0.363
0.338
0.341
0.359
0.336
0.351
0.353
0.351
0.353
0.348
0.349
0.319
0.311
0.314
0.322
0.341
0.333
0.337
0.344
0.336
0.357
0.349
0.337
0.351
0.354
0.347
0.370
0.356
0.359
0.363
0.374
0.358
0.371
0.334
0.356
0.366
0.338
0.352
0.326
0.338
0.349
0.364
0.355
0.340
0.340
0.362
0.348
0.353
0.354
0.373
0.364
0.339
0.363
0.332
0.327
0.344
0.362
0.328
0.347
0.366
0.339
0.370
0.351
0.342
0.361
0.366
0.361
0.359
0.356
0.369
0.372
0.365
0.383
0.370
0.375
0.385
0.390
0.375
0.387
0.382
0.381
0.373
0.377
0.397
0.389
0.379
0.381
0.379
0.380
0.387
0.391
0.379
0.390
0.368
0.380
0.376
0.366
0.356
0.385
0.374
0.378
0.382
0.398
0.361
0.384
0.379
0.364
0.385
0.393
0.382
0.384
0.398
0.389
0.408
0.394
0.401
0.395
0.413
0.380
0.397
0.399
0.395
0.391
0.398
0.388
0.386
0.385
0.392
0.393
0.386
0.395
0.377
0.378
0.384
0.355
0.376
0.391
0.396
0.412
0.378
0.404
0.382
0.397
0.385
0.381
0.399
0.390
0.390
0.393
0.383
0.377
0.379
0.379
0.383
0.381
0.397
0.391
0.409
0.405
0.400
0.392
0.398
0.393
0.368
0.389
0.372
0.379
0.409
0.381
0.381
0.380
0.372
0.370
0.385
0.388
0.396
0.390
0.378
0.400
0.398
0.394
0.393
0.406
0.396
0.418
0.379
0.376
0.380
0.381
0.393
0.379
0.384
0.382
0.367
0.374
0.387
0.385
0.378
0.386
0.364
0.387
0.379
0.387
0.401
0.395
0.380
0.409
0.404
0.416
0.406
0.394
0.398
0.410
0.404
0.400
0.399
0.394
0.406
0.407
0.393
0.390
0.383
0.403
0.400
0.416
0.385
0.414
0.397
0.392
0.414
0.408
0.415
0.415
0.402
0.405
0.392
0.409
0.417
0.396
0.410
0.402
0.412
0.390
0.412
0.387
0.407
0.375
0.390
0.402
0.392
0.409
0.384
0.410
0.427
0.413
0.402
0.434
0.393
0.417
0.418
0.382
0.411
0.417
0.396
0.389
0.417
0.396
0.397
0.404
0.382
0.391
0.387
0.417
0.369
0.393
0.394
0.399
0.405
0.390
0.391
0.373
0.387
0.417
0.407
0.413
0.394
0.424
0.403
0.417
0.406
0.406
0.399
0.387
0.394
0.398
0.390
0.380
0.368
0.366
0.398
0.386
0.394
0.393
0.406
0.377
0.404
0.409
0.420
0.382
0.419
0.390
0.413
0.416
0.411
0.407
0.382
0.381
0.415
0.396
0.399
0.400
0.416
0.388
0.381
0.370
0.394
0.405
0.412
0.376
0.393
0.400
0.395
0.380
0.378
0.394
0.404
0.403
0.413
0.392
0.423
0.385
0.382
0.382
0.396
0.398
0.411
0.400
0.400
0.417
0.403
0.415
0.402
0.412
0.426
0.408
0.408
0.398
0.417
0.388
0.395
0.410
0.412
0.406
0.385
0.396
0.404
