0.036
0.081
0.101
0.132
0.154
0.135
0.142
0.153
0.178
0.157
0.158
0.190
0.200
0.169
0.189
0.196
0.187
0.195
0.208
0.216
0.210
0.208
0.199
0.226
0.213
0.217
0.195
0.210
0.212
0.234
0.226
0.225
0.226
0.253
0.219
0.261
0.258
0.237
0.203
0.185
0.199
0.223
0.246
0.238
0.225
0.218
0.217
0.222
0.228
0.226
0.202
0.215
0.249
0.207
0.218
0.223
0.199
0.220
0.205
0.189
0.205
0.226
0.203
0.224
0.212
0.234
0.250
0.241
0.236
0.208
0.247
0.269
0.250
0.265
0.213
0.224
0.264
0.260
0.266
0.235
0.232
0.261
0.241
0.214
0.210
0.248
0.246
0.216
0.208
0.221
0.217
0.238
0.225
0.238
0.246
0.253
0.223
0.223
0.243
0.245
0.247
0.250
0.262
0.234
0.243
0.243
0.229
0.247
0.220
0.252
0.236
0.210
0.252
0.228
0.227
0.220
0.223
0.238
0.223
0.195
0.238
0.230
0.234
0.245
0.251
0.219
0.241
0.219
0.259
0.239
0.221
0.243
0.241
0.257
0.274
0.279
0.274
0.288
0.288
0.278
0.299
0.288
0.261
0.257
0.293
0.277
0.293
0.301
0.293
0.272
0.292
0.288
0.316
0.283
0.296
0.287
0.289
0.296
0.272
0.287
0.286
0.292
0.269
0.281
0.317
0.312
0.322
0.323
0.309
0.314
0.300
0.313
0.313
0.288
0.303
0.319
0.299
0.316
0.297
0.315
0.299
0.287
0.314
0.317
0.280
0.279
0.298
0.289
0.302
0.279
0.311
0.305
0.307
0.308
0.286
0.287
0.269
0.293
0.333
0.334
0.386
0.381
0.355
0.371
0.377
0.407
0.373
0.368
0.354
0.389
0.343
0.391
0.375
0.390
0.396
0.358
0.351
0.369
0.396
0.347
0.337
0.360
0.373
0.383
0.376
0.351
0.389
0.355
0.373
0.370
0.350
0.346
0.374
0.353
0.361
0.370
0.348
0.376
0.363
0.329
0.336
0.386
0.385
0.384
0.357
0.357
0.369
0.354
0.354
0.336
0.333
0.358
0.322
0.335
0.349
0.354
0.341
0.343
0.351
0.329
0.323
0.316
0.338
0.333
0.343
0.321
0.373
0.356
0.344
0.360
0.362
0.324
0.345
0.380
0.358
0.345
0.306
0.336
0.323
0.358
0.371
0.340
0.318
0.343
0.347
0.369
0.349
0.344
0.322
0.331
0.360
0.345
0.347
0.359
0.396
0.323
0.352
0.399
0.361
0.354
0.353
0.326
0.348
0.350
0.377
0.336
0.342
0.391
0.301
0.300
0.377
0.328
0.296
0.322
0.366
0.378
0.378
0.398
0.372
0.367
0.359
0.403
0.420
0.395
0.420
0.407
0.428
0.396
0.399
0.421
0.444
0.416
0.413
0.413
0.397
0.395
0.434
0.420
0.387
0.404
0.402
0.393
0.385
0.451
0.409
0.397
0.396
0.404
0.395
0.382
0.418
0.366
0.417
0.381
0.413
0.362
0.383
0.365
0.378
0.362
0.388
0.406
0.370
0.330
0.359
0.334
0.370
0.326
0.368
0.398
0.393
0.357
0.403
0.382
0.385
0.376
0.387
0.399
0.385
0.401
0.423
0.400
0.378
0.420
0.403
0.367
0.380
0.426
0.424
0.401
0.437
0.417
0.404
0.390
0.414
0.429
0.410
0.395
0.390
0.415
0.385
0.419
0.390
0.425
0.415
0.396
0.424
0.403
0.385
0.390
0.356
0.378
0.368
0.398
0.428
0.378
0.343
0.367
0.347
0.393
0.386
0.382
0.386
0.370
0.400
0.419
0.391
0.401
0.396
0.418
0.394
0.382
0.376
0.390
0.369
0.377
0.397
0.390
0.409
0.399
0.425
0.392
0.379
0.411
0.387
0.356
0.410
0.458
0.399
0.428
0.397
0.387
0.378
0.374
0.431
0.422
0.417
0.418
0.396
0.372
0.402
0.409
0.413
0.420
0.408
0.396
0.391
0.382
0.403
0.390
0.405
0.416
0.398
0.424
0.433
0.406
0.410
0.395
0.424
0.424
0.400
0.423
0.435
0.408
0.388
0.370
0.403
0.362
0.368
0.397
0.371
0.383
0.392
0.366
0.438
0.413
0.424
0.364
0.355
0.388
