0.036
0.077
0.112
0.125
0.135
0.150
0.154
0.180
0.197
0.190
0.196
0.216
0.208
0.220
0.215
0.224
0.275
0.282
0.295
0.300
0.317
0.350
0.333
0.343
0.368
0.372
0.328
0.319
0.349
0.341
0.357
0.341
0.344
0.358
0.341
0.363
0.344
0.359
0.327
0.357
0.377
0.390
0.362
0.385
0.384
0.349
0.376
0.383
0.352
0.362
0.340
0.358
0.340
0.344
0.361
0.352
0.354
0.349
0.350
0.335
0.325
0.344
0.358
0.336
0.317
0.328
0.353
0.341
0.322
0.321
0.329
0.321
0.362
0.360
0.323
0.333
0.323
0.339
0.373
0.356
0.354
0.378
0.361
0.365
0.396
0.381
0.393
0.367
0.410
0.396
0.401
0.424
0.395
0.401
0.423
0.449
0.430
0.397
0.436
0.421
0.416
0.409
0.435
0.420
0.425
0.414
0.401
0.410
0.420
0.430
0.410
0.404
0.368
0.426
0.396
0.403
0.397
0.390
0.424
0.418
0.396
0.400
0.411
0.419
0.423
0.423
0.408
0.378
0.398
0.403
0.410
0.384
0.407
0.395
0.409
0.393
0.419
0.417
0.392
0.383
0.385
0.407
0.432
0.423
0.425
0.406
0.428
0.404
0.409
0.438
0.433
0.412
0.405
0.413
0.423
0.423
0.418
0.422
0.385
0.417
0.410
0.412
0.373
0.406
0.432
0.411
0.412
0.410
0.373
0.369
0.401
0.380
0.376
0.393
0.420
0.416
0.421
0.416
0.427
0.417
0.430
0.402
0.413
0.423
0.466
0.435
0.401
0.427
0.444
0.444
0.462
0.429
0.450
0.420
0.447
0.421
0.438
0.447
0.424
0.406
0.430
0.436
0.419
0.410
0.439
0.431
0.426
0.409
0.411
0.419
0.419
0.432
0.383
0.423
0.444
0.415
0.419
0.385
0.425
0.423
0.404
0.403
0.426
0.433
0.417
0.422
0.449
0.428
0.403
0.430
0.432
0.443
0.402
0.423
0.407
0.392
0.391
0.388
0.417
0.401
0.415
0.431
0.407
0.427
0.415
0.447
0.424
0.417
0.405
0.417
0.430
0.434
0.427
0.399
0.385
0.430
0.409
0.418
0.402
0.407
0.417
0.412
0.401
0.408
0.385
0.423
0.397
0.389
0.400
0.392
0.444
0.401
0.396
0.406
0.424
0.415
0.411
0.416
0.392
0.400
0.383
0.400
0.393
0.442
0.408
0.384
0.389
0.431
0.432
0.443
0.423
0.412
0.435
0.413
0.429
0.386
0.397
0.382
0.446
0.407
0.426
0.419
0.457
0.398
0.390
0.417
0.410
0.396
0.432
0.411
0.414
0.433
0.425
0.422
0.451
0.456
0.453
0.432
0.430
0.416
0.394
0.416
0.411
0.436
0.468
0.450
0.445
0.431
0.404
0.406
0.413
0.390
0.416
0.437
0.408
0.378
0.437
0.423
0.413
0.368
0.380
0.372
0.379
0.379
0.410
0.387
0.404
0.419
0.419
0.380
0.404
0.404
0.427
0.392
0.385
0.387
0.394
0.418
0.445
0.467
0.399
0.460
0.428
0.411
0.443
0.430
0.444
0.445
0.438
0.459
0.456
0.469
0.454
0.510
0.480
0.456
0.486
0.458
0.477
0.461
0.479
0.461
0.478
0.470
0.486
0.493
0.470
0.450
0.471
0.444
0.435
0.468
0.415
0.455
0.425
0.423
0.400
0.431
0.450
0.472
0.462
0.483
0.488
0.456
0.466
0.467
0.468
0.478
0.477
0.439
0.444
0.431
0.442
0.474
0.447
0.472
0.438
0.427
0.430
0.468
0.497
0.437
0.456
0.427
0.395
0.427
0.423
0.401
0.407
0.425
0.411
0.438
0.432
0.451
0.444
0.444
0.443
0.435
0.411
0.425
0.463
0.447
0.477
0.421
0.467
0.424
0.427
0.395
0.456
0.431
0.464
0.449
0.462
0.423
0.444
0.465
0.449
0.449
0.436
0.441
0.449
0.460
0.449
0.454
0.450
0.451
0.454
0.493
0.483
0.442
0.421
0.420
0.419
0.438
0.447
0.465
0.414
0.444
0.398
0.370
0.395
0.429
0.412
0.409
0.481
0.445
0.465
0.442
0.463
0.468
0.502
0.491
0.470
0.454
0.444
0.455
0.452
0.450
0.465
0.446
