0;100;60
1;100;60
2;100;70
3;100;80
4;100;90
5;100;100
6;100;100
7;100;100
8;100;100
9;92.9289;92.9289
10;85.8579;85.8579
11;78.7868;78.7868
12;71.7157;71.7157
13;64.6447;64.6447
14;57.5736;57.5736
15;50.5025;50.5025
16;43.4315;43.4315
17;36.3604;36.3604
18;29.2893;29.2893
19;22.2183;22.2183
20;15.1472;15.1472
21;15.1472;15.1472
22;15.1472;15.1472
23;15.1472;15.1472
24;22.2183;8.07612
25;22.2183;8.07612
26;22.2183;8.07612
27;22.2183;8.07612
28;22.2183;18.0761
29;22.2183;28.0761
30;22.2183;28.0761
31;15.1472;35.1472
32;15.1472;35.1472
33;15.1472;35.1472
34;15.1472;35.1472
35;15.1472;35.1472
36;15.1472;25.1472
37;15.1472;15.1472
38;15.1472;15.1472
39;15.1472;15.1472
40;22.2183;8.07612
41;22.2183;8.07612
42;22.2183;8.07612
43;22.2183;8.07612
44;22.2183;18.0761
45;22.2183;28.0761
46;22.2183;28.0761
47;15.1472;35.1472
48;15.1472;35.1472
49;15.1472;35.1472
50;15.1472;35.1472
51;15.1472;35.1472
52;15.1472;25.1472
53;15.1472;15.1472
54;15.1472;15.1472
55;15.1472;15.1472
56;22.2183;8.07612
57;22.2183;8.07612
58;22.2183;8.07612
59;22.2183;8.07612
60;22.2183;18.0761
61;22.2183;28.0761
62;22.2183;28.0761
63;15.1472;35.1472
64;15.1472;35.1472
65;15.1472;35.1472
66;15.1472;35.1472
67;15.1472;35.1472
68;15.1472;25.1472
69;15.1472;15.1472
70;15.1472;15.1472
71;15.1472;15.1472
72;22.2183;8.07612
73;22.2183;8.07612
74;22.2183;8.07612
75;22.2183;8.07612
76;22.2183;18.0761
77;22.2183;28.0761
78;22.2183;28.0761
79;15.1472;35.1472
80;15.1472;35.1472
81;15.1472;35.1472
82;15.1472;35.1472
83;15.1472;35.1472
84;15.1472;25.1472
85;15.1472;15.1472
86;15.1472;15.1472
87;15.1472;15.1472
88;22.2183;8.07612
89;22.2183;8.07612
90;22.2183;8.07612
91;22.2183;8.07612
92;22.2183;18.0761
93;22.2183;28.0761
94;22.2183;28.0761
95;15.1472;35.1472
96;15.1472;35.1472
97;15.1472;35.1472
98;15.1472;35.1472
99;15.1472;35.1472
100;15.1472;25.1472
101;15.1472;15.1472
102;15.1472;15.1472
103;15.1472;15.1472
104;22.2183;8.07612
105;22.2183;8.07612
106;22.2183;8.07612
107;22.2183;8.07612
108;22.2183;18.0761
109;22.2183;28.0761
110;22.2183;28.0761
111;15.1472;35.1472
112;15.1472;35.1472
113;15.1472;35.1472
114;15.1472;35.1472
115;15.1472;35.1472
116;15.1472;25.1472
117;15.1472;15.1472
118;15.1472;15.1472
119;15.1472;15.1472
120;22.2183;8.07612
121;22.2183;8.07612
122;22.2183;8.07612
123;22.2183;8.07612
124;22.2183;18.0761
125;22.2183;28.0761
126;22.2183;28.0761
127;15.1472;35.1472
128;15.1472;35.1472
129;15.1472;35.1472
130;15.1472;35.1472
131;15.1472;35.1472
132;15.1472;25.1472
133;15.1472;15.1472
134;15.1472;15.1472
135;15.1472;15.1472
136;22.2183;8.07612
137;22.2183;8.07612
138;22.2183;8.07612
139;22.2183;8.07612
140;22.2183;18.0761
141;22.2183;28.0761
142;22.2183;28.0761
143;15.1472;35.1472
144;15.1472;35.1472
145;15.1472;35.1472
146;15.1472;35.1472
147;15.1472;35.1472
148;15.1472;25.1472
149;15.1472;15.1472
150;15.1472;15.1472
151;15.1472;15.1472
152;22.2183;8.07612
153;22.2183;8.07612
154;22.2183;8.07612
155;22.2183;8.07612
156;22.2183;18.0761
157;22.2183;28.0761
158;22.2183;28.0761
159;15.1472;35.1472
160;15.1472;35.1472
161;15.1472;35.1472
162;15.1472;35.1472
163;15.1472;35.1472
164;15.1472;25.1472
165;15.1472;15.1472
166;15.1472;15.1472
167;15.1472;15.1472
168;22.2183;8.07612
169;22.2183;8.07612
170;22.2183;8.07612
171;22.2183;8.07612
172;22.2183;18.0761
173;22.2183;28.0761
174;22.2183;28.0761
175;15.1472;35.1472
176;15.1472;35.1472
177;15.1472;35.1472
178;15.1472;35.1472
179;15.1472;35.1472
180;15.1472;25.1472
181;15.1472;15.1472
182;15.1472;15.1472
183;15.1472;15.1472
184;22.2183;8.07612
185;22.2183;8.07612
186;22.2183;8.07612
187;22.2183;8.07612
188;22.2183;18.0761
189;22.2183;28.0761
190;22.2183;28.0761
191;15.1472;35.1472
192;15.1472;35.1472
193;15.1472;35.1472
194;15.1472;35.1472
195;15.1472;35.1472
196;15.1472;25.1472
197;15.1472;15.1472
198;15.1472;15.1472
199;15.1472;15.1472
200;22.2183;8.07612
201;22.2183;8.07612
202;22.2183;8.07612
203;22.2183;8.07612
204;22.2183;18.0761
205;22.2183;28.0761
206;22.2183;28.0761
207;15.1472;35.1472
208;15.1472;35.1472
209;15.1472;35.1472
210;15.1472;35.1472
211;15.1472;35.1472
212;15.1472;25.1472
213;15.1472;15.1472
214;15.1472;15.1472
215;15.1472;15.1472
216;22.2183;8.07612
217;22.2183;8.07612
218;22.2183;8.07612
219;22.2183;8.07612
220;22.2183;18.0761
221;22.2183;28.0761
222;22.2183;28.0761
223;15.1472;35.1472
224;15.1472;35.1472
225;15.1472;35.1472
226;15.1472;35.1472
227;15.1472;35.1472
228;15.1472;25.1472
229;15.1472;15.1472
230;15.1472;15.1472
231;15.1472;15.1472
232;22.2183;8.07612
233;22.2183;8.07612
234;22.2183;8.07612
235;22.2183;8.07612
236;22.2183;18.0761
237;22.2183;28.0761
238;22.2183;28.0761
239;15.1472;35.1472
240;15.1472;35.1472
241;15.1472;35.1472
242;15.1472;35.1472
243;15.1472;35.1472
244;15.1472;25.1472
245;15.1472;15.1472
246;15.1472;15.1472
247;15.1472;15.1472
248;22.2183;8.07612
249;22.2183;8.07612
250;22.2183;8.07612
251;22.2183;8.07612
252;22.2183;18.0761
253;22.2183;28.0761
254;22.2183;28.0761
255;15.1472;35.1472
256;15.1472;35.1472
257;15.1472;35.1472
258;15.1472;35.1472
259;15.1472;35.1472
260;15.1472;25.1472
261;15.1472;15.1472
262;15.1472;15.1472
263;15.1472;15.1472
264;22.2183;8.07612
265;22.2183;8.07612
266;22.2183;8.07612
267;22.2183;8.07612
268;22.2183;18.0761
269;22.2183;28.0761
270;22.2183;28.0761
271;15.1472;35.1472
272;15.1472;35.1472
273;15.1472;35.1472
274;15.1472;35.1472
275;15.1472;35.1472
276;15.1472;25.1472
277;15.1472;15.1472
278;15.1472;15.1472
279;15.1472;15.1472
280;22.2183;8.07612
281;22.2183;8.07612
282;22.2183;8.07612
283;22.2183;8.07612
284;22.2183;18.0761
285;22.2183;28.0761
286;22.2183;28.0761
287;15.1472;35.1472
288;15.1472;35.1472
289;15.1472;35.1472
290;15.1472;35.1472
291;15.1472;35.1472
292;15.1472;25.1472
293;15.1472;15.1472
294;15.1472;15.1472
295;15.1472;15.1472
296;22.2183;8.07612
297;22.2183;8.07612
298;22.2183;8.07612
299;22.2183;8.07612
300;22.2183;18.0761
