0;100;60
1;110;60
2;120;60
3;130;60
4;140;60
5;150;60
6;160;60
7;170;60
8;180;60
9;180;60
10;180;60
11;187.071;67.0711
12;187.071;67.0711
13;187.071;77.0711
14;187.071;77.0711
15;180;84.1421
16;172.929;91.2132
17;165.858;98.2843
18;158.787;105.355
19;151.716;112.426
20;151.716;112.426
21;151.716;112.426
22;141.716;112.426
23;141.716;112.426
24;134.645;105.355
25;134.645;105.355
26;134.645;105.355
27;127.574;112.426
28;127.574;112.426
29;127.574;112.426
30;117.574;112.426
31;117.574;112.426
32;110.503;105.355
33;110.503;105.355
34;110.503;105.355
35;103.431;112.426
36;103.431;112.426
37;103.431;112.426
38;93.4315;112.426
39;93.4315;112.426
40;86.3604;105.355
41;86.3604;105.355
42;86.3604;105.355
43;79.2893;112.426
44;79.2893;112.426
45;79.2893;112.426
46;69.2893;112.426
47;69.2893;112.426
48;62.2183;105.355
49;62.2183;105.355
50;62.2183;105.355
51;55.1472;112.426
52;55.1472;112.426
53;55.1472;112.426
54;45.1472;112.426
55;45.1472;112.426
56;38.0761;105.355
57;31.0051;98.2843
58;23.934;91.2132
59;16.8629;84.1421
60;9.79185;77.0711
61;9.79185;77.0711
62;9.79185;77.0711
63;9.79185;67.0711
64;9.79185;67.0711
65;16.8629;60
66;16.8629;60
67;16.8629;60
68;9.79185;52.9289
69;9.79185;52.9289
70;9.79185;52.9289
71;9.79185;42.9289
72;9.79185;42.9289
73;16.8629;35.8579
74;16.8629;35.8579
75;16.8629;25.8579
76;16.8629;15.8579
77;16.8629;15.8579
78;16.8629;15.8579
79;23.934;8.7868
80;23.934;8.7868
81;23.934;8.7868
82;33.934;8.7868
83;33.934;8.7868
84;41.0051;15.8579
85;41.0051;15.8579
86;41.0051;15.8579
87;48.0761;8.7868
88;48.0761;8.7868
89;48.0761;8.7868
90;58.0761;8.7868
91;58.0761;8.7868
92;65.1472;15.8579
93;65.1472;15.8579
94;65.1472;15.8579
95;72.2183;8.7868
96;72.2183;8.7868
97;72.2183;8.7868
98;82.2183;8.7868
99;82.2183;8.7868
100;89.2893;15.8579
101;89.2893;15.8579
102;89.2893;15.8579
103;96.3604;8.7868
104;96.3604;8.7868
105;96.3604;8.7868
106;106.36;8.7868
107;106.36;8.7868
108;113.431;15.8579
109;113.431;15.8579
110;113.431;15.8579
111;120.503;8.7868
112;120.503;8.7868
113;120.503;8.7868
114;130.503;8.7868
115;130.503;8.7868
116;137.574;15.8579
117;137.574;15.8579
118;137.574;15.8579
119;144.645;8.7868
120;144.645;8.7868
121;144.645;8.7868
122;154.645;8.7868
123;154.645;8.7868
124;161.716;15.8579
125;168.787;22.9289
126;175.858;30
127;182.929;37.0711
128;190;44.1421
129;190;44.1421
130;190;44.1421
131;190;54.1421
132;190;54.1421
133;182.929;61.2132
134;182.929;61.2132
135;182.929;61.2132
136;190;68.2843
137;190;68.2843
138;190;68.2843
139;190;78.2843
140;190;78.2843
141;182.929;85.3553
142;182.929;85.3553
143;182.929;95.3553
144;182.929;105.355
145;182.929;105.355
146;182.929;105.355
147;175.858;112.426
148;175.858;112.426
149;175.858;112.426
150;165.858;112.426
151;165.858;112.426
152;158.787;105.355
153;158.787;105.355
154;158.787;105.355
155;151.716;112.426
156;151.716;112.426
157;151.716;112.426
158;141.716;112.426
159;141.716;112.426
160;134.645;105.355
161;134.645;105.355
162;134.645;105.355
163;127.574;112.426
164;127.574;112.426
165;127.574;112.426
166;117.574;112.426
167;117.574;112.426
168;110.503;105.355
169;110.503;105.355
170;110.503;105.355
171;103.431;112.426
172;103.431;112.426
173;103.431;112.426
174;93.4315;112.426
175;93.4315;112.426
176;86.3604;105.355
177;86.3604;105.355
178;86.3604;105.355
179;79.2893;112.426
180;79.2893;112.426
181;79.2893;112.426
182;69.2893;112.426
183;69.2893;112.426
184;62.2183;105.355
185;62.2183;105.355
186;62.2183;105.355
187;55.1472;112.426
188;55.1472;112.426
189;55.1472;112.426
190;45.1472;112.426
191;45.1472;112.426
192;38.0761;105.355
193;31.0051;98.2843
194;23.934;91.2132
195;16.8629;84.1421
196;9.79185;77.0711
197;9.79185;77.0711
198;9.79185;77.0711
199;9.79185;67.0711
200;9.79185;67.0711
201;16.8629;60
202;16.8629;60
203;16.8629;60
204;9.79185;52.9289
205;9.79185;52.9289
206;9.79185;52.9289
207;9.79185;42.9289
208;9.79185;42.9289
209;16.8629;35.8579
210;16.8629;35.8579
211;16.8629;25.8579
212;16.8629;15.8579
213;16.8629;15.8579
214;16.8629;15.8579
215;23.934;8.7868
216;23.934;8.7868
217;23.934;8.7868
218;33.934;8.7868
219;33.934;8.7868
220;41.0051;15.8579
221;41.0051;15.8579
222;41.0051;15.8579
223;48.0761;8.7868
224;48.0761;8.7868
225;48.0761;8.7868
226;58.0761;8.7868
227;58.0761;8.7868
228;65.1472;15.8579
229;65.1472;15.8579
230;65.1472;15.8579
231;72.2183;8.7868
232;72.2183;8.7868
233;72.2183;8.7868
234;82.2183;8.7868
235;82.2183;8.7868
236;89.2893;15.8579
237;89.2893;15.8579
238;89.2893;15.8579
239;96.3604;8.7868
240;96.3604;8.7868
241;96.3604;8.7868
242;106.36;8.7868
243;106.36;8.7868
244;113.431;15.8579
245;113.431;15.8579
246;113.431;15.8579
247;120.503;8.7868
248;120.503;8.7868
249;120.503;8.7868
250;130.503;8.7868
251;130.503;8.7868
252;137.574;15.8579
253;137.574;15.8579
254;137.574;15.8579
255;144.645;8.7868
256;144.645;8.7868
257;144.645;8.7868
258;154.645;8.7868
259;154.645;8.7868
260;161.716;15.8579
261;168.787;22.9289
262;175.858;30
263;182.929;37.0711
264;190;44.1421
265;190;44.1421
266;190;44.1421
267;190;54.1421
268;190;54.1421
269;182.929;61.2132
270;182.929;61.2132
271;182.929;61.2132
272;190;68.2843
273;190;68.2843
274;190;68.2843
275;190;78.2843
276;190;78.2843
277;182.929;85.3553
278;182.929;85.3553
279;182.929;95.3553
280;182.929;105.355
281;182.929;105.355
282;182.929;105.355
283;175.858;112.426
284;175.858;112.426
285;175.858;112.426
286;165.858;112.426
287;165.858;112.426
288;158.787;105.355
289;158.787;105.355
290;158.787;105.355
291;151.716;112.426
292;151.716;112.426
293;151.716;112.426
294;141.716;112.426
295;141.716;112.426
296;134.645;105.355
297;134.645;105.355
298;134.645;105.355
299;127.574;112.426
300;127.574;112.426
