-0.217
-0.099
-0.034
-0.041
0.015
-0.004
-0.017
0.012
0.005
0.045
0.053
0.051
0.055
0.074
0.041
0.108
0.041
0.093
0.106
0.073
0.080
0.062
0.071
0.057
0.052
0.073
0.072
0.098
0.079
0.098
0.107
0.090
0.070
0.088
0.077
0.076
0.077
0.079
0.085
0.049
0.088
0.077
0.106
0.102
0.100
0.104
0.097
0.097
0.076
0.093
0.119
0.066
0.131
0.112
0.128
0.054
0.087
0.086
0.086
0.103
0.119
0.124
0.127
0.100
0.112
0.081
0.101
0.107
0.057
0.079
0.050
0.069
0.095
0.107
0.068
0.076
0.103
0.094
0.096
0.108
0.114
0.092
0.135
0.080
0.108
0.118
0.131
0.129
0.087
0.072
0.116
0.113
0.100
0.120
0.125
0.119
0.129
0.146
0.109
0.166
0.135
0.126
0.177
0.154
0.157
0.140
0.183
0.147
0.143
0.144
0.133
0.175
0.159
0.163
0.134
0.149
0.145
0.155
0.146
0.133
0.120
0.154
0.174
0.182
0.171
0.176
0.162
0.140
0.185
0.138
0.151
0.172
0.171
0.185
0.164
0.175
0.181
0.185
0.162
0.173
0.176
0.174
0.191
0.149
0.143
0.164
0.209
0.187
0.175
0.187
0.153
0.186
0.173
0.196
0.179
0.157
0.160
0.141
0.142
0.144
0.175
0.154
0.171
0.181
0.212
0.207
0.196
0.150
0.185
0.172
0.186
0.137
0.183
0.171
0.183
0.181
0.146
0.169
0.179
0.196
0.193
0.187
0.210
0.196
0.191
0.211
0.198
0.162
0.186
0.211
0.183
0.206
0.192
0.159
0.158
0.195
0.216
0.209
0.167
0.172
0.169
0.186
0.171
0.185
0.164
0.174
0.178
0.174
0.155
0.200
0.225
0.156
0.196
0.169
0.204
0.140
0.208
0.151
0.120
0.136
0.128
0.169
0.193
0.200
0.202
0.175
0.193
0.159
0.154
0.152
0.183
0.192
0.194
0.218
0.174
0.184
0.164
0.201
0.173
0.177
0.198
0.180
0.172
0.184
0.160
0.214
0.192
0.181
0.189
0.154
0.171
0.185
0.162
0.135
0.178
0.169
0.168
0.179
0.203
0.180
0.183
0.154
0.158
0.124
0.148
0.156
0.185
0.173
0.194
0.215
0.158
0.136
0.176
0.178
0.180
0.207
0.149
0.186
0.195
0.157
0.179
0.189
0.207
0.214
0.180
0.209
0.194
0.192
0.177
0.193
0.195
0.175
0.188
0.202
0.161
0.198
0.171
0.172
0.195
0.164
0.223
0.219
0.146
0.208
0.218
0.169
0.194
0.206
0.190
0.220
0.215
0.207
0.187
0.201
0.175
0.200
0.184
0.188
0.198
0.169
0.166
0.189
0.155
0.175
0.146
0.188
0.179
0.157
0.157
0.175
0.162
0.170
0.168
0.185
0.190
0.211
0.198
0.206
0.211
0.179
0.171
0.201
0.207
0.194
0.191
0.192
0.194
0.171
0.192
0.171
0.203
0.166
0.151
0.185
0.191
0.184
0.209
0.202
0.198
0.185
0.163
0.186
0.138
0.167
0.135
0.179
0.180
0.190
0.171
0.183
0.205
0.159
0.199
0.153
0.178
0.177
0.188
0.173
0.166
0.178
0.185
0.212
0.203
0.194
0.193
0.225
0.196
0.167
0.122
0.143
0.162
0.159
0.184
0.128
0.183
0.178
0.201
0.182
0.202
0.205
0.182
0.188
0.177
0.187
0.171
0.162
0.184
0.212
0.170
0.168
0.136
0.183
0.182
0.178
0.231
0.181
0.194
0.182
0.205
0.205
0.172
0.153
0.175
0.149
0.125
0.146
0.180
0.149
0.185
0.173
0.161
0.157
0.182
0.171
0.196
0.159
0.177
0.144
0.168
0.166
0.151
0.188
0.197
0.182
0.166
0.168
0.196
0.166
0.196
0.212
0.167
0.194
0.203
0.158
0.178
0.160
0.192
0.193
0.194
0.222
0.206
0.191
0.189
0.195
0.209
0.173
0.191
0.168
0.166
0.193
0.166
0.178
0.212
0.194
0.164
0.154
0.197
0.200
0.191
0.166
0.175
0.176
0.164
0.188
0.200
0.167
0.176
0.179
0.169
0.184
0.213
0.163
0.188
0.195
0.207
0.180
0.202
0.187
0.180
0.168
