0.120
0.140
0.187
0.193
0.183
0.167
0.227
0.270
0.217
0.217
0.257
0.287
0.220
0.210
0.273
0.247
0.260
0.257
0.260
0.243
0.263
0.260
0.273
0.260
0.260
0.273
0.267
0.287
0.317
0.277
0.273
0.287
0.307
0.297
0.303
0.350
0.323
0.307
0.320
0.323
0.293
0.337
0.307
0.290
0.303
0.323
0.333
0.367
0.323
0.370
0.357
0.350
0.390
0.380
0.323
0.317
0.380
0.340
0.383
0.360
0.353
0.363
0.347
0.383
0.387
0.377
0.357
0.370
0.363
0.370
0.367
0.383
0.410
0.387
0.400
0.420
0.380
0.363
0.377
0.423
0.360
0.363
0.390
0.433
0.400
0.370
0.390
0.400
0.387
0.400
0.390
0.360
0.390
0.367
0.387
0.380
0.400
0.403
0.393
0.393
0.380
0.380
0.417
0.383
0.407
0.387
0.393
0.387
0.393
0.357
0.373
0.387
0.407
0.373
0.387
0.370
0.363
0.380
0.403
0.363
0.370
0.407
0.360
0.363
0.387
0.360
0.390
0.373
0.393
0.393
0.387
0.383
0.373
0.377
0.373
0.377
0.410
0.393
0.373
0.383
0.387
0.387
0.373
0.383
0.397
0.403
0.377
0.380
0.400
0.353
0.357
0.360
0.370
0.393
0.380
0.387
0.350
0.370
0.393
0.360
0.347
0.393
0.407
0.380
0.383
0.403
0.380
0.353
0.363
0.357
0.347
0.387
0.393
0.383
0.423
0.387
0.373
0.353
0.393
0.397
0.387
0.390
0.390
0.407
0.377
0.383
0.403
0.387
0.397
0.427
0.367
0.383
0.380
0.400
0.420
0.373
0.387
0.383
0.367
0.410
0.390
0.363
0.390
0.417
0.383
0.377
0.400
0.373
0.383
0.397
0.403
0.393
0.397
0.377
0.400
0.373
0.417
0.400
0.367
0.420
0.367
0.387
0.403
0.420
0.410
0.420
0.377
0.390
0.400
0.413
0.403
0.373
0.380
0.367
0.387
0.417
0.383
0.383
0.393
0.410
0.373
0.390
0.353
0.400
0.430
0.397
0.370
0.403
0.397
0.423
0.393
0.397
0.390
0.407
0.400
0.370
0.390
0.403
0.410
0.397
0.373
0.397
0.400
0.380
0.403
0.420
0.390
0.377
0.380
0.377
0.390
0.390
0.377
0.393
0.403
0.390
0.387
0.367
0.403
0.400
0.407
0.387
0.400
0.380
0.397
0.367
0.397
0.387
0.387
0.380
0.387
0.410
0.413
0.373
0.407
0.393
0.443
0.387
0.383
0.420
0.390
0.390
0.383
0.420
0.367
0.403
0.383
0.383
0.383
0.403
0.400
0.390
0.370
0.400
0.367
0.393
0.363
0.363
0.367
0.363
0.413
0.353
0.363
0.370
0.370
0.397
0.387
0.377
0.367
0.387
0.377
0.410
0.390
0.373
0.403
0.370
0.400
0.387
0.393
0.417
0.387
0.373
0.373
0.417
0.373
0.387
0.393
0.400
0.387
0.390
0.383
0.400
0.360
0.413
0.377
0.380
0.377
0.380
0.390
0.397
0.390
0.383
0.383
0.407
0.383
0.423
0.407
0.373
0.420
0.357
0.393
0.383
0.393
0.383
0.370
0.390
0.403
0.407
0.410
0.410
0.407
0.357
0.397
0.377
0.380
0.403
0.380
0.390
0.403
0.410
0.387
0.400
0.403
0.367
0.367
0.413
0.383
0.387
0.400
0.403
0.393
0.400
0.403
0.403
0.387
0.400
0.420
0.410
0.433
0.357
0.377
0.407
0.393
0.417
0.370
0.380
0.410
0.397
0.373
0.393
0.420
0.390
0.410
0.403
0.383
0.387
0.373
0.363
0.403
0.373
0.390
0.367
0.377
0.423
0.407
0.383
0.390
0.413
0.363
0.383
0.393
0.410
0.397
0.403
0.380
0.393
0.400
0.427
0.390
0.387
0.390
0.393
0.390
0.383
0.390
0.380
0.373
0.413
0.397
0.417
0.413
0.373
0.393
0.393
0.387
0.390
0.403
0.407
0.397
0.397
0.380
0.413
0.397
0.370
0.373
0.417
0.387
0.403
0.373
0.383
0.417
0.410
0.397
0.377
0.427
0.390
0.400
0.377
0.410
0.383
0.383
0.390
0.403
0.400
0.397
0.413
0.403
0.420
0.390
0.397
