0.120
0.160
0.147
0.157
0.150
0.177
0.253
0.187
0.190
0.287
0.230
0.277
0.277
0.303
0.263
0.300
0.297
0.277
0.260
0.277
0.263
0.283
0.320
0.363
0.347
0.323
0.317
0.317
0.283
0.287
0.293
0.300
0.340
0.320
0.303
0.320
0.307
0.340
0.313
0.303
0.347
0.347
0.293
0.327
0.317
0.333
0.310
0.333
0.333
0.343
0.330
0.333
0.363
0.350
0.313
0.357
0.337
0.340
0.353
0.330
0.333
0.317
0.337
0.347
0.390
0.360
0.420
0.357
0.353
0.373
0.363
0.357
0.347
0.343
0.343
0.407
0.350
0.393
0.373
0.367
0.337
0.330
0.343
0.360
0.370
0.373
0.343
0.350
0.410
0.353
0.363
0.340
0.320
0.340
0.350
0.350
0.347
0.380
0.383
0.350
0.393
0.330
0.357
0.373
0.363
0.410
0.397
0.367
0.433
0.367
0.353
0.390
0.410
0.423
0.373
0.410
0.383
0.403
0.360
0.387
0.403
0.367
0.373
0.437
0.370
0.370
0.397
0.420
0.423
0.380
0.393
0.403
0.360
0.380
0.387
0.377
0.383
0.383
0.383
0.373
0.390
0.413
0.377
0.410
0.390
0.353
0.360
0.380
0.363
0.350
0.393
0.370
0.390
0.377
0.353
0.400
0.357
0.373
0.370
0.370
0.367
0.367
0.357
0.383
0.417
0.400
0.373
0.390
0.407
0.393
0.373
0.387
0.373
0.413
0.393
0.373
0.387
0.373
0.357
0.353
0.390
0.377
0.400
0.393
0.387
0.393
0.380
0.400
0.370
0.363
0.377
0.363
0.403
0.357
0.367
0.437
0.403
0.390
0.363
0.373
0.353
0.357
0.357
0.413
0.347
0.367
0.393
0.417
0.383
0.370
0.353
0.387
0.393
0.383
0.367
0.373
0.357
0.360
0.353
0.383
0.353
0.387
0.367
0.340
0.407
0.373
0.363
0.377
0.367
0.343
0.370
0.343
0.357
0.350
0.360
0.370
0.370
0.390
0.390
0.393
0.380
0.393
0.427
0.383
0.397
0.343
0.360
0.400
0.373
0.383
0.353
0.373
0.397
0.363
0.357
0.403
0.413
0.367
0.417
0.370
0.380
0.407
0.420
0.393
0.380
0.413
0.400
0.393
0.380
0.413
0.383
0.353
0.407
0.377
0.387
0.380
0.417
0.403
0.410
0.370
0.367
0.390
0.387
0.360
0.410
0.390
0.393
0.383
0.393
0.393
0.370
0.373
0.380
0.393
0.373
0.403
0.380
0.380
0.373
0.380
0.407
0.357
0.393
0.367
0.357
0.367
0.380
0.370
0.373
0.393
0.360
0.360
0.377
0.350
0.363
0.353
0.360
0.417
0.363
0.367
0.367
0.370
0.417
0.383
0.377
0.363
0.360
0.383
0.387
0.393
0.367
0.373
0.343
0.373
0.353
0.370
0.417
0.363
0.417
0.373
0.360
0.357
0.417
0.407
0.390
0.380
0.383
0.373
0.380
0.387
0.370
0.383
0.403
0.363
0.363
0.373
0.367
0.373
0.370
0.353
0.387
0.350
0.377
0.380
0.397
0.383
0.400
0.390
0.360
0.380
0.380
0.360
0.380
0.387
0.370
0.370
0.393
0.353
0.370
0.377
0.363
0.350
0.360
0.347
0.360
0.370
0.380
0.363
0.383
0.387
0.370
0.337
0.373
0.383
0.397
0.380
0.383
0.370
0.380
0.363
0.393
0.393
0.387
0.420
0.370
0.397
0.380
0.370
0.410
0.363
0.373
0.367
0.403
0.350
0.353
0.373
0.390
0.403
0.363
0.373
0.353
0.373
0.387
0.370
0.370
0.347
0.397
0.380
0.367
0.347
0.383
0.357
0.393
0.383
0.380
0.377
0.370
0.377
0.393
0.380
0.407
0.383
0.387
0.403
0.353
0.360
0.420
0.353
0.360
0.380
0.380
0.380
0.363
0.373
0.383
0.393
0.377
0.367
0.377
0.373
0.367
0.383
0.387
0.387
0.387
0.387
0.367
0.350
0.377
0.410
0.397
0.393
0.350
0.370
0.380
0.363
0.383
0.390
0.360
0.417
0.383
0.387
0.373
0.390
0.373
0.387
0.377
0.377
0.427
0.380
0.377
0.370
0.357
0.363
0.387
0.397
0.363
0.373
0.370
0.370
