0.052
0.101
0.166
0.195
0.213
0.218
0.247
0.240
0.254
0.262
0.263
0.258
0.259
0.257
0.271
0.260
0.271
0.278
0.285
0.281
0.285
0.307
0.311
0.337
0.331
0.313
0.323
0.318
0.341
0.323
0.328
0.333
0.326
0.341
0.324
0.345
0.343
0.339
0.331
0.336
0.323
0.342
0.318
0.328
0.323
0.330
0.321
0.329
0.349
0.328
0.345
0.324
0.340
0.322
0.346
0.361
0.362
0.346
0.342
0.361
0.365
0.396
0.378
0.366
0.368
0.354
0.382
0.374
0.391
0.425
0.446
0.431
0.428
0.420
0.418
0.385
0.419
0.418
0.394
0.410
0.386
0.415
0.427
0.430
0.416
0.397
0.382
0.409
0.449
0.422
0.421
0.425
0.406
0.436
0.387
0.413
0.412
0.437
0.439
0.424
0.414
0.400
0.400
0.411
0.408
0.403
0.411
0.408
0.425
0.392
0.417
0.443
0.426
0.434
0.428
0.435
0.448
0.457
0.429
0.459
0.455
0.446
0.432
0.453
0.457
0.447
0.436
0.478
0.422
0.435
0.425
0.428
0.439
0.443
0.463
0.448
0.435
0.444
0.447
0.448
0.439
0.443
0.437
0.482
0.465
0.466
0.460
0.476
0.471
0.438
0.433
0.458
0.430
0.423
0.422
0.427
0.424
0.420
0.423
0.452
0.434
0.467
0.447
0.431
0.419
0.400
0.441
0.406
0.415
0.404
0.417
0.424
0.407
0.433
0.454
0.460
0.460
0.413
0.463
0.463
0.440
0.415
0.398
0.428
0.426
0.431
0.444
0.434
0.472
0.469
0.428
0.438
0.438
0.426
0.439
0.425
0.417
0.440
0.438
0.447
0.426
0.446
0.439
0.422
0.405
0.440
0.422
0.431
0.456
0.441
0.456
0.471
0.453
0.498
0.471
0.474
0.458
0.465
0.434
0.460
0.428
0.457
0.460
0.454
0.428
0.429
0.432
0.430
0.443
0.450
0.458
0.476
0.458
0.465
0.472
0.464
0.468
0.433
0.458
0.444
0.468
0.465
0.451
0.487
0.429
0.440
0.474
0.448
0.437
0.469
0.469
0.462
0.481
0.479
0.452
0.489
0.459
0.451
0.472
0.423
0.459
0.426
0.438
0.420
0.402
0.438
0.435
0.464
0.433
0.429
0.415
0.425
0.415
0.453
0.435
0.436
0.427
0.414
0.420
0.430
0.417
0.418
0.424
0.387
0.422
0.423
0.437
0.444
0.456
0.429
0.412
0.440
0.451
0.448
0.431
0.460
0.425
0.472
0.473
0.459
0.446
0.494
0.484
0.491
0.511
0.525
0.506
0.497
0.483
0.493
0.484
0.499
0.488
0.473
0.492
0.502
0.484
0.481
0.495
0.446
0.466
0.460
0.466
0.468
0.435
0.460
0.492
0.443
0.472
0.469
0.494
0.469
0.483
0.459
0.463
0.457
0.479
0.452
0.448
0.432
0.453
0.458
0.452
0.455
0.444
0.462
0.460
0.467
0.463
0.450
0.433
0.473
0.433
0.437
0.473
0.445
0.450
0.474
0.480
0.465
0.451
0.503
0.459
0.461
0.467
0.457
0.478
0.472
0.479
0.462
0.480
0.440
0.463
0.458
0.443
0.495
0.465
0.456
0.486
0.485
0.465
0.465
0.474
0.454
0.487
0.457
0.468
0.471
0.474
0.475
0.470
0.466
0.489
0.505
0.491
0.499
0.436
0.485
0.484
0.475
0.475
0.474
0.484
0.477
0.467
0.468
0.497
0.489
0.454
0.428
0.437
0.438
0.411
0.417
0.424
0.440
0.439
0.431
0.393
0.426
0.436
0.438
0.424
0.459
0.395
0.412
0.368
0.438
0.432
0.422
0.432
0.426
0.440
0.475
0.445
0.462
0.465
0.453
0.443
0.446
0.435
0.420
0.430
0.387
0.441
0.424
0.412
0.417
0.427
0.437
0.421
0.471
0.411
0.399
0.421
0.399
0.437
0.421
0.425
0.444
0.462
0.450
0.428
0.434
0.412
0.398
0.443
0.388
0.405
0.405
0.420
0.391
0.434
0.396
0.368
0.398
0.399
0.407
0.426
0.423
0.420
0.418
0.415
0.433
0.423
0.392
0.446
0.450
0.437
0.432
0.422
0.426
0.436
0.354
0.413
0.424
0.397
0.400
0.406
0.410
