0.070
0.108
0.137
0.173
0.188
0.192
0.200
0.214
0.212
0.233
0.228
0.247
0.244
0.232
0.229
0.238
0.221
0.221
0.239
0.258
0.268
0.251
0.287
0.285
0.286
0.321
0.323
0.316
0.302
0.304
0.297
0.302
0.298
0.291
0.296
0.285
0.288
0.292
0.262
0.306
0.302
0.281
0.265
0.291
0.307
0.297
0.309
0.321
0.322
0.286
0.313
0.303
0.337
0.319
0.315
0.337
0.355
0.328
0.314
0.350
0.299
0.322
0.309
0.299
0.312
0.282
0.308
0.302
0.319
0.316
0.302
0.326
0.321
0.321
0.323
0.328
0.274
0.252
0.276
0.286
0.295
0.330
0.303
0.297
0.282
0.261
0.254
0.276
0.266
0.306
0.292
0.276
0.273
0.245
0.276
0.282
0.277
0.297
0.285
0.282
0.291
0.296
0.321
0.290
0.292
0.326
0.319
0.313
0.334
0.341
0.335
0.343
0.300
0.351
0.327
0.347
0.345
0.354
0.379
0.365
0.373
0.375
0.343
0.367
0.354
0.339
0.355
0.316
0.329
0.344
0.357
0.345
0.361
0.366
0.352
0.326
0.325
0.342
0.360
0.373
0.361
0.344
0.366
0.356
0.334
0.372
0.379
0.348
0.365
0.351
0.371
0.356
0.354
0.344
0.351
0.327
0.361
0.356
0.324
0.369
0.371
0.362
0.368
0.379
0.366
0.367
0.373
0.370
0.388
0.360
0.334
0.358
0.363
0.352
0.346
0.356
0.343
0.341
0.348
0.354
0.353
0.327
0.367
0.359
0.328
0.369
0.325
0.373
0.345
0.346
0.368
0.363
0.351
0.367
0.385
0.385
0.377
0.367
0.357
0.364
0.354
0.362
0.363
0.356
0.377
0.364
0.336
0.353
0.353
0.370
0.352
0.366
0.364
0.369
0.389
0.333
0.374
0.367
0.374
0.352
0.363
0.356
0.361
0.368
0.372
0.379
0.387
0.373
0.364
0.396
0.339
0.366
0.362
0.364
0.362
0.317
0.365
0.361
0.382
0.351
0.354
0.372
0.366
0.365
0.380
0.352
0.333
0.357
0.378
0.350
0.355
0.337
0.347
0.369
0.354
0.362
0.372
0.379
0.371
0.341
0.367
0.380
0.335
0.354
0.350
0.346
0.342
0.356
0.352
0.330
0.331
0.335
0.345
0.365
0.366
0.386
0.373
0.366
0.362
0.372
0.390
0.365
0.369
0.381
0.375
0.381
0.367
0.373
0.376
0.374
0.380
0.383
0.379
0.381
0.376
0.368
0.411
0.386
0.388
0.397
0.395
0.377
0.388
0.379
0.397
0.391
0.393
0.395
0.378
0.380
0.399
0.391
0.392
0.368
0.365
0.386
0.393
0.402
0.380
0.385
0.402
0.398
0.372
0.385
0.402
0.397
0.379
0.386
0.388
0.360
0.378
0.371
0.382
0.366
0.350
0.380
0.390
0.371
0.382
0.386
0.384
0.358
0.352
0.357
0.379
0.390
0.386
0.386
0.384
0.377
0.371
0.381
0.374
0.373
0.346
0.371
0.375
0.383
0.380
0.375
0.380
0.373
0.350
0.370
0.351
0.356
0.382
0.380
0.368
0.397
0.381
0.399
0.406
0.372
0.378
0.390
0.363
0.355
0.355
0.362
0.348
0.350
0.352
0.376
0.365
0.330
0.381
0.388
0.340
0.331
0.342
0.375
0.372
0.369
0.369
0.359
0.383
0.391
0.377
0.373
0.412
0.372
0.375
0.390
0.380
0.376
0.404
0.374
0.342
0.355
0.360
0.379
0.370
0.367
0.382
0.366
0.388
0.360
0.366
0.355
0.357
0.339
0.363
0.340
0.338
0.359
0.362
0.367
0.349
0.347
0.353
0.371
0.362
0.361
0.357
0.343
0.362
0.375
0.384
0.354
0.365
0.357
0.359
0.368
0.346
0.338
0.380
0.366
0.346
0.342
0.351
0.369
0.361
0.363
0.339
0.369
0.367
0.373
0.345
0.364
0.350
0.369
0.330
0.360
0.327
0.344
0.344
0.369
0.360
0.350
0.362
0.376
0.353
0.328
0.334
0.367
0.352
0.348
0.353
0.333
0.333
0.361
0.354
0.343
0.331
0.364
0.354
0.349
0.336
0.352
0.349
0.342
0.358
0.371
0.389
0.359
0.348
0.342
0.368
0.387
