0.147
0.250
0.270
0.277
0.300
0.293
0.293
0.273
0.293
0.320
0.293
0.340
0.333
0.273
0.293
0.337
0.313
0.317
0.317
0.300
0.310
0.293
0.313
0.307
0.323
0.330
0.313
0.323
0.293
0.323
0.323
0.357
0.323
0.340
0.303
0.360
0.287
0.323
0.340
0.310
0.353
0.300
0.337
0.307
0.317
0.317
0.300
0.303
0.307
0.330
0.297
0.297
0.300
0.303
0.323
0.317
0.307
0.280
0.337
0.337
0.320
0.300
0.310
0.300
0.307
0.330
0.353
0.290
0.317
0.320
0.307
0.323
0.327
0.337
0.293
0.307
0.317
0.360
0.297
0.340
0.313
0.310
0.337
0.300
0.343
0.320
0.323
0.330
0.333
0.330
0.333
0.323
0.323
0.317
0.320
0.320
0.310
0.323
0.323
0.313
0.290
0.303
0.327
0.340
0.313
0.283
0.327
0.310
0.313
0.330
0.310
0.317
0.330
0.307
0.317
0.340
0.320
0.333
0.353
0.317
0.347
0.320
0.340
0.320
0.300
0.310
0.307
0.330
0.320
0.310
0.333
0.327
0.347
0.327
0.313
0.327
0.320
0.323
0.327
0.330
0.333
0.313
0.330
0.330
0.323
0.353
0.310
0.320
0.323
0.340
0.320
0.303
0.333
0.337
0.307
0.310
0.337
0.303
0.320
0.343
0.343
0.317
0.327
0.300
0.343
0.347
0.320
0.317
0.320
0.320
0.330
0.327
0.323
0.307
0.333
0.330
0.337
0.303
0.307
0.297
0.327
0.313
0.327
0.317
0.317
0.320
0.327
0.323
0.320
0.323
0.340
0.307
0.310
0.307
0.333
0.337
0.393
0.377
0.393
0.433
0.477
0.413
0.430
0.440
0.433
0.450
0.483
0.467
0.470
0.433
0.443
0.453
0.473
0.450
0.473
0.440
0.460
0.460
0.443
0.430
0.487
0.497
0.427
0.420
0.447
0.467
0.457
0.440
0.450
0.443
0.457
0.470
0.450
0.427
0.447
0.457
0.440
0.443
0.460
0.443
0.440
0.427
0.463
0.437
0.473
0.463
0.457
0.433
0.440
0.417
0.447
0.437
0.420
0.477
0.423
0.453
0.467
0.453
0.477
0.457
0.433
0.437
0.423
0.443
0.430
0.437
0.447
0.440
0.440
0.447
0.457
0.450
0.447
0.450
0.460
0.463
0.440
0.480
0.463
0.440
0.450
0.487
0.450
0.470
0.457
0.473
0.473
0.423
0.443
0.447
0.453
0.463
0.477
0.470
0.437
0.453
0.437
0.447
0.453
0.440
0.433
0.427
0.440
0.467
0.433
0.473
0.473
0.453
0.427
0.460
0.453
0.467
0.433
0.460
0.443
0.460
0.433
0.477
0.450
0.453
0.450
0.453
0.447
0.433
0.433
0.487
0.463
0.457
0.423
0.470
0.457
0.463
0.473
0.447
0.437
0.443
0.447
0.460
0.420
0.423
0.473
0.457
0.430
0.433
0.453
0.447
0.420
0.457
0.470
0.427
0.433
0.473
0.463
0.450
0.477
0.483
0.460
0.457
0.467
0.447
0.450
0.467
0.460
0.450
0.450
0.437
0.470
0.433
0.420
0.460
0.457
0.473
0.443
0.443
0.453
0.473
0.450
0.430
0.423
0.433
0.417
0.443
0.453
0.473
0.440
0.437
0.433
0.457
0.473
0.463
0.460
0.443
0.453
0.457
0.463
0.500
0.450
0.490
0.440
0.433
0.467
0.437
0.437
0.457
0.463
0.420
0.447
0.443
0.467
0.447
0.437
0.440
0.450
0.433
0.477
0.450
0.490
0.447
0.450
0.443
0.447
0.440
0.453
0.430
0.437
0.460
0.443
0.463
0.427
0.447
0.460
0.450
0.483
0.457
0.470
0.467
0.433
0.433
0.433
0.420
0.410
0.450
0.453
0.460
0.427
0.443
0.447
0.430
0.433
0.440
0.427
0.430
0.450
0.470
0.447
0.470
0.450
0.463
0.457
0.473
0.443
0.467
0.437
0.463
0.457
0.443
0.443
0.447
0.473
0.457
0.430
0.417
0.473
0.440
0.460
0.440
0.437
0.443
0.463
0.473
0.450
0.440
0.430
0.440
0.447
0.453
0.440
0.450
0.440
0.433
0.447
0.467
0.440
0.467
0.477
0.460
0.457
0.460
0.463
0.453
