0.103
0.193
0.210
0.253
0.250
0.213
0.223
0.230
0.247
0.260
0.300
0.310
0.330
0.330
0.320
0.340
0.353
0.337
0.340
0.400
0.367
0.357
0.373
0.347
0.347
0.377
0.333
0.357
0.347
0.353
0.370
0.383
0.380
0.357
0.363
0.370
0.383
0.360
0.380
0.380
0.373
0.383
0.383
0.360
0.350
0.423
0.390
0.367
0.377
0.360
0.367
0.393
0.370
0.370
0.363
0.370
0.360
0.367
0.377
0.393
0.403
0.383
0.443
0.417
0.403
0.417
0.453
0.413
0.407
0.397
0.387
0.483
0.413
0.450
0.420
0.427
0.437
0.417
0.473
0.453
0.467
0.447
0.463
0.517
0.480
0.500
0.483
0.457
0.457
0.457
0.483
0.463
0.453
0.457
0.480
0.520
0.500
0.493
0.483
0.523
0.500
0.490
0.447
0.480
0.483
0.470
0.497
0.463
0.483
0.487
0.470
0.487
0.487
0.467
0.477
0.487
0.490
0.483
0.503
0.477
0.500
0.490
0.480
0.473
0.510
0.490
0.503
0.480
0.457
0.487
0.513
0.470
0.513
0.480
0.490
0.463
0.477
0.520
0.463
0.463
0.520
0.493
0.460
0.497
0.480
0.473
0.500
0.510
0.487
0.463
0.473
0.467
0.460
0.503
0.450
0.487
0.477
0.470
0.503
0.483
0.483
0.483
0.477
0.453
0.470
0.490
0.473
0.483
0.490
0.470
0.503
0.473
0.460
0.487
0.463
0.470
0.457
0.463
0.453
0.493
0.480
0.470
0.493
0.487
0.477
0.477
0.473
0.473
0.453
0.483
0.463
0.507
0.500
0.483
0.507
0.500
0.490
0.453
0.500
0.503
0.460
0.510
0.487
0.500
0.467
0.503
0.477
0.480
0.447
0.460
0.513
0.477
0.477
0.460
0.483
0.477
0.467
0.457
0.440
0.490
0.500
0.500
0.470
0.487
0.480
0.500
0.523
0.477
0.457
0.497
0.483
0.473
0.467
0.477
0.510
0.453
0.470
0.477
0.480
0.470
0.477
0.500
0.497
0.480
0.523
0.457
0.460
0.477
0.473
0.477
0.463
0.473
0.517
0.460
0.467
0.453
0.497
0.467
0.467
0.453
0.483
0.483
0.490
0.490
0.477
0.490
0.463
0.460
0.490
0.483
0.473
0.460
0.493
0.457
0.470
0.447
0.477
0.490
0.480
0.463
0.440
0.487
0.467
0.470
0.517
0.477
0.477
0.493
0.507
0.490
0.497
0.473
0.467
0.473
0.473
0.447
0.520
0.473
0.483
0.447
0.487
0.477
0.483
0.483
0.503
0.437
0.450
0.473
0.487
0.470
0.490
0.493
0.493
0.477
0.500
0.487
0.490
0.457
0.470
0.463
0.430
0.460
0.447
0.440
0.450
0.433
0.467
0.470
0.463
0.443
0.467
0.487
0.450
0.467
0.500
0.443
0.467
0.510
0.463
0.470
0.467
0.513
0.487
0.513
0.467
0.487
0.473
0.470
0.480
0.460
0.463
0.483
0.487
0.463
0.470
0.453
0.467
0.487
0.463
0.477
0.487
0.480
0.473
0.470
0.480
0.467
0.467
0.483
0.497
0.477
0.473
0.463
0.467
0.487
0.473
0.457
0.470
0.467
0.487
0.490
0.443
0.470
0.467
0.510
0.517
0.480
0.460
0.477
0.477
0.497
0.477
0.470
0.483
0.460
0.487
0.473
0.510
0.510
0.490
0.470
0.527
0.490
0.497
0.470
0.490
0.493
0.507
0.517
0.487
0.490
0.487
0.503
0.527
0.493
0.510
0.517
0.460
0.533
0.493
0.483
0.483
0.540
0.507
0.507
0.490
0.520
0.533
0.487
0.510
0.537
0.543
0.523
0.533
0.487
0.537
0.483
0.510
0.537
0.490
0.530
0.493
0.510
0.507
0.493
0.490
0.507
0.547
0.540
0.533
0.520
0.520
0.557
0.490
0.507
0.510
0.537
0.520
0.497
0.510
0.490
0.523
0.517
0.503
0.507
0.503
0.510
0.523
0.500
0.520
0.523
0.517
0.530
0.500
0.520
0.507
0.533
0.507
0.527
0.560
0.517
0.493
0.517
0.523
0.547
0.517
0.513
0.517
0.507
0.547
0.533
0.517
0.510
0.530
0.513
0.490
0.537
0.493
0.507
0.487
0.520
