0;100;60
1;100;60
2;107.071;52.9289
3;114.142;45.8579
4;121.213;38.7868
5;121.213;38.7868
6;121.213;38.7868
7;114.142;31.7157
8;107.071;24.6447
9;100;17.5736
10;92.9289;10.5025
11;92.9289;10.5025
12;82.9289;10.5025
13;72.9289;10.5025
14;62.9289;10.5025
15;52.9289;10.5025
16;42.9289;10.5025
17;32.9289;10.5025
18;32.9289;10.5025
19;25.8579;17.5736
20;18.7868;24.6447
21;11.7157;31.7157
22;11.7157;31.7157
23;11.7157;31.7157
24;11.7157;41.7157
25;11.7157;51.7157
26;11.7157;61.7157
27;11.7157;71.7157
28;11.7157;81.7157
29;11.7157;81.7157
30;18.7868;88.7868
31;25.8579;95.8579
32;32.9289;102.929
33;40;110
34;40;110
35;40;110
36;50;110
37;60;110
38;70;110
39;80;110
40;90;110
41;100;110
42;110;110
43;120;110
44;130;110
45;140;110
46;150;110
47;160;110
48;160;110
49;167.071;102.929
50;174.142;95.8579
51;181.213;88.7868
52;188.284;81.7157
53;188.284;81.7157
54;188.284;81.7157
55;188.284;71.7157
56;188.284;61.7157
57;188.284;51.7157
58;188.284;41.7157
59;188.284;31.7157
60;188.284;31.7157
61;181.213;24.6447
62;174.142;17.5736
63;167.071;10.5025
64;167.071;10.5025
65;167.071;10.5025
66;157.071;10.5025
67;147.071;10.5025
68;137.071;10.5025
69;127.071;10.5025
70;117.071;10.5025
71;107.071;10.5025
72;97.0711;10.5025
73;87.0711;10.5025
74;77.0711;10.5025
75;67.0711;10.5025
76;57.0711;10.5025
77;47.0711;10.5025
78;37.0711;10.5025
79;37.0711;10.5025
80;30;17.5736
81;22.9289;24.6447
82;15.8579;31.7157
83;8.7868;38.7868
84;8.7868;38.7868
85;8.7868;38.7868
86;8.7868;48.7868
87;8.7868;58.7868
88;8.7868;68.7868
89;8.7868;78.7868
90;8.7868;88.7868
91;8.7868;88.7868
92;15.8579;95.8579
93;22.9289;102.929
94;30;110
95;30;110
96;30;110
97;40;110
98;50;110
99;60;110
100;70;110
101;80;110
102;90;110
103;100;110
104;110;110
105;120;110
106;130;110
107;140;110
108;150;110
109;160;110
110;160;110
111;167.071;102.929
112;174.142;95.8579
113;181.213;88.7868
114;188.284;81.7157
115;188.284;81.7157
116;188.284;81.7157
117;188.284;71.7157
118;188.284;61.7157
119;188.284;51.7157
120;188.284;41.7157
121;188.284;31.7157
122;188.284;31.7157
123;181.213;24.6447
124;174.142;17.5736
125;167.071;10.5025
126;167.071;10.5025
127;167.071;10.5025
128;157.071;10.5025
129;147.071;10.5025
130;137.071;10.5025
131;127.071;10.5025
132;117.071;10.5025
133;107.071;10.5025
134;97.0711;10.5025
135;87.0711;10.5025
136;77.0711;10.5025
137;67.0711;10.5025
138;57.0711;10.5025
139;47.0711;10.5025
140;37.0711;10.5025
141;37.0711;10.5025
142;30;17.5736
143;22.9289;24.6447
144;15.8579;31.7157
145;8.7868;38.7868
146;8.7868;38.7868
147;8.7868;38.7868
148;8.7868;48.7868
149;8.7868;58.7868
150;8.7868;68.7868
151;8.7868;78.7868
152;8.7868;88.7868
153;8.7868;88.7868
154;15.8579;95.8579
155;22.9289;102.929
156;30;110
157;30;110
158;30;110
159;40;110
160;50;110
161;60;110
162;70;110
163;80;110
164;90;110
165;100;110
166;110;110
167;120;110
168;130;110
169;140;110
170;150;110
171;160;110
172;160;110
173;167.071;102.929
174;174.142;95.8579
175;181.213;88.7868
176;188.284;81.7157
177;188.284;81.7157
178;188.284;81.7157
179;188.284;71.7157
180;188.284;61.7157
181;188.284;51.7157
182;188.284;41.7157
183;188.284;31.7157
184;188.284;31.7157
185;181.213;24.6447
186;174.142;17.5736
187;167.071;10.5025
188;167.071;10.5025
189;167.071;10.5025
190;157.071;10.5025
191;147.071;10.5025
192;137.071;10.5025
193;127.071;10.5025
194;117.071;10.5025
195;107.071;10.5025
196;97.0711;10.5025
197;87.0711;10.5025
198;77.0711;10.5025
199;67.0711;10.5025
200;57.0711;10.5025
201;47.0711;10.5025
202;37.0711;10.5025
203;37.0711;10.5025
204;30;17.5736
205;22.9289;24.6447
206;15.8579;31.7157
207;8.7868;38.7868
208;8.7868;38.7868
209;8.7868;38.7868
210;8.7868;48.7868
211;8.7868;58.7868
212;8.7868;68.7868
213;8.7868;78.7868
214;8.7868;88.7868
215;8.7868;88.7868
216;15.8579;95.8579
217;22.9289;102.929
218;30;110
219;30;110
220;30;110
221;40;110
222;50;110
223;60;110
224;70;110
225;80;110
226;90;110
227;100;110
228;110;110
229;120;110
230;130;110
231;140;110
232;150;110
233;160;110
234;160;110
235;167.071;102.929
236;174.142;95.8579
237;181.213;88.7868
238;188.284;81.7157
239;188.284;81.7157
240;188.284;81.7157
241;188.284;71.7157
242;188.284;61.7157
243;188.284;51.7157
244;188.284;41.7157
245;188.284;31.7157
246;188.284;31.7157
247;181.213;24.6447
248;174.142;17.5736
249;167.071;10.5025
250;167.071;10.5025
251;167.071;10.5025
252;157.071;10.5025
253;147.071;10.5025
254;137.071;10.5025
255;127.071;10.5025
256;117.071;10.5025
257;107.071;10.5025
258;97.0711;10.5025
259;87.0711;10.5025
260;77.0711;10.5025
261;67.0711;10.5025
262;57.0711;10.5025
263;47.0711;10.5025
264;37.0711;10.5025
265;37.0711;10.5025
266;30;17.5736
267;22.9289;24.6447
268;15.8579;31.7157
269;8.7868;38.7868
270;8.7868;38.7868
271;8.7868;38.7868
272;8.7868;48.7868
273;8.7868;58.7868
274;8.7868;68.7868
275;8.7868;78.7868
276;8.7868;88.7868
277;8.7868;88.7868
278;15.8579;95.8579
279;22.9289;102.929
280;30;110
281;30;110
282;30;110
283;40;110
284;50;110
285;60;110
286;70;110
287;80;110
288;90;110
289;100;110
290;110;110
291;120;110
292;130;110
293;140;110
294;150;110
295;160;110
296;160;110
297;167.071;102.929
298;174.142;95.8579
299;181.213;88.7868
300;188.284;81.7157
