0;100;60
1;110;60
2;120;60
3;130;60
4;140;60
5;150;60
6;160;60
7;170;60
8;180;60
9;180;60
10;180;60
11;187.071;67.0711
12;187.071;67.0711
13;187.071;67.0711
14;187.071;77.0711
15;187.071;87.0711
16;187.071;97.0711
17;187.071;107.071
18;187.071;107.071
19;187.071;107.071
20;187.071;107.071
21;177.071;107.071
22;167.071;107.071
23;167.071;107.071
24;160;100
25;152.929;92.9289
26;145.858;85.8579
27;138.787;78.7868
28;131.716;71.7157
29;124.645;64.6447
30;117.574;57.5736
31;110.503;50.5025
32;103.431;43.4315
33;96.3604;36.3604
34;89.2893;29.2893
35;89.2893;29.2893
36;96.3604;22.2183
37;103.431;15.1472
38;110.503;8.07612
39;110.503;8.07612
40;110.503;8.07612
41;120.503;8.07612
42;130.503;8.07612
43;140.503;8.07612
44;140.503;8.07612
45;147.574;15.1472
46;154.645;22.2183
47;161.716;29.2893
48;168.787;36.3604
49;175.858;43.4315
50;182.929;50.5025
51;190;57.5736
52;190;57.5736
53;190;57.5736
54;190;67.5736
55;190;77.5736
56;190;87.5736
57;190;97.5736
58;190;107.574
59;190;107.574
60;190;107.574
61;190;107.574
62;180;107.574
63;170;107.574
64;170;107.574
65;162.929;100.503
66;155.858;93.4315
67;148.787;86.3604
68;141.716;79.2893
69;134.645;72.2183
70;127.574;65.1472
71;120.503;58.0761
72;113.431;51.0051
73;106.36;43.934
74;99.2893;36.8629
75;92.2183;29.7918
76;92.2183;29.7918
77;99.2893;22.7208
78;106.36;15.6497
79;113.431;8.57864
80;113.431;8.57864
81;113.431;8.57864
82;123.431;8.57864
83;133.431;8.57864
84;143.431;8.57864
85;143.431;8.57864
86;150.503;15.6497
87;157.574;22.7208
88;164.645;29.7918
89;171.716;36.8629
90;178.787;43.934
91;185.858;51.0051
92;185.858;51.0051
93;185.858;51.0051
94;185.858;61.0051
95;185.858;71.0051
96;185.858;81.0051
97;185.858;91.0051
98;185.858;101.005
99;185.858;101.005
100;185.858;101.005
101;178.787;108.076
102;178.787;108.076
103;178.787;108.076
104;168.787;108.076
105;158.787;108.076
106;148.787;108.076
107;148.787;108.076
108;141.716;101.005
109;134.645;93.934
110;127.574;86.8629
111;120.503;79.7918
112;113.431;72.7208
113;106.36;65.6497
114;99.2893;58.5786
115;92.2183;51.5076
116;85.1472;44.4365
117;78.0761;37.3654
118;71.0051;30.2944
119;71.0051;30.2944
120;78.0761;23.2233
121;85.1472;16.1522
122;92.2183;9.08117
123;92.2183;9.08117
124;92.2183;9.08117
125;102.218;9.08117
126;112.218;9.08117
127;122.218;9.08117
128;122.218;9.08117
129;129.289;16.1522
130;136.36;23.2233
131;143.431;30.2944
132;150.503;37.3654
133;157.574;44.4365
134;164.645;51.5076
135;171.716;58.5786
136;178.787;65.6497
137;185.858;72.7208
138;185.858;72.7208
139;185.858;72.7208
140;185.858;82.7208
141;185.858;92.7208
142;185.858;102.721
143;185.858;102.721
144;185.858;102.721
145;178.787;109.792
146;178.787;109.792
147;178.787;109.792
148;168.787;109.792
149;158.787;109.792
150;158.787;109.792
151;151.716;102.721
152;144.645;95.6497
153;137.574;88.5786
154;130.503;81.5076
155;123.431;74.4365
156;116.36;67.3654
157;109.289;60.2944
158;102.218;53.2233
159;95.1472;46.1522
160;88.0761;39.0812
161;81.0051;32.0101
162;81.0051;32.0101
163;88.0761;24.939
164;95.1472;17.868
165;102.218;10.7969
166;102.218;10.7969
167;102.218;10.7969
168;112.218;10.7969
169;122.218;10.7969
170;132.218;10.7969
171;132.218;10.7969
172;139.289;17.868
173;146.36;24.939
174;153.431;32.0101
175;160.503;39.0812
176;167.574;46.1522
177;174.645;53.2233
178;181.716;60.2944
179;188.787;67.3654
180;188.787;67.3654
181;188.787;67.3654
182;188.787;77.3654
183;188.787;87.3654
184;188.787;97.3654
185;188.787;107.365
186;188.787;107.365
187;188.787;107.365
188;188.787;107.365
189;178.787;107.365
190;168.787;107.365
191;168.787;107.365
192;161.716;100.294
193;154.645;93.2233
194;147.574;86.1522
195;140.503;79.0812
196;133.431;72.0101
197;126.36;64.939
198;119.289;57.868
199;112.218;50.7969
200;105.147;43.7258
201;98.0761;36.6548
202;91.0051;29.5837
203;91.0051;29.5837
204;98.0761;22.5126
205;105.147;15.4416
206;112.218;8.37049
207;112.218;8.37049
208;112.218;8.37049
209;122.218;8.37049
210;132.218;8.37049
211;142.218;8.37049
212;142.218;8.37049
213;149.289;15.4416
214;156.36;22.5126
215;163.431;29.5837
216;170.503;36.6548
217;177.574;43.7258
218;184.645;50.7969
219;191.716;57.868
220;191.716;57.868
221;191.716;57.868
222;191.716;67.868
223;191.716;77.868
224;191.716;87.868
225;191.716;97.868
226;191.716;107.868
227;191.716;107.868
228;191.716;107.868
229;191.716;107.868
230;181.716;107.868
231;171.716;107.868
232;171.716;107.868
233;164.645;100.797
234;157.574;93.7258
235;150.503;86.6548
236;143.431;79.5837
237;136.36;72.5126
238;129.289;65.4416
239;122.218;58.3705
240;115.147;51.2994
241;108.076;44.2284
242;101.005;37.1573
243;93.934;30.0862
244;93.934;30.0862
245;101.005;23.0152
246;108.076;15.9441
247;115.147;8.87302
248;115.147;8.87302
249;115.147;8.87302
250;125.147;8.87302
251;135.147;8.87302
252;145.147;8.87302
253;145.147;8.87302
254;152.218;15.9441
255;159.289;23.0152
256;166.36;30.0862
257;173.431;37.1573
258;180.503;44.2284
259;187.574;51.2994
260;187.574;51.2994
261;187.574;51.2994
262;187.574;61.2994
263;187.574;71.2994
264;187.574;81.2994
265;187.574;91.2994
266;187.574;101.299
267;187.574;101.299
268;187.574;101.299
269;180.503;108.37
270;180.503;108.37
271;180.503;108.37
272;170.503;108.37
273;160.503;108.37
274;150.503;108.37
275;150.503;108.37
276;143.431;101.299
277;136.36;94.2284
278;129.289;87.1573
279;122.218;80.0862
280;115.147;73.0152
281;108.076;65.9441
282;101.005;58.873
283;93.934;51.8019
284;86.8629;44.7309
285;79.7918;37.6598
286;72.7208;30.5887
287;72.7208;30.5887
288;79.7918;23.5177
289;86.8629;16.4466
290;93.934;9.37554
291;93.934;9.37554
292;93.934;9.37554
293;103.934;9.37554
294;113.934;9.37554
295;123.934;9.37554
296;123.934;9.37554
297;131.005;16.4466
298;138.076;23.5177
299;145.147;30.5887
300;152.218;37.6598
