Passo;Reservat rio (Ativa  es);Sa da (Ativa  es)
0;-0.432634,0.0136342,-0.0132709,-0.0452058,-0.374237,0.233625,0.458168,-0.283595,0.35538,-0.11565;-2.03855,1.42687,-1.09412,0.088891
1;0.304644,0.253726,-0.0132709,-0.0658895,-0.392391,0.233625,0.571479,-0.672314,0.898407,-0.11565;-0.520984,-0.549925,-1.91765,0.729904
2;0.475978,-0.15808,-0.0132709,-0.0682012,-0.65806,0.233625,0.693524,-0.709647,0.967212,-0.11565;-1.36528,-1.03171,-2.31379,-0.252737
3;0.613118,-0.251246,-0.0132709,-0.101935,-0.145552,0.233625,0.703603,-0.819434,0.988822,-0.11565;-0.882692,-1.2017,-2.12649,1.53122
4;0.480621,0.133558,0.249079,0.446117,-0.237084,0.655276,0.816057,-0.786391,0.931028,0.366196;0.971027,-1.4779,-1.22558,-0.506837
5;0.313367,-0.253715,-0.0132709,-0.525997,-0.538338,0.233625,0.671085,-0.711118,0.958049,-0.11565;-2.01699,-0.547514,-3.4267,0.287002
6;0.833063,-0.162907,-0.0132709,-0.0867572,0.00268609,0.233625,0.703995,-0.782013,0.982729,-0.11565;-0.411554,-1.87834,-2.00477,2.52578
7;0.636085,-0.429744,-0.0132709,-0.0177699,-0.138168,0.233625,0.722361,-0.568997,0.900059,-0.11565;-1.43514,-1.14994,-1.69275,1.65935
8;0.605869,-0.334326,-0.0132709,-0.0357735,0.270544,0.233625,0.664164,-0.644005,0.891966,-0.11565;-0.815536,-0.878409,-1.42534,2.96934
9;0.110111,-0.147017,0.0514454,-0.303928,-0.405545,0.448568,0.465105,0.177333,0.852938,-0.204283;-3.02961,0.671089,-2.43036,1.44548
10;0.0990571,0.132736,0.0514454,-0.487352,-0.618542,0.448568,0.0454291,-0.241401,0.875025,-0.204283;-1.39102,1.06285,-3.35955,0.419512
11;0.219341,0.625192,0.643907,-0.0335082,-0.379574,0.609309,0.599932,-0.852144,0.848258,0.125417;0.57464,-1.3167,-3.06144,-0.796858
12;0.0061463,0.0713544,0.0514454,-0.940232,-0.958571,0.448568,0.343156,-0.286113,0.992052,-0.204283;-2.90071,0.562452,-4.98856,-0.294493
13;0.836433,0.656286,0.643907,-0.076863,-0.294742,0.609309,0.614812,-0.932785,0.95963,0.125417;1.47203,-3.11608,-3.44081,0.477537
14;0.0787958,-0.272035,0.0514454,-0.938961,-0.962331,0.448568,0.380114,-0.231549,0.991348,-0.204283;-3.50401,0.571442,-5.00686,-0.438327
15;0.852801,0.632152,0.643907,-0.0773411,0.228161,0.609309,0.596597,-0.935541,0.953684,0.125417;1.86904,-2.87443,-3.00725,2.2084
16;0.110938,0.452436,0.680252,-0.898877,-0.939981,0.741007,0.456138,-0.279717,0.818358,0.0350382;-1.93688,-1.0371,-5.81616,-1.15683
17;0.787865,0.413783,0.509371,-0.976058,-0.838723,0.385274,-0.0800155,-0.677735,0.987014,-0.434264;-0.671075,-1.659,-6.04168,0.678078
18;0.0588539,0.481278,0.680252,-0.868726,-0.884708,0.741007,0.3875,-0.649954,0.991987,0.0350382;-1.21434,-0.58585,-5.99294,-1.66559
19;0.727181,0.438,0.509371,-0.975721,-0.851579,0.385274,0.114558,-0.63343,0.99439,-0.434264;-1.22579,-1.90696,-6.02229,0.768985
20;0.828713,0.0369569,0.786904,-0.982153,-0.706474,0.253431,0.371767,-0.46851,0.997711,-0.777571;-3.56288,-2.51723,-6.23318,1.65
21;0.934282,-0.379116,0.891589,-0.997471,-0.411283,-0.0972522,-0.357183,-0.568885,0.997409,-0.914346;-2.28744,-0.550395,-5.63599,1.17047
22;0.502524,-0.429265,0.891589,-0.998222,0.209166,-0.0972522,-0.34652,-0.0468657,0.994204,-0.914346;-3.20748,1.39666,-4.56274,2.87788
23;0.515679,-0.210541,0.891589,-0.997916,0.282665,-0.0972522,-0.562702,0.405896,0.776376,-0.914346;-2.93543,1.55169,-4.04206,3.80443
24;0.223488,-0.217671,0.891589,-0.997876,-0.0507892,-0.0972522,-0.704183,0.53519,0.254422,-0.914346;-3.39175,1.72586,-3.92018,2.76841
25;0.00295699,-0.0551755,0.891589,-0.99805,-0.0396828,-0.0972522,-0.736933,0.388019,0.600045,-0.914346;-3.12353,2.92695,-4.03869,2.00236
26;0.362073,0.259833,0.760958,-0.991043,0.420643,0.0141889,0.0389163,-0.0414513,-0.0424589,-0.738954;-2.51468,-1.44385,-3.87938,5.57356
27;0.921887,0.0618559,0.760958,-0.982884,-0.0432003,0.0141889,0.30615,-0.0759211,-0.277905,-0.738954;-3.02116,-4.31812,-4.45715,5.33309
28;0.965134,-0.250611,0.760958,-0.984784,0.25971,0.0141889,0.322532,-0.517185,0.551202,-0.738954;-2.66357,-2.76662,-4.86455,4.74966
29;0.96701,-0.273489,0.760958,-0.983568,0.63725,0.0141889,0.513283,-0.33192,0.594516,-0.738954;-3.12606,-2.82957,-4.44622,6.27599
30;0.981797,-0.274475,0.760958,-0.981917,0.657979,0.0141889,0.437775,-0.14663,-0.268024,-0.738954;-3.17507,-4.21899,-3.98808,7.48862
31;0.976844,-0.282224,0.760958,-0.981822,0.65885,0.0141889,0.35553,-0.0930477,-0.519061,-0.738954;-3.0771,-4.45145,-3.84934,7.74217
32;0.970041,-0.279632,0.760958,-0.981818,0.665641,0.0141889,0.3306,-0.0509415,-0.573309,-0.738954;-3.07782,-4.45023,-3.78729,7.83229
33;0.967616,-0.276066,0.760958,-0.981786,0.663382,0.0141889,0.310679,-0.0330616,-0.619706,-0.738954;-3.05581,-4.47834,-3.75601,7.87567
34;0.965538,-0.274793,0.760958,-0.981797,0.660254,0.0141889,0.302135,-0.0247379,-0.632541,-0.738954;-3.05052,-4.47418,-3.746,7.87712
35;0.964609,-0.273702,0.760958,-0.981811,0.659131,0.0141889,0.298141,-0.0228471,-0.636122,-0.738954;-3.04422,-4.4692,-3.74336,7.87489
36;0.964167,-0.273213,0.760958,-0.981816,0.658167,0.0141889,0.297232,-0.0216984,-0.63648,-0.738954;-3.0442,-4.4666,-3.74287,7.87192
37;0.964066,-0.272981,0.760958,-0.981821,0.657735,0.0141889,0.29668,-0.0219889,-0.636386,-0.738954;-3.0426,-4.4654,-3.74337,7.86965
38;0.964005,-0.272928,0.760958,-0.981823,0.657529,0.0141889,0.296819,-0.0220455,-0.635666,-0.738954;-3.04299,-4.46434,-3.74382,7.86813
39;0.901453,-0.0972447,0.786904,-0.99057,0.225634,0.253431,-0.0299108,0.518509,-0.260058,-0.777571;-3.4798,-3.08773,-4.2839,6.72106
40;0.621486,0.385909,0.869482,-0.978789,-0.277669,0.667126,-0.112021,0.102536,-0.350542,-0.492235;-2.01293,-3.30742,-5.42851,4.31936
41;0.588776,0.185519,0.935074,-0.994351,-0.840346,0.421002,-0.457669,-0.351995,0.920292,-0.783052;-2.16178,-0.337577,-6.52697,0.305022
42;0.144404,0.203396,0.935074,-0.996255,-0.720921,0.421002,-0.273088,-0.55852,0.997133,-0.783052;-2.73129,0.687326,-6.47009,-0.159876
43;0.531835,0.352257,0.786904,-0.996737,-0.472989,0.253431,0.183109,-0.207085,0.995422,-0.777571;-3.21938,-1.17457,-5.71573,2.27398
44;0.887174,-0.226395,0.891589,-0.997316,-0.730271,-0.0972522,-0.471129,-0.35274,0.987207,-0.914346;-2.37373,-0.312843,-5.69197,0.266104
45;0.355596,-0.407188,0.891589,-0.998361,-0.0260792,-0.0972522,-0.442609,-0.233141,0.996709,-0.914346;-3.03836,1.84649,-4.83277,1.60018
46;0.689123,0.0655201,0.760958,-0.991012,0.760725,0.0141889,0.350939,-0.17803,0.670042,-0.738954;-2.70433,-1.58966,-4.11799,6.42313
47;0.970226,-0.123215,0.760958,-0.981342,0.254368,0.0141889,0.36991,0.0306339,-0.617177,-0.738954;-3.33008,-4.90207,-4.04882,6.78197
48;0.971326,-0.276163,0.760958,-0.98359,0.504017,0.0141889,0.271309,-0.356733,-0.0800521,-0.738954;-2.62565,-3.63644,-4.31827,6.39105
49;0.961201,-0.27674,0.760958,-0.982518,0.660339,0.0141889,0.448292,-0.128153,0.00645282,-0.738954;-3.25353,-3.64511,-4.06041,7.15521
50;0.977625,-0.271421,0.760958,-0.981811,0.660847,0.0141889,0.346988,-0.096505,-0.540983,-0.738954;-3.03353,-4.48595,-3.84109,7.776
51;0.96923,-0.280041,0.760958,-0.981809,0.656144,0.0141889,0.332223,-0.0450746,-0.572503,-0.738954;-3.09805,-4.45061,-3.79106,7.80451
52;0.967779,-0.275641,0.760958,-0.98183,0.663739,0.0141889,0.307881,-0.0412649,-0.613979,-0.738954;-3.0369,-4.46645,-3.76361,7.86099
53;0.90469,-0.0993679,0.786904,-0.990556,0.229649,0.253431,-0.0197815,0.517948,-0.245353,-0.777571;-3.49883,-3.09002,-4.28864,6.72974
54;0.631234,0.384343,0.869482,-0.978767,-0.274607,0.667126,-0.111729,0.100552,-0.356337,-0.492235;-1.99914,-3.34787,-5.42925,4.35084
55;0.589062,0.180166,0.935074,-0.994346,-0.839626,0.421002,-0.456842,-0.350035,0.919855,-0.783052;-2.17381,-0.335196,-6.52538,0.305587
56;0.145683,0.20324,0.935074,-0.996254,-0.716884,0.421002,-0.274044,-0.558423,0.997109,-0.783052;-2.72505,0.687569,-6.46697,-0.145151
57;0.530746,0.35162,0.786904,-0.996734,-0.4728,0.253431,0.18306,-0.203611,0.995352,-0.777571;-3.22628,-1.16856,-5.71255,2.27506
58;0.887157,-0.225809,0.891589,-0.997316,-0.729807,-0.0972522,-0.472553,-0.352589,0.987072,-0.914346;-2.36945,-0.309944,-5.69117,0.267112
59;0.353622,-0.40718,0.891589,-0.998361,-0.0269944,-0.0972522,-0.442673,-0.232117,0.996702,-0.914346;-3.04269,1.85293,-4.83201,1.59446
60;0.68907,0.0666366,0.760958,-0.991014,0.760719,0.0141889,0.350466,-0.178688,0.670175,-0.738954;-2.70067,-1.58948,-4.11837,6.42295
61;0.970182,-0.123185,0.760958,-0.981342,0.252738,0.0141889,0.37021,0.0308693,-0.616594,-0.738954;-3.33226,-4.90217,-4.05024,6.7763
62;0.971353,-0.27614,0.760958,-0.983597,0.503982,0.0141889,0.271194,-0.357973,-0.0773894,-0.738954;-2.62363,-3.63196,-4.32014,6.38664
63;0.961188,-0.276755,0.760958,-0.982518,0.660319,0.0141889,0.448814,-0.128122,0.00827017,-0.738954;-3.25483,-3.64281,-4.06108,7.15345
64;0.977662,-0.271414,0.760958,-0.981811,0.660859,0.0141889,0.346974,-0.0967827,-0.540987,-0.738954;-3.03305,-4.4862,-3.8413,7.77587
65;0.969229,-0.28006,0.760958,-0.981809,0.656138,0.0141889,0.332354,-0.0450578,-0.572254,-0.738954;-3.09841,-4.45041,-3.79115,7.80431
66;0.967792,-0.27564,0.760958,-0.98183,0.663756,0.0141889,0.307873,-0.0413356,-0.613986,-0.738954;-3.03675,-4.46652,-3.76365,7.86101
67;0.965239,-0.274885,0.760958,-0.981795,0.659878,0.0141889,0.306095,-0.0230265,-0.62589,-0.738954;-3.06281,-4.46891,-3.7477,7.87258
68;0.965043,-0.273544,0.760958,-0.981813,0.659213,0.0141889,0.297318,-0.0251435,-0.637149,-0.738954;-3.03829,-4.47202,-3.74473,7.87455
69;0.964075,-0.273441,0.760958,-0.981816,0.658028,0.0141889,0.298336,-0.0212185,-0.634634,-0.738954;-3.04798,-4.46496,-3.74338,7.87034
70;0.964189,-0.272933,0.760958,-0.981822,0.657936,0.0141889,0.296449,-0.0226559,-0.636637,-0.738954;-3.04077,-4.46606,-3.74363,7.87009
71;0.963979,-0.272993,0.760958,-0.981822,0.657486,0.0141889,0.29714,-0.0217716,-0.635326,-0.738954;-3.04427,-4.46416,-3.7438,7.86802
72;0.964056,-0.272882,0.760958,-0.981824,0.657539,0.0141889,0.296715,-0.022472,-0.635576,-0.738954;-3.04201,-4.46437,-3.74417,7.86773
73;0.964009,-0.272923,0.760958,-0.981824,0.657441,0.0141889,0.297052,-0.0222155,-0.635044,-0.738954;-3.04334,-4.46385,-3.74427,7.86719
74;0.964046,-0.272898,0.760958,-0.981824,0.657477,0.0141889,0.296928,-0.0224623,-0.635152,-0.738954;-3.0426,-4.46404,-3.74439,7.8672
75;0.901486,-0.0972683,0.786904,-0.990571,0.22559,0.253431,-0.0296912,0.518439,-0.25942,-0.777571;-3.48023,-3.08717,-4.28425,6.72034
76;0.621699,0.385893,0.869482,-0.978789,-0.277635,0.667126,-0.111985,0.102391,-0.350383,-0.492235;-2.01255,-3.30792,-5.42873,4.31956
77;0.588813,0.185401,0.935074,-0.994351,-0.840339,0.421002,-0.457609,-0.351988,0.920314,-0.783052;-2.16206,-0.337686,-6.527,0.305035
78;0.144497,0.203376,0.935074,-0.996255,-0.720833,0.421002,-0.273091,-0.558537,0.997133,-0.783052;-2.73111,0.68709,-6.47006,-0.159456
79;0.531831,0.35221,0.786904,-0.996737,-0.472964,0.253431,0.183118,-0.207018,0.99542,-0.777571;-3.21955,-1.17449,-5.71567,2.27408
80;0.887177,-0.226393,0.891589,-0.997316,-0.730238,-0.0972522,-0.471156,-0.352727,0.987203,-0.914346;-2.37365,-0.312774,-5.69193,0.266212
81;0.355558,-0.40719,0.891589,-0.998361,-0.0260825,-0.0972522,-0.442615,-0.233103,0.996708,-0.914346;-3.03845,1.84664,-4.83273,1.60013
82;0.689119,0.0655417,0.760958,-0.991012,0.760726,0.0141889,0.350922,-0.17803,0.670015,-0.738954;-2.70426,-1.58968,-4.11797,6.42316
83;0.970225,-0.123213,0.760958,-0.981342,0.254337,0.0141889,0.36991,0.0306436,-0.617178,-0.738954;-3.33011,-4.90208,-4.04884,6.78188
84;0.971326,-0.276163,0.760958,-0.983591,0.504014,0.0141889,0.271305,-0.356754,-0.0800077,-0.738954;-2.62561,-3.63636,-4.3183,6.39096
85;0.9612,-0.27674,0.760958,-0.982518,0.660339,0.0141889,0.448301,-0.128153,0.00648863,-0.738954;-3.25355,-3.64506,-4.06042,7.15517
86;0.977626,-0.271421,0.760958,-0.981811,0.660847,0.0141889,0.346988,-0.0965101,-0.540982,-0.738954;-3.03352,-4.48595,-3.84109,7.776
87;0.96923,-0.280041,0.760958,-0.981809,0.656144,0.0141889,0.332226,-0.0450746,-0.572498,-0.738954;-3.09806,-4.45061,-3.79106,7.80451
88;0.967779,-0.275641,0.760958,-0.98183,0.663739,0.0141889,0.307881,-0.0412663,-0.613978,-0.738954;-3.03689,-4.46645,-3.76361,7.86099
89;0.90469,-0.099368,0.786904,-0.990556,0.229649,0.253431,-0.0197807,0.517948,-0.245352,-0.777571;-3.49883,-3.09001,-4.28864,6.72974
90;0.631235,0.384343,0.869482,-0.978767,-0.274607,0.667126,-0.111729,0.100551,-0.356337,-0.492235;-1.99914,-3.34787,-5.42925,4.35084
91;0.589062,0.180166,0.935074,-0.994346,-0.839626,0.421002,-0.456842,-0.350035,0.919855,-0.783052;-2.17381,-0.335196,-6.52538,0.305587
92;0.145684,0.20324,0.935074,-0.996254,-0.716883,0.421002,-0.274044,-0.558423,0.997109,-0.783052;-2.72505,0.687568,-6.46697,-0.14515
93;0.530746,0.35162,0.786904,-0.996734,-0.4728,0.253431,0.18306,-0.203611,0.995352,-0.777571;-3.22628,-1.16856,-5.71255,2.27506
94;0.887157,-0.225809,0.891589,-0.997316,-0.729807,-0.0972522,-0.472553,-0.352589,0.987072,-0.914346;-2.36945,-0.309944,-5.69117,0.267112
95;0.353622,-0.40718,0.891589,-0.998361,-0.0269945,-0.0972522,-0.442673,-0.232117,0.996702,-0.914346;-3.04269,1.85293,-4.83201,1.59445
96;0.68907,0.0666367,0.760958,-0.991014,0.760719,0.0141889,0.350466,-0.178688,0.670175,-0.738954;-2.70067,-1.58948,-4.11837,6.42295
97;0.970182,-0.123185,0.760958,-0.981342,0.252738,0.0141889,0.37021,0.0308694,-0.616594,-0.738954;-3.33226,-4.90217,-4.05024,6.7763
98;0.971353,-0.27614,0.760958,-0.983597,0.503982,0.0141889,0.271194,-0.357973,-0.0773892,-0.738954;-2.62363,-3.63196,-4.32014,6.38664
99;0.961188,-0.276755,0.760958,-0.982518,0.660319,0.0141889,0.448814,-0.128122,0.00827029,-0.738954;-3.25483,-3.64281,-4.06108,7.15345
100;0.977662,-0.271414,0.760958,-0.981811,0.660859,0.0141889,0.346974,-0.0967827,-0.540987,-0.738954;-3.03305,-4.4862,-3.8413,7.77587
101;0.969229,-0.28006,0.760958,-0.981809,0.656138,0.0141889,0.332354,-0.0450578,-0.572254,-0.738954;-3.09841,-4.45041,-3.79115,7.80431
102;0.967792,-0.27564,0.760958,-0.98183,0.663756,0.0141889,0.307873,-0.0413356,-0.613986,-0.738954;-3.03675,-4.46652,-3.76365,7.86101
103;0.965239,-0.274885,0.760958,-0.981795,0.659878,0.0141889,0.306095,-0.0230265,-0.62589,-0.738954;-3.06281,-4.46891,-3.7477,7.87258
104;0.965043,-0.273544,0.760958,-0.981813,0.659213,0.0141889,0.297318,-0.0251435,-0.637149,-0.738954;-3.03829,-4.47202,-3.74473,7.87455
105;0.964075,-0.273441,0.760958,-0.981816,0.658028,0.0141889,0.298336,-0.0212185,-0.634634,-0.738954;-3.04798,-4.46496,-3.74338,7.87034
106;0.964189,-0.272933,0.760958,-0.981822,0.657936,0.0141889,0.296449,-0.0226559,-0.636637,-0.738954;-3.04077,-4.46606,-3.74363,7.87009
107;0.963979,-0.272993,0.760958,-0.981822,0.657486,0.0141889,0.29714,-0.0217716,-0.635326,-0.738954;-3.04427,-4.46416,-3.7438,7.86802
108;0.964056,-0.272882,0.760958,-0.981824,0.657539,0.0141889,0.296715,-0.022472,-0.635576,-0.738954;-3.04201,-4.46437,-3.74417,7.86773
109;0.964009,-0.272923,0.760958,-0.981824,0.657441,0.0141889,0.297052,-0.0222155,-0.635044,-0.738954;-3.04334,-4.46385,-3.74427,7.86719
110;0.964046,-0.272898,0.760958,-0.981824,0.657477,0.0141889,0.296928,-0.0224623,-0.635152,-0.738954;-3.0426,-4.46404,-3.74439,7.8672
111;0.901486,-0.0972683,0.786904,-0.990571,0.22559,0.253431,-0.0296912,0.518439,-0.25942,-0.777571;-3.48023,-3.08717,-4.28425,6.72034
112;0.621699,0.385893,0.869482,-0.978789,-0.277635,0.667126,-0.111985,0.102391,-0.350383,-0.492235;-2.01255,-3.30792,-5.42873,4.31956
113;0.588813,0.185401,0.935074,-0.994351,-0.840339,0.421002,-0.457609,-0.351988,0.920314,-0.783052;-2.16206,-0.337686,-6.527,0.305035
114;0.144497,0.203376,0.935074,-0.996255,-0.720833,0.421002,-0.273091,-0.558537,0.997133,-0.783052;-2.73111,0.68709,-6.47006,-0.159456
115;0.531831,0.35221,0.786904,-0.996737,-0.472964,0.253431,0.183118,-0.207018,0.99542,-0.777571;-3.21955,-1.17449,-5.71567,2.27408
116;0.887177,-0.226393,0.891589,-0.997316,-0.730238,-0.0972522,-0.471156,-0.352727,0.987203,-0.914346;-2.37365,-0.312774,-5.69193,0.266212
117;0.355558,-0.40719,0.891589,-0.998361,-0.0260825,-0.0972522,-0.442615,-0.233103,0.996708,-0.914346;-3.03845,1.84664,-4.83273,1.60013
118;0.689119,0.0655417,0.760958,-0.991012,0.760726,0.0141889,0.350922,-0.17803,0.670015,-0.738954;-2.70426,-1.58968,-4.11797,6.42316
119;0.970225,-0.123213,0.760958,-0.981342,0.254337,0.0141889,0.36991,0.0306436,-0.617178,-0.738954;-3.33011,-4.90208,-4.04884,6.78188
120;0.971326,-0.276163,0.760958,-0.983591,0.504014,0.0141889,0.271305,-0.356754,-0.0800077,-0.738954;-2.62561,-3.63636,-4.3183,6.39096
121;0.9612,-0.27674,0.760958,-0.982518,0.660339,0.0141889,0.448301,-0.128153,0.00648863,-0.738954;-3.25355,-3.64506,-4.06042,7.15517
122;0.977626,-0.271421,0.760958,-0.981811,0.660847,0.0141889,0.346988,-0.0965101,-0.540982,-0.738954;-3.03352,-4.48595,-3.84109,7.776
123;0.96923,-0.280041,0.760958,-0.981809,0.656144,0.0141889,0.332226,-0.0450746,-0.572498,-0.738954;-3.09806,-4.45061,-3.79106,7.80451
124;0.967779,-0.275641,0.760958,-0.98183,0.663739,0.0141889,0.307881,-0.0412663,-0.613978,-0.738954;-3.03689,-4.46645,-3.76361,7.86099
125;0.90469,-0.099368,0.786904,-0.990556,0.229649,0.253431,-0.0197807,0.517948,-0.245352,-0.777571;-3.49883,-3.09001,-4.28864,6.72974
126;0.631235,0.384343,0.869482,-0.978767,-0.274607,0.667126,-0.111729,0.100551,-0.356337,-0.492235;-1.99914,-3.34787,-5.42925,4.35084
127;0.589062,0.180166,0.935074,-0.994346,-0.839626,0.421002,-0.456842,-0.350035,0.919855,-0.783052;-2.17381,-0.335196,-6.52538,0.305587
128;0.145684,0.20324,0.935074,-0.996254,-0.716883,0.421002,-0.274044,-0.558423,0.997109,-0.783052;-2.72505,0.687568,-6.46697,-0.14515
129;0.530746,0.35162,0.786904,-0.996734,-0.4728,0.253431,0.18306,-0.203611,0.995352,-0.777571;-3.22628,-1.16856,-5.71255,2.27506
130;0.887157,-0.225809,0.891589,-0.997316,-0.729807,-0.0972522,-0.472553,-0.352589,0.987072,-0.914346;-2.36945,-0.309944,-5.69117,0.267112
131;0.353622,-0.40718,0.891589,-0.998361,-0.0269945,-0.0972522,-0.442673,-0.232117,0.996702,-0.914346;-3.04269,1.85293,-4.83201,1.59445
132;0.68907,0.0666367,0.760958,-0.991014,0.760719,0.0141889,0.350466,-0.178688,0.670175,-0.738954;-2.70067,-1.58948,-4.11837,6.42295
133;0.970182,-0.123185,0.760958,-0.981342,0.252738,0.0141889,0.37021,0.0308694,-0.616594,-0.738954;-3.33226,-4.90217,-4.05024,6.7763
134;0.971353,-0.27614,0.760958,-0.983597,0.503982,0.0141889,0.271194,-0.357973,-0.0773892,-0.738954;-2.62363,-3.63196,-4.32014,6.38664
135;0.961188,-0.276755,0.760958,-0.982518,0.660319,0.0141889,0.448814,-0.128122,0.00827029,-0.738954;-3.25483,-3.64281,-4.06108,7.15345
136;0.977662,-0.271414,0.760958,-0.981811,0.660859,0.0141889,0.346974,-0.0967827,-0.540987,-0.738954;-3.03305,-4.4862,-3.8413,7.77587
137;0.969229,-0.28006,0.760958,-0.981809,0.656138,0.0141889,0.332354,-0.0450578,-0.572254,-0.738954;-3.09841,-4.45041,-3.79115,7.80431
138;0.967792,-0.27564,0.760958,-0.98183,0.663756,0.0141889,0.307873,-0.0413356,-0.613986,-0.738954;-3.03675,-4.46652,-3.76365,7.86101
139;0.965239,-0.274885,0.760958,-0.981795,0.659878,0.0141889,0.306095,-0.0230265,-0.62589,-0.738954;-3.06281,-4.46891,-3.7477,7.87258
140;0.965043,-0.273544,0.760958,-0.981813,0.659213,0.0141889,0.297318,-0.0251435,-0.637149,-0.738954;-3.03829,-4.47202,-3.74473,7.87455
141;0.964075,-0.273441,0.760958,-0.981816,0.658028,0.0141889,0.298336,-0.0212185,-0.634634,-0.738954;-3.04798,-4.46496,-3.74338,7.87034
142;0.964189,-0.272933,0.760958,-0.981822,0.657936,0.0141889,0.296449,-0.0226559,-0.636637,-0.738954;-3.04077,-4.46606,-3.74363,7.87009
143;0.963979,-0.272993,0.760958,-0.981822,0.657486,0.0141889,0.29714,-0.0217716,-0.635326,-0.738954;-3.04427,-4.46416,-3.7438,7.86802
144;0.964056,-0.272882,0.760958,-0.981824,0.657539,0.0141889,0.296715,-0.022472,-0.635576,-0.738954;-3.04201,-4.46437,-3.74417,7.86773
145;0.964009,-0.272923,0.760958,-0.981824,0.657441,0.0141889,0.297052,-0.0222155,-0.635044,-0.738954;-3.04334,-4.46385,-3.74427,7.86719
146;0.964046,-0.272898,0.760958,-0.981824,0.657477,0.0141889,0.296928,-0.0224623,-0.635152,-0.738954;-3.0426,-4.46404,-3.74439,7.8672
147;0.901486,-0.0972683,0.786904,-0.990571,0.22559,0.253431,-0.0296912,0.518439,-0.25942,-0.777571;-3.48023,-3.08717,-4.28425,6.72034
148;0.621699,0.385893,0.869482,-0.978789,-0.277635,0.667126,-0.111985,0.102391,-0.350383,-0.492235;-2.01255,-3.30792,-5.42873,4.31956
149;0.588813,0.185401,0.935074,-0.994351,-0.840339,0.421002,-0.457609,-0.351988,0.920314,-0.783052;-2.16206,-0.337686,-6.527,0.305035
150;0.144497,0.203376,0.935074,-0.996255,-0.720833,0.421002,-0.273091,-0.558537,0.997133,-0.783052;-2.73111,0.68709,-6.47006,-0.159456
151;0.531831,0.35221,0.786904,-0.996737,-0.472964,0.253431,0.183118,-0.207018,0.99542,-0.777571;-3.21955,-1.17449,-5.71567,2.27408
152;0.887177,-0.226393,0.891589,-0.997316,-0.730238,-0.0972522,-0.471156,-0.352727,0.987203,-0.914346;-2.37365,-0.312774,-5.69193,0.266212
153;0.355558,-0.40719,0.891589,-0.998361,-0.0260825,-0.0972522,-0.442615,-0.233103,0.996708,-0.914346;-3.03845,1.84664,-4.83273,1.60013
154;0.689119,0.0655417,0.760958,-0.991012,0.760726,0.0141889,0.350922,-0.17803,0.670015,-0.738954;-2.70426,-1.58968,-4.11797,6.42316
155;0.970225,-0.123213,0.760958,-0.981342,0.254337,0.0141889,0.36991,0.0306436,-0.617178,-0.738954;-3.33011,-4.90208,-4.04884,6.78188
156;0.971326,-0.276163,0.760958,-0.983591,0.504014,0.0141889,0.271305,-0.356754,-0.0800077,-0.738954;-2.62561,-3.63636,-4.3183,6.39096
157;0.9612,-0.27674,0.760958,-0.982518,0.660339,0.0141889,0.448301,-0.128153,0.00648863,-0.738954;-3.25355,-3.64506,-4.06042,7.15517
158;0.977626,-0.271421,0.760958,-0.981811,0.660847,0.0141889,0.346988,-0.0965101,-0.540982,-0.738954;-3.03352,-4.48595,-3.84109,7.776
159;0.96923,-0.280041,0.760958,-0.981809,0.656144,0.0141889,0.332226,-0.0450746,-0.572498,-0.738954;-3.09806,-4.45061,-3.79106,7.80451
160;0.967779,-0.275641,0.760958,-0.98183,0.663739,0.0141889,0.307881,-0.0412663,-0.613978,-0.738954;-3.03689,-4.46645,-3.76361,7.86099
161;0.90469,-0.099368,0.786904,-0.990556,0.229649,0.253431,-0.0197807,0.517948,-0.245352,-0.777571;-3.49883,-3.09001,-4.28864,6.72974
162;0.631235,0.384343,0.869482,-0.978767,-0.274607,0.667126,-0.111729,0.100551,-0.356337,-0.492235;-1.99914,-3.34787,-5.42925,4.35084
163;0.589062,0.180166,0.935074,-0.994346,-0.839626,0.421002,-0.456842,-0.350035,0.919855,-0.783052;-2.17381,-0.335196,-6.52538,0.305587
164;0.145684,0.20324,0.935074,-0.996254,-0.716883,0.421002,-0.274044,-0.558423,0.997109,-0.783052;-2.72505,0.687568,-6.46697,-0.14515
165;0.530746,0.35162,0.786904,-0.996734,-0.4728,0.253431,0.18306,-0.203611,0.995352,-0.777571;-3.22628,-1.16856,-5.71255,2.27506
166;0.887157,-0.225809,0.891589,-0.997316,-0.729807,-0.0972522,-0.472553,-0.352589,0.987072,-0.914346;-2.36945,-0.309944,-5.69117,0.267112
167;0.353622,-0.40718,0.891589,-0.998361,-0.0269945,-0.0972522,-0.442673,-0.232117,0.996702,-0.914346;-3.04269,1.85293,-4.83201,1.59445
168;0.68907,0.0666367,0.760958,-0.991014,0.760719,0.0141889,0.350466,-0.178688,0.670175,-0.738954;-2.70067,-1.58948,-4.11837,6.42295
169;0.970182,-0.123185,0.760958,-0.981342,0.252738,0.0141889,0.37021,0.0308694,-0.616594,-0.738954;-3.33226,-4.90217,-4.05024,6.7763
170;0.971353,-0.27614,0.760958,-0.983597,0.503982,0.0141889,0.271194,-0.357973,-0.0773892,-0.738954;-2.62363,-3.63196,-4.32014,6.38664
171;0.961188,-0.276755,0.760958,-0.982518,0.660319,0.0141889,0.448814,-0.128122,0.00827029,-0.738954;-3.25483,-3.64281,-4.06108,7.15345
172;0.977662,-0.271414,0.760958,-0.981811,0.660859,0.0141889,0.346974,-0.0967827,-0.540987,-0.738954;-3.03305,-4.4862,-3.8413,7.77587
173;0.969229,-0.28006,0.760958,-0.981809,0.656138,0.0141889,0.332354,-0.0450578,-0.572254,-0.738954;-3.09841,-4.45041,-3.79115,7.80431
174;0.967792,-0.27564,0.760958,-0.98183,0.663756,0.0141889,0.307873,-0.0413356,-0.613986,-0.738954;-3.03675,-4.46652,-3.76365,7.86101
175;0.965239,-0.274885,0.760958,-0.981795,0.659878,0.0141889,0.306095,-0.0230265,-0.62589,-0.738954;-3.06281,-4.46891,-3.7477,7.87258
176;0.965043,-0.273544,0.760958,-0.981813,0.659213,0.0141889,0.297318,-0.0251435,-0.637149,-0.738954;-3.03829,-4.47202,-3.74473,7.87455
177;0.964075,-0.273441,0.760958,-0.981816,0.658028,0.0141889,0.298336,-0.0212185,-0.634634,-0.738954;-3.04798,-4.46496,-3.74338,7.87034
178;0.964189,-0.272933,0.760958,-0.981822,0.657936,0.0141889,0.296449,-0.0226559,-0.636637,-0.738954;-3.04077,-4.46606,-3.74363,7.87009
179;0.963979,-0.272993,0.760958,-0.981822,0.657486,0.0141889,0.29714,-0.0217716,-0.635326,-0.738954;-3.04427,-4.46416,-3.7438,7.86802
180;0.964056,-0.272882,0.760958,-0.981824,0.657539,0.0141889,0.296715,-0.022472,-0.635576,-0.738954;-3.04201,-4.46437,-3.74417,7.86773
181;0.964009,-0.272923,0.760958,-0.981824,0.657441,0.0141889,0.297052,-0.0222155,-0.635044,-0.738954;-3.04334,-4.46385,-3.74427,7.86719
182;0.964046,-0.272898,0.760958,-0.981824,0.657477,0.0141889,0.296928,-0.0224623,-0.635152,-0.738954;-3.0426,-4.46404,-3.74439,7.8672
183;0.901486,-0.0972683,0.786904,-0.990571,0.22559,0.253431,-0.0296912,0.518439,-0.25942,-0.777571;-3.48023,-3.08717,-4.28425,6.72034
184;0.621699,0.385893,0.869482,-0.978789,-0.277635,0.667126,-0.111985,0.102391,-0.350383,-0.492235;-2.01255,-3.30792,-5.42873,4.31956
185;0.588813,0.185401,0.935074,-0.994351,-0.840339,0.421002,-0.457609,-0.351988,0.920314,-0.783052;-2.16206,-0.337686,-6.527,0.305035
186;0.144497,0.203376,0.935074,-0.996255,-0.720833,0.421002,-0.273091,-0.558537,0.997133,-0.783052;-2.73111,0.68709,-6.47006,-0.159456
187;0.531831,0.35221,0.786904,-0.996737,-0.472964,0.253431,0.183118,-0.207018,0.99542,-0.777571;-3.21955,-1.17449,-5.71567,2.27408
188;0.887177,-0.226393,0.891589,-0.997316,-0.730238,-0.0972522,-0.471156,-0.352727,0.987203,-0.914346;-2.37365,-0.312774,-5.69193,0.266212
189;0.355558,-0.40719,0.891589,-0.998361,-0.0260825,-0.0972522,-0.442615,-0.233103,0.996708,-0.914346;-3.03845,1.84664,-4.83273,1.60013
190;0.689119,0.0655417,0.760958,-0.991012,0.760726,0.0141889,0.350922,-0.17803,0.670015,-0.738954;-2.70426,-1.58968,-4.11797,6.42316
191;0.970225,-0.123213,0.760958,-0.981342,0.254337,0.0141889,0.36991,0.0306436,-0.617178,-0.738954;-3.33011,-4.90208,-4.04884,6.78188
192;0.971326,-0.276163,0.760958,-0.983591,0.504014,0.0141889,0.271305,-0.356754,-0.0800077,-0.738954;-2.62561,-3.63636,-4.3183,6.39096
193;0.9612,-0.27674,0.760958,-0.982518,0.660339,0.0141889,0.448301,-0.128153,0.00648863,-0.738954;-3.25355,-3.64506,-4.06042,7.15517
194;0.977626,-0.271421,0.760958,-0.981811,0.660847,0.0141889,0.346988,-0.0965101,-0.540982,-0.738954;-3.03352,-4.48595,-3.84109,7.776
195;0.96923,-0.280041,0.760958,-0.981809,0.656144,0.0141889,0.332226,-0.0450746,-0.572498,-0.738954;-3.09806,-4.45061,-3.79106,7.80451
196;0.967779,-0.275641,0.760958,-0.98183,0.663739,0.0141889,0.307881,-0.0412663,-0.613978,-0.738954;-3.03689,-4.46645,-3.76361,7.86099
197;0.90469,-0.099368,0.786904,-0.990556,0.229649,0.253431,-0.0197807,0.517948,-0.245352,-0.777571;-3.49883,-3.09001,-4.28864,6.72974
198;0.631235,0.384343,0.869482,-0.978767,-0.274607,0.667126,-0.111729,0.100551,-0.356337,-0.492235;-1.99914,-3.34787,-5.42925,4.35084
199;0.589062,0.180166,0.935074,-0.994346,-0.839626,0.421002,-0.456842,-0.350035,0.919855,-0.783052;-2.17381,-0.335196,-6.52538,0.305587
200;0.145684,0.20324,0.935074,-0.996254,-0.716883,0.421002,-0.274044,-0.558423,0.997109,-0.783052;-2.72505,0.687568,-6.46697,-0.14515
201;0.530746,0.35162,0.786904,-0.996734,-0.4728,0.253431,0.18306,-0.203611,0.995352,-0.777571;-3.22628,-1.16856,-5.71255,2.27506
202;0.887157,-0.225809,0.891589,-0.997316,-0.729807,-0.0972522,-0.472553,-0.352589,0.987072,-0.914346;-2.36945,-0.309944,-5.69117,0.267112
203;0.353622,-0.40718,0.891589,-0.998361,-0.0269945,-0.0972522,-0.442673,-0.232117,0.996702,-0.914346;-3.04269,1.85293,-4.83201,1.59445
204;0.68907,0.0666367,0.760958,-0.991014,0.760719,0.0141889,0.350466,-0.178688,0.670175,-0.738954;-2.70067,-1.58948,-4.11837,6.42295
205;0.970182,-0.123185,0.760958,-0.981342,0.252738,0.0141889,0.37021,0.0308694,-0.616594,-0.738954;-3.33226,-4.90217,-4.05024,6.7763
206;0.971353,-0.27614,0.760958,-0.983597,0.503982,0.0141889,0.271194,-0.357973,-0.0773892,-0.738954;-2.62363,-3.63196,-4.32014,6.38664
207;0.961188,-0.276755,0.760958,-0.982518,0.660319,0.0141889,0.448814,-0.128122,0.00827029,-0.738954;-3.25483,-3.64281,-4.06108,7.15345
208;0.977662,-0.271414,0.760958,-0.981811,0.660859,0.0141889,0.346974,-0.0967827,-0.540987,-0.738954;-3.03305,-4.4862,-3.8413,7.77587
209;0.969229,-0.28006,0.760958,-0.981809,0.656138,0.0141889,0.332354,-0.0450578,-0.572254,-0.738954;-3.09841,-4.45041,-3.79115,7.80431
210;0.967792,-0.27564,0.760958,-0.98183,0.663756,0.0141889,0.307873,-0.0413356,-0.613986,-0.738954;-3.03675,-4.46652,-3.76365,7.86101
211;0.965239,-0.274885,0.760958,-0.981795,0.659878,0.0141889,0.306095,-0.0230265,-0.62589,-0.738954;-3.06281,-4.46891,-3.7477,7.87258
212;0.965043,-0.273544,0.760958,-0.981813,0.659213,0.0141889,0.297318,-0.0251435,-0.637149,-0.738954;-3.03829,-4.47202,-3.74473,7.87455
213;0.964075,-0.273441,0.760958,-0.981816,0.658028,0.0141889,0.298336,-0.0212185,-0.634634,-0.738954;-3.04798,-4.46496,-3.74338,7.87034
214;0.964189,-0.272933,0.760958,-0.981822,0.657936,0.0141889,0.296449,-0.0226559,-0.636637,-0.738954;-3.04077,-4.46606,-3.74363,7.87009
215;0.963979,-0.272993,0.760958,-0.981822,0.657486,0.0141889,0.29714,-0.0217716,-0.635326,-0.738954;-3.04427,-4.46416,-3.7438,7.86802
216;0.964056,-0.272882,0.760958,-0.981824,0.657539,0.0141889,0.296715,-0.022472,-0.635576,-0.738954;-3.04201,-4.46437,-3.74417,7.86773
217;0.964009,-0.272923,0.760958,-0.981824,0.657441,0.0141889,0.297052,-0.0222155,-0.635044,-0.738954;-3.04334,-4.46385,-3.74427,7.86719
218;0.964046,-0.272898,0.760958,-0.981824,0.657477,0.0141889,0.296928,-0.0224623,-0.635152,-0.738954;-3.0426,-4.46404,-3.74439,7.8672
219;0.901486,-0.0972683,0.786904,-0.990571,0.22559,0.253431,-0.0296912,0.518439,-0.25942,-0.777571;-3.48023,-3.08717,-4.28425,6.72034
220;0.621699,0.385893,0.869482,-0.978789,-0.277635,0.667126,-0.111985,0.102391,-0.350383,-0.492235;-2.01255,-3.30792,-5.42873,4.31956
221;0.588813,0.185401,0.935074,-0.994351,-0.840339,0.421002,-0.457609,-0.351988,0.920314,-0.783052;-2.16206,-0.337686,-6.527,0.305035
222;0.144497,0.203376,0.935074,-0.996255,-0.720833,0.421002,-0.273091,-0.558537,0.997133,-0.783052;-2.73111,0.68709,-6.47006,-0.159456
223;0.531831,0.35221,0.786904,-0.996737,-0.472964,0.253431,0.183118,-0.207018,0.99542,-0.777571;-3.21955,-1.17449,-5.71567,2.27408
224;0.887177,-0.226393,0.891589,-0.997316,-0.730238,-0.0972522,-0.471156,-0.352727,0.987203,-0.914346;-2.37365,-0.312774,-5.69193,0.266212
225;0.355558,-0.40719,0.891589,-0.998361,-0.0260825,-0.0972522,-0.442615,-0.233103,0.996708,-0.914346;-3.03845,1.84664,-4.83273,1.60013
226;0.689119,0.0655417,0.760958,-0.991012,0.760726,0.0141889,0.350922,-0.17803,0.670015,-0.738954;-2.70426,-1.58968,-4.11797,6.42316
227;0.970225,-0.123213,0.760958,-0.981342,0.254337,0.0141889,0.36991,0.0306436,-0.617178,-0.738954;-3.33011,-4.90208,-4.04884,6.78188
228;0.971326,-0.276163,0.760958,-0.983591,0.504014,0.0141889,0.271305,-0.356754,-0.0800077,-0.738954;-2.62561,-3.63636,-4.3183,6.39096
229;0.9612,-0.27674,0.760958,-0.982518,0.660339,0.0141889,0.448301,-0.128153,0.00648863,-0.738954;-3.25355,-3.64506,-4.06042,7.15517
230;0.977626,-0.271421,0.760958,-0.981811,0.660847,0.0141889,0.346988,-0.0965101,-0.540982,-0.738954;-3.03352,-4.48595,-3.84109,7.776
231;0.96923,-0.280041,0.760958,-0.981809,0.656144,0.0141889,0.332226,-0.0450746,-0.572498,-0.738954;-3.09806,-4.45061,-3.79106,7.80451
232;0.967779,-0.275641,0.760958,-0.98183,0.663739,0.0141889,0.307881,-0.0412663,-0.613978,-0.738954;-3.03689,-4.46645,-3.76361,7.86099
233;0.90469,-0.099368,0.786904,-0.990556,0.229649,0.253431,-0.0197807,0.517948,-0.245352,-0.777571;-3.49883,-3.09001,-4.28864,6.72974
234;0.631235,0.384343,0.869482,-0.978767,-0.274607,0.667126,-0.111729,0.100551,-0.356337,-0.492235;-1.99914,-3.34787,-5.42925,4.35084
235;0.589062,0.180166,0.935074,-0.994346,-0.839626,0.421002,-0.456842,-0.350035,0.919855,-0.783052;-2.17381,-0.335196,-6.52538,0.305587
236;0.145684,0.20324,0.935074,-0.996254,-0.716883,0.421002,-0.274044,-0.558423,0.997109,-0.783052;-2.72505,0.687568,-6.46697,-0.14515
237;0.530746,0.35162,0.786904,-0.996734,-0.4728,0.253431,0.18306,-0.203611,0.995352,-0.777571;-3.22628,-1.16856,-5.71255,2.27506
238;0.887157,-0.225809,0.891589,-0.997316,-0.729807,-0.0972522,-0.472553,-0.352589,0.987072,-0.914346;-2.36945,-0.309944,-5.69117,0.267112
239;0.353622,-0.40718,0.891589,-0.998361,-0.0269945,-0.0972522,-0.442673,-0.232117,0.996702,-0.914346;-3.04269,1.85293,-4.83201,1.59445
240;0.68907,0.0666367,0.760958,-0.991014,0.760719,0.0141889,0.350466,-0.178688,0.670175,-0.738954;-2.70067,-1.58948,-4.11837,6.42295
241;0.970182,-0.123185,0.760958,-0.981342,0.252738,0.0141889,0.37021,0.0308694,-0.616594,-0.738954;-3.33226,-4.90217,-4.05024,6.7763
242;0.971353,-0.27614,0.760958,-0.983597,0.503982,0.0141889,0.271194,-0.357973,-0.0773892,-0.738954;-2.62363,-3.63196,-4.32014,6.38664
243;0.961188,-0.276755,0.760958,-0.982518,0.660319,0.0141889,0.448814,-0.128122,0.00827029,-0.738954;-3.25483,-3.64281,-4.06108,7.15345
244;0.977662,-0.271414,0.760958,-0.981811,0.660859,0.0141889,0.346974,-0.0967827,-0.540987,-0.738954;-3.03305,-4.4862,-3.8413,7.77587
245;0.969229,-0.28006,0.760958,-0.981809,0.656138,0.0141889,0.332354,-0.0450578,-0.572254,-0.738954;-3.09841,-4.45041,-3.79115,7.80431
246;0.967792,-0.27564,0.760958,-0.98183,0.663756,0.0141889,0.307873,-0.0413356,-0.613986,-0.738954;-3.03675,-4.46652,-3.76365,7.86101
247;0.965239,-0.274885,0.760958,-0.981795,0.659878,0.0141889,0.306095,-0.0230265,-0.62589,-0.738954;-3.06281,-4.46891,-3.7477,7.87258
248;0.965043,-0.273544,0.760958,-0.981813,0.659213,0.0141889,0.297318,-0.0251435,-0.637149,-0.738954;-3.03829,-4.47202,-3.74473,7.87455
249;0.964075,-0.273441,0.760958,-0.981816,0.658028,0.0141889,0.298336,-0.0212185,-0.634634,-0.738954;-3.04798,-4.46496,-3.74338,7.87034
250;0.964189,-0.272933,0.760958,-0.981822,0.657936,0.0141889,0.296449,-0.0226559,-0.636637,-0.738954;-3.04077,-4.46606,-3.74363,7.87009
251;0.963979,-0.272993,0.760958,-0.981822,0.657486,0.0141889,0.29714,-0.0217716,-0.635326,-0.738954;-3.04427,-4.46416,-3.7438,7.86802
252;0.964056,-0.272882,0.760958,-0.981824,0.657539,0.0141889,0.296715,-0.022472,-0.635576,-0.738954;-3.04201,-4.46437,-3.74417,7.86773
253;0.964009,-0.272923,0.760958,-0.981824,0.657441,0.0141889,0.297052,-0.0222155,-0.635044,-0.738954;-3.04334,-4.46385,-3.74427,7.86719
254;0.964046,-0.272898,0.760958,-0.981824,0.657477,0.0141889,0.296928,-0.0224623,-0.635152,-0.738954;-3.0426,-4.46404,-3.74439,7.8672
255;0.901486,-0.0972683,0.786904,-0.990571,0.22559,0.253431,-0.0296912,0.518439,-0.25942,-0.777571;-3.48023,-3.08717,-4.28425,6.72034
256;0.621699,0.385893,0.869482,-0.978789,-0.277635,0.667126,-0.111985,0.102391,-0.350383,-0.492235;-2.01255,-3.30792,-5.42873,4.31956
257;0.588813,0.185401,0.935074,-0.994351,-0.840339,0.421002,-0.457609,-0.351988,0.920314,-0.783052;-2.16206,-0.337686,-6.527,0.305035
258;0.144497,0.203376,0.935074,-0.996255,-0.720833,0.421002,-0.273091,-0.558537,0.997133,-0.783052;-2.73111,0.68709,-6.47006,-0.159456
259;0.531831,0.35221,0.786904,-0.996737,-0.472964,0.253431,0.183118,-0.207018,0.99542,-0.777571;-3.21955,-1.17449,-5.71567,2.27408
260;0.887177,-0.226393,0.891589,-0.997316,-0.730238,-0.0972522,-0.471156,-0.352727,0.987203,-0.914346;-2.37365,-0.312774,-5.69193,0.266212
261;0.355558,-0.40719,0.891589,-0.998361,-0.0260825,-0.0972522,-0.442615,-0.233103,0.996708,-0.914346;-3.03845,1.84664,-4.83273,1.60013
262;0.689119,0.0655417,0.760958,-0.991012,0.760726,0.0141889,0.350922,-0.17803,0.670015,-0.738954;-2.70426,-1.58968,-4.11797,6.42316
263;0.970225,-0.123213,0.760958,-0.981342,0.254337,0.0141889,0.36991,0.0306436,-0.617178,-0.738954;-3.33011,-4.90208,-4.04884,6.78188
264;0.971326,-0.276163,0.760958,-0.983591,0.504014,0.0141889,0.271305,-0.356754,-0.0800077,-0.738954;-2.62561,-3.63636,-4.3183,6.39096
265;0.9612,-0.27674,0.760958,-0.982518,0.660339,0.0141889,0.448301,-0.128153,0.00648863,-0.738954;-3.25355,-3.64506,-4.06042,7.15517
266;0.977626,-0.271421,0.760958,-0.981811,0.660847,0.0141889,0.346988,-0.0965101,-0.540982,-0.738954;-3.03352,-4.48595,-3.84109,7.776
267;0.96923,-0.280041,0.760958,-0.981809,0.656144,0.0141889,0.332226,-0.0450746,-0.572498,-0.738954;-3.09806,-4.45061,-3.79106,7.80451
268;0.967779,-0.275641,0.760958,-0.98183,0.663739,0.0141889,0.307881,-0.0412663,-0.613978,-0.738954;-3.03689,-4.46645,-3.76361,7.86099
269;0.90469,-0.099368,0.786904,-0.990556,0.229649,0.253431,-0.0197807,0.517948,-0.245352,-0.777571;-3.49883,-3.09001,-4.28864,6.72974
270;0.631235,0.384343,0.869482,-0.978767,-0.274607,0.667126,-0.111729,0.100551,-0.356337,-0.492235;-1.99914,-3.34787,-5.42925,4.35084
271;0.589062,0.180166,0.935074,-0.994346,-0.839626,0.421002,-0.456842,-0.350035,0.919855,-0.783052;-2.17381,-0.335196,-6.52538,0.305587
272;0.145684,0.20324,0.935074,-0.996254,-0.716883,0.421002,-0.274044,-0.558423,0.997109,-0.783052;-2.72505,0.687568,-6.46697,-0.14515
273;0.530746,0.35162,0.786904,-0.996734,-0.4728,0.253431,0.18306,-0.203611,0.995352,-0.777571;-3.22628,-1.16856,-5.71255,2.27506
274;0.887157,-0.225809,0.891589,-0.997316,-0.729807,-0.0972522,-0.472553,-0.352589,0.987072,-0.914346;-2.36945,-0.309944,-5.69117,0.267112
275;0.353622,-0.40718,0.891589,-0.998361,-0.0269945,-0.0972522,-0.442673,-0.232117,0.996702,-0.914346;-3.04269,1.85293,-4.83201,1.59445
276;0.68907,0.0666367,0.760958,-0.991014,0.760719,0.0141889,0.350466,-0.178688,0.670175,-0.738954;-2.70067,-1.58948,-4.11837,6.42295
277;0.970182,-0.123185,0.760958,-0.981342,0.252738,0.0141889,0.37021,0.0308694,-0.616594,-0.738954;-3.33226,-4.90217,-4.05024,6.7763
278;0.971353,-0.27614,0.760958,-0.983597,0.503982,0.0141889,0.271194,-0.357973,-0.0773892,-0.738954;-2.62363,-3.63196,-4.32014,6.38664
279;0.961188,-0.276755,0.760958,-0.982518,0.660319,0.0141889,0.448814,-0.128122,0.00827029,-0.738954;-3.25483,-3.64281,-4.06108,7.15345
280;0.977662,-0.271414,0.760958,-0.981811,0.660859,0.0141889,0.346974,-0.0967827,-0.540987,-0.738954;-3.03305,-4.4862,-3.8413,7.77587
281;0.969229,-0.28006,0.760958,-0.981809,0.656138,0.0141889,0.332354,-0.0450578,-0.572254,-0.738954;-3.09841,-4.45041,-3.79115,7.80431
282;0.967792,-0.27564,0.760958,-0.98183,0.663756,0.0141889,0.307873,-0.0413356,-0.613986,-0.738954;-3.03675,-4.46652,-3.76365,7.86101
283;0.965239,-0.274885,0.760958,-0.981795,0.659878,0.0141889,0.306095,-0.0230265,-0.62589,-0.738954;-3.06281,-4.46891,-3.7477,7.87258
284;0.965043,-0.273544,0.760958,-0.981813,0.659213,0.0141889,0.297318,-0.0251435,-0.637149,-0.738954;-3.03829,-4.47202,-3.74473,7.87455
285;0.964075,-0.273441,0.760958,-0.981816,0.658028,0.0141889,0.298336,-0.0212185,-0.634634,-0.738954;-3.04798,-4.46496,-3.74338,7.87034
286;0.964189,-0.272933,0.760958,-0.981822,0.657936,0.0141889,0.296449,-0.0226559,-0.636637,-0.738954;-3.04077,-4.46606,-3.74363,7.87009
287;0.963979,-0.272993,0.760958,-0.981822,0.657486,0.0141889,0.29714,-0.0217716,-0.635326,-0.738954;-3.04427,-4.46416,-3.7438,7.86802
288;0.964056,-0.272882,0.760958,-0.981824,0.657539,0.0141889,0.296715,-0.022472,-0.635576,-0.738954;-3.04201,-4.46437,-3.74417,7.86773
289;0.964009,-0.272923,0.760958,-0.981824,0.657441,0.0141889,0.297052,-0.0222155,-0.635044,-0.738954;-3.04334,-4.46385,-3.74427,7.86719
290;0.964046,-0.272898,0.760958,-0.981824,0.657477,0.0141889,0.296928,-0.0224623,-0.635152,-0.738954;-3.0426,-4.46404,-3.74439,7.8672
291;0.901486,-0.0972683,0.786904,-0.990571,0.22559,0.253431,-0.0296912,0.518439,-0.25942,-0.777571;-3.48023,-3.08717,-4.28425,6.72034
292;0.621699,0.385893,0.869482,-0.978789,-0.277635,0.667126,-0.111985,0.102391,-0.350383,-0.492235;-2.01255,-3.30792,-5.42873,4.31956
293;0.588813,0.185401,0.935074,-0.994351,-0.840339,0.421002,-0.457609,-0.351988,0.920314,-0.783052;-2.16206,-0.337686,-6.527,0.305035
294;0.144497,0.203376,0.935074,-0.996255,-0.720833,0.421002,-0.273091,-0.558537,0.997133,-0.783052;-2.73111,0.68709,-6.47006,-0.159456
295;0.531831,0.35221,0.786904,-0.996737,-0.472964,0.253431,0.183118,-0.207018,0.99542,-0.777571;-3.21955,-1.17449,-5.71567,2.27408
296;0.887177,-0.226393,0.891589,-0.997316,-0.730238,-0.0972522,-0.471156,-0.352727,0.987203,-0.914346;-2.37365,-0.312774,-5.69193,0.266212
297;0.355558,-0.40719,0.891589,-0.998361,-0.0260825,-0.0972522,-0.442615,-0.233103,0.996708,-0.914346;-3.03845,1.84664,-4.83273,1.60013
298;0.689119,0.0655417,0.760958,-0.991012,0.760726,0.0141889,0.350922,-0.17803,0.670015,-0.738954;-2.70426,-1.58968,-4.11797,6.42316
299;0.970225,-0.123213,0.760958,-0.981342,0.254337,0.0141889,0.36991,0.0306436,-0.617178,-0.738954;-3.33011,-4.90208,-4.04884,6.78188
