0;100;60
1;100;60
2;100;60
3;100;70
4;100;70
5;90;70
6;80;70
7;70;70
8;60;70
9;50;70
10;40;70
11;30;70
12;20;70
13;20;70
14;20;70
15;12.9289;77.0711
16;12.9289;77.0711
17;12.9289;77.0711
18;12.9289;67.0711
19;12.9289;57.0711
20;12.9289;47.0711
21;12.9289;37.0711
22;12.9289;27.0711
23;12.9289;17.0711
24;12.9289;17.0711
25;12.9289;17.0711
26;12.9289;17.0711
27;12.9289;17.0711
28;20;10
29;20;10
30;20;10
31;20;10
32;20;10
33;20;10
34;20;10
35;27.0711;17.0711
36;34.1421;24.1421
37;34.1421;24.1421
38;27.0711;31.2132
39;27.0711;31.2132
40;20;24.1421
41;12.9289;17.0711
42;12.9289;17.0711
43;12.9289;17.0711
44;20;10
45;20;10
46;20;10
47;20;10
48;20;10
49;20;10
50;20;10
51;20;10
52;27.0711;17.0711
53;34.1421;24.1421
54;34.1421;24.1421
55;27.0711;31.2132
56;27.0711;31.2132
57;20;24.1421
58;12.9289;17.0711
59;12.9289;17.0711
60;12.9289;17.0711
61;20;10
62;20;10
63;20;10
64;20;10
65;20;10
66;20;10
67;20;10
68;20;10
69;27.0711;17.0711
70;34.1421;24.1421
71;34.1421;24.1421
72;27.0711;31.2132
73;27.0711;31.2132
74;20;24.1421
75;12.9289;17.0711
76;12.9289;17.0711
77;12.9289;17.0711
78;20;10
79;20;10
80;20;10
81;20;10
82;20;10
83;20;10
84;20;10
85;20;10
86;27.0711;17.0711
87;34.1421;24.1421
88;34.1421;24.1421
89;27.0711;31.2132
90;27.0711;31.2132
91;20;24.1421
92;12.9289;17.0711
93;12.9289;17.0711
94;12.9289;17.0711
95;20;10
96;20;10
97;20;10
98;20;10
99;20;10
100;20;10
101;20;10
102;20;10
103;27.0711;17.0711
104;34.1421;24.1421
105;34.1421;24.1421
106;27.0711;31.2132
107;27.0711;31.2132
108;20;24.1421
109;12.9289;17.0711
110;12.9289;17.0711
111;12.9289;17.0711
112;20;10
113;20;10
114;20;10
115;20;10
116;20;10
117;20;10
118;20;10
119;20;10
120;27.0711;17.0711
121;34.1421;24.1421
122;34.1421;24.1421
123;27.0711;31.2132
124;27.0711;31.2132
125;20;24.1421
126;12.9289;17.0711
127;12.9289;17.0711
128;12.9289;17.0711
129;20;10
130;20;10
131;20;10
132;20;10
133;20;10
134;20;10
135;20;10
136;20;10
137;27.0711;17.0711
138;34.1421;24.1421
139;34.1421;24.1421
140;27.0711;31.2132
141;27.0711;31.2132
142;20;24.1421
143;12.9289;17.0711
144;12.9289;17.0711
145;12.9289;17.0711
146;20;10
147;20;10
148;20;10
149;20;10
150;20;10
151;20;10
152;20;10
153;20;10
154;27.0711;17.0711
155;34.1421;24.1421
156;34.1421;24.1421
157;27.0711;31.2132
158;27.0711;31.2132
159;20;24.1421
160;12.9289;17.0711
161;12.9289;17.0711
162;12.9289;17.0711
163;20;10
164;20;10
165;20;10
166;20;10
167;20;10
168;20;10
169;20;10
170;20;10
171;27.0711;17.0711
172;34.1421;24.1421
173;34.1421;24.1421
174;27.0711;31.2132
175;27.0711;31.2132
176;20;24.1421
177;12.9289;17.0711
178;12.9289;17.0711
179;12.9289;17.0711
180;20;10
181;20;10
182;20;10
183;20;10
184;20;10
185;20;10
186;20;10
187;20;10
188;27.0711;17.0711
189;34.1421;24.1421
190;34.1421;24.1421
191;27.0711;31.2132
192;27.0711;31.2132
193;20;24.1421
194;12.9289;17.0711
195;12.9289;17.0711
196;12.9289;17.0711
197;20;10
198;20;10
199;20;10
200;20;10
201;20;10
202;20;10
203;20;10
204;20;10
205;27.0711;17.0711
206;34.1421;24.1421
207;34.1421;24.1421
208;27.0711;31.2132
209;27.0711;31.2132
210;20;24.1421
211;12.9289;17.0711
212;12.9289;17.0711
213;12.9289;17.0711
214;20;10
215;20;10
216;20;10
217;20;10
218;20;10
219;20;10
220;20;10
221;20;10
222;27.0711;17.0711
223;34.1421;24.1421
224;34.1421;24.1421
225;27.0711;31.2132
226;27.0711;31.2132
227;20;24.1421
228;12.9289;17.0711
229;12.9289;17.0711
230;12.9289;17.0711
231;20;10
232;20;10
233;20;10
234;20;10
235;20;10
236;20;10
237;20;10
238;20;10
239;27.0711;17.0711
240;34.1421;24.1421
241;34.1421;24.1421
242;27.0711;31.2132
243;27.0711;31.2132
244;20;24.1421
245;12.9289;17.0711
246;12.9289;17.0711
247;12.9289;17.0711
248;20;10
249;20;10
250;20;10
251;20;10
252;20;10
253;20;10
254;20;10
255;20;10
256;27.0711;17.0711
257;34.1421;24.1421
258;34.1421;24.1421
259;27.0711;31.2132
260;27.0711;31.2132
261;20;24.1421
262;12.9289;17.0711
263;12.9289;17.0711
264;12.9289;17.0711
265;20;10
266;20;10
267;20;10
268;20;10
269;20;10
270;20;10
271;20;10
272;20;10
273;27.0711;17.0711
274;34.1421;24.1421
275;34.1421;24.1421
276;27.0711;31.2132
277;27.0711;31.2132
278;20;24.1421
279;12.9289;17.0711
280;12.9289;17.0711
281;12.9289;17.0711
282;20;10
283;20;10
284;20;10
285;20;10
286;20;10
287;20;10
288;20;10
289;20;10
290;27.0711;17.0711
291;34.1421;24.1421
292;34.1421;24.1421
293;27.0711;31.2132
294;27.0711;31.2132
295;20;24.1421
296;12.9289;17.0711
297;12.9289;17.0711
298;12.9289;17.0711
299;20;10
300;20;10
