0.055
0.111
0.138
0.190
0.181
0.190
0.207
0.220
0.229
0.253
0.250
0.262
0.283
0.296
0.310
0.319
0.288
0.288
0.301
0.300
0.271
0.282
0.295
0.297
0.291
0.281
0.332
0.340
0.356
0.347
0.332
0.345
0.376
0.350
0.353
0.370
0.378
0.376
0.352
0.368
0.349
0.348
0.342
0.354
0.354
0.349
0.367
0.372
0.348
0.354
0.351
0.354
0.372
0.357
0.366
0.370
0.360
0.358
0.341
0.358
0.345
0.335
0.358
0.346
0.372
0.356
0.345
0.355
0.348
0.342
0.353
0.337
0.366
0.366
0.370
0.349
0.375
0.351
0.357
0.358
0.337
0.361
0.359
0.334
0.367
0.357
0.342
0.375
0.374
0.347
0.353
0.363
0.357
0.364
0.361
0.362
0.340
0.339
0.317
0.368
0.365
0.361
0.384
0.399
0.369
0.369
0.377
0.379
0.383
0.381
0.370
0.358
0.370
0.372
0.374
0.380
0.370
0.366
0.350
0.387
0.362
0.364
0.358
0.356
0.355
0.338
0.359
0.362
0.344
0.347
0.345
0.374
0.381
0.368
0.383
0.340
0.386
0.348
0.367
0.374
0.373
0.353
0.371
0.358
0.338
0.360
0.365
0.349
0.349
0.401
0.396
0.377
0.385
0.388
0.389
0.335
0.338
0.356
0.380
0.368
0.361
0.396
0.368
0.357
0.372
0.433
0.362
0.403
0.396
0.372
0.369
0.362
0.383
0.352
0.366
0.365
0.414
0.358
0.374
0.359
0.315
0.313
0.387
0.406
0.400
0.401
0.406
0.370
0.357
0.383
0.371
0.363
0.339
0.356
0.327
0.364
0.354
0.399
0.344
0.362
0.377
0.372
0.403
0.413
0.392
0.389
0.397
0.373
0.423
0.411
0.316
0.367
0.337
0.355
0.337
0.370
0.335
0.399
0.381
0.370
0.288
0.297
0.328
0.343
0.318
0.310
0.389
0.364
0.399
0.400
0.395
0.417
0.427
0.426
0.383
0.417
0.393
0.420
0.418
0.416
0.436
0.406
0.397
0.389
0.385
0.417
0.446
0.377
0.392
0.445
0.424
0.418
0.390
0.377
0.438
0.418
0.431
0.446
0.425
0.454
0.405
0.487
0.414
0.449
0.424
0.443
0.450
0.434
0.422
0.451
0.480
0.485
0.470
0.451
0.498
0.520
0.397
0.455
0.467
0.451
0.412
0.437
0.426
0.456
0.436
0.441
0.445
0.481
0.462
0.447
0.456
0.430
0.462
0.443
0.418
0.422
0.450
0.409
0.442
0.481
0.434
0.450
0.437
0.468
0.417
0.417
0.435
0.392
0.441
0.444
0.412
0.424
0.452
0.495
0.479
0.484
0.443
0.487
0.480
0.424
0.495
0.485
0.431
0.492
0.493
0.477
0.473
0.502
0.480
0.460
0.457
0.505
0.438
0.498
0.461
0.496
0.462
0.464
0.475
0.475
0.421
0.448
0.438
0.477
0.464
0.469
0.508
0.468
0.483
0.493
0.449
0.475
0.479
0.464
0.442
0.449
0.422
0.458
0.465
0.445
0.443
0.414
0.416
0.395
0.380
0.414
0.487
0.491
0.482
0.496
0.467
0.446
0.410
0.454
0.474
0.484
0.461
0.439
0.455
0.452
0.480
0.454
0.446
0.455
0.455
0.450
0.423
0.444
0.454
0.462
0.494
0.483
0.522
0.487
0.495
0.495
0.483
0.519
0.501
0.489
0.512
0.497
0.493
0.491
0.436
0.468
0.475
0.498
0.533
0.489
0.522
0.503
0.486
0.522
0.534
0.511
0.533
0.544
0.515
0.574
0.568
0.533
0.552
0.562
0.600
0.528
0.509
0.538
0.527
0.561
0.533
0.575
0.533
0.485
0.538
0.513
0.527
0.457
0.488
0.503
0.479
0.502
0.477
0.442
0.470
0.438
0.478
0.479
0.479
0.473
0.490
0.463
0.494
0.535
0.488
0.460
0.507
0.511
0.500
0.487
0.519
0.500
0.505
0.470
0.466
0.505
0.459
0.500
0.528
0.530
0.522
0.511
0.545
0.523
0.510
0.509
0.458
0.450
0.468
0.505
0.487
0.455
0.462
0.502
0.513
0.459
0.478
0.449
0.460
0.444
0.498
0.478
0.480
0.464
0.510
0.520
0.500
0.513
0.496
0.508
