0;100;60
1;110;60
2;120;60
3;130;60
4;140;60
5;150;60
6;160;60
7;170;60
8;180;60
9;180;60
10;180;60
11;180;70
12;180;70
13;187.071;77.0711
14;187.071;77.0711
15;187.071;77.0711
16;180;84.1421
17;172.929;91.2132
18;172.929;91.2132
19;172.929;101.213
20;172.929;101.213
21;172.929;101.213
22;162.929;101.213
23;162.929;101.213
24;155.858;108.284
25;155.858;108.284
26;155.858;108.284
27;148.787;101.213
28;141.716;94.1421
29;141.716;94.1421
30;131.716;94.1421
31;131.716;94.1421
32;124.645;101.213
33;117.574;108.284
34;117.574;108.284
35;117.574;108.284
36;110.503;101.213
37;110.503;101.213
38;100.503;101.213
39;100.503;101.213
40;93.4315;108.284
41;93.4315;108.284
42;93.4315;108.284
43;86.3604;101.213
44;79.2893;94.1421
45;79.2893;94.1421
46;69.2893;94.1421
47;69.2893;94.1421
48;62.2183;101.213
49;55.1472;108.284
50;55.1472;108.284
51;55.1472;108.284
52;48.0761;101.213
53;48.0761;101.213
54;38.0761;101.213
55;28.0761;101.213
56;18.0761;101.213
57;18.0761;101.213
58;18.0761;101.213
59;18.0761;91.2132
60;18.0761;91.2132
61;11.0051;84.1421
62;11.0051;84.1421
63;11.0051;84.1421
64;18.0761;77.0711
65;25.1472;70
66;25.1472;70
67;25.1472;60
68;25.1472;60
69;18.0761;52.9289
70;11.0051;45.8579
71;11.0051;45.8579
72;11.0051;45.8579
73;18.0761;38.7868
74;25.1472;31.7157
75;25.1472;31.7157
76;25.1472;21.7157
77;25.1472;11.7157
78;25.1472;11.7157
79;25.1472;11.7157
80;35.1472;11.7157
81;45.1472;11.7157
82;45.1472;11.7157
83;45.1472;11.7157
84;45.1472;11.7157
85;52.2183;18.7868
86;59.2893;25.8579
87;59.2893;25.8579
88;69.2893;25.8579
89;69.2893;25.8579
90;76.3604;18.7868
91;83.4315;11.7157
92;83.4315;11.7157
93;83.4315;11.7157
94;90.5025;18.7868
95;90.5025;18.7868
96;100.503;18.7868
97;100.503;18.7868
98;107.574;11.7157
99;107.574;11.7157
100;107.574;11.7157
101;114.645;18.7868
102;121.716;25.8579
103;121.716;25.8579
104;131.716;25.8579
105;131.716;25.8579
106;138.787;18.7868
107;145.858;11.7157
108;145.858;11.7157
109;145.858;11.7157
110;152.929;18.7868
111;152.929;18.7868
112;162.929;18.7868
113;172.929;18.7868
114;182.929;18.7868
115;182.929;18.7868
116;182.929;18.7868
117;182.929;28.7868
118;182.929;28.7868
119;190;35.8579
120;190;35.8579
121;190;35.8579
122;182.929;42.9289
123;175.858;50
124;175.858;50
125;175.858;60
126;175.858;60
127;182.929;67.0711
128;190;74.1421
129;190;74.1421
130;190;74.1421
131;182.929;81.2132
132;175.858;88.2843
133;175.858;88.2843
134;175.858;98.2843
135;175.858;108.284
136;175.858;108.284
137;175.858;108.284
138;165.858;108.284
139;155.858;108.284
140;155.858;108.284
141;155.858;108.284
142;155.858;108.284
143;148.787;101.213
144;141.716;94.1421
145;141.716;94.1421
146;131.716;94.1421
147;131.716;94.1421
148;124.645;101.213
149;117.574;108.284
150;117.574;108.284
151;117.574;108.284
152;110.503;101.213
153;110.503;101.213
154;100.503;101.213
155;100.503;101.213
156;93.4315;108.284
157;93.4315;108.284
158;93.4315;108.284
159;86.3604;101.213
160;79.2893;94.1421
161;79.2893;94.1421
162;69.2893;94.1421
163;69.2893;94.1421
164;62.2183;101.213
165;55.1472;108.284
166;55.1472;108.284
167;55.1472;108.284
168;48.0761;101.213
169;48.0761;101.213
170;38.0761;101.213
171;28.0761;101.213
172;18.0761;101.213
173;18.0761;101.213
174;18.0761;101.213
175;18.0761;91.2132
176;18.0761;91.2132
177;11.0051;84.1421
178;11.0051;84.1421
179;11.0051;84.1421
180;18.0761;77.0711
181;25.1472;70
182;25.1472;70
183;25.1472;60
184;25.1472;60
185;18.0761;52.9289
186;11.0051;45.8579
187;11.0051;45.8579
188;11.0051;45.8579
189;18.0761;38.7868
190;25.1472;31.7157
191;25.1472;31.7157
192;25.1472;21.7157
193;25.1472;11.7157
194;25.1472;11.7157
195;25.1472;11.7157
196;35.1472;11.7157
197;45.1472;11.7157
198;45.1472;11.7157
199;45.1472;11.7157
200;45.1472;11.7157
201;52.2183;18.7868
202;59.2893;25.8579
203;59.2893;25.8579
204;69.2893;25.8579
205;69.2893;25.8579
206;76.3604;18.7868
207;83.4315;11.7157
208;83.4315;11.7157
209;83.4315;11.7157
210;90.5025;18.7868
211;90.5025;18.7868
212;100.503;18.7868
213;100.503;18.7868
214;107.574;11.7157
215;107.574;11.7157
216;107.574;11.7157
217;114.645;18.7868
218;121.716;25.8579
219;121.716;25.8579
220;131.716;25.8579
221;131.716;25.8579
222;138.787;18.7868
223;145.858;11.7157
224;145.858;11.7157
225;145.858;11.7157
226;152.929;18.7868
227;152.929;18.7868
228;162.929;18.7868
229;172.929;18.7868
230;182.929;18.7868
231;182.929;18.7868
232;182.929;18.7868
233;182.929;28.7868
234;182.929;28.7868
235;190;35.8579
236;190;35.8579
237;190;35.8579
238;182.929;42.9289
239;175.858;50
240;175.858;50
241;175.858;60
242;175.858;60
243;182.929;67.0711
244;190;74.1421
245;190;74.1421
246;190;74.1421
247;182.929;81.2132
248;175.858;88.2843
249;175.858;88.2843
250;175.858;98.2843
251;175.858;108.284
252;175.858;108.284
253;175.858;108.284
254;165.858;108.284
255;155.858;108.284
256;155.858;108.284
257;155.858;108.284
258;155.858;108.284
259;148.787;101.213
260;141.716;94.1421
261;141.716;94.1421
262;131.716;94.1421
263;131.716;94.1421
264;124.645;101.213
265;117.574;108.284
266;117.574;108.284
267;117.574;108.284
268;110.503;101.213
269;110.503;101.213
270;100.503;101.213
271;100.503;101.213
272;93.4315;108.284
273;93.4315;108.284
274;93.4315;108.284
275;86.3604;101.213
276;79.2893;94.1421
277;79.2893;94.1421
278;69.2893;94.1421
279;69.2893;94.1421
280;62.2183;101.213
281;55.1472;108.284
282;55.1472;108.284
283;55.1472;108.284
284;48.0761;101.213
285;48.0761;101.213
286;38.0761;101.213
287;28.0761;101.213
288;18.0761;101.213
289;18.0761;101.213
290;18.0761;101.213
291;18.0761;91.2132
292;18.0761;91.2132
293;11.0051;84.1421
294;11.0051;84.1421
295;11.0051;84.1421
296;18.0761;77.0711
297;25.1472;70
298;25.1472;70
299;25.1472;60
300;25.1472;60
