0.207
0.373
0.377
0.393
0.432
0.435
0.435
0.442
0.453
0.433
0.453
0.448
0.448
0.453
0.468
0.462
0.468
0.480
0.468
0.485
0.493
0.478
0.507
0.505
0.497
0.488
0.503
0.502
0.505
0.508
0.492
0.505
0.517
0.497
0.505
0.493
0.497
0.502
0.492
0.498
0.502
0.508
0.510
0.507
0.505
0.495
0.505
0.505
0.505
0.512
0.507
0.510
0.500
0.503
0.507
0.500
0.505
0.505
0.505
0.502
0.498
0.500
0.497
0.503
0.498
0.510
0.493
0.487
0.510
0.495
0.500
0.498
0.497
0.498
0.512
0.500
0.498
0.500
0.498
0.502
0.500
0.505
0.507
0.498
0.508
0.498
0.493
0.498
0.510
0.490
0.505
0.507
0.518
0.502
0.500
0.520
0.495
0.502
0.505
0.510
0.503
0.507
0.490
0.507
0.510
0.498
0.502
0.502
0.500
0.500
0.500
0.508
0.507
0.495
0.500
0.502
0.505
0.500
0.502
0.508
0.492
0.490
0.520
0.508
0.493
0.493
0.502
0.497
0.493
0.503
0.492
0.505
0.505
0.492
0.505
0.500
0.502
0.500
0.493
0.502
0.495
0.500
0.500
0.507
0.497
0.507
0.507
0.505
0.500
0.500
0.513
0.505
0.510
0.517
0.512
0.518
0.513
0.512
0.510
0.498
0.502
0.502
0.503
0.502
0.527
0.505
0.510
0.523
0.518
0.513
0.528
0.517
0.525
0.517
0.520
0.512
0.515
0.523
0.520
0.532
0.528
0.513
0.525
0.542
0.523
0.527
0.528
0.523
0.535
0.528
0.533
0.543
0.525
0.530
0.522
0.532
0.527
0.522
0.522
0.517
0.518
0.522
0.523
0.518
0.520
0.527
0.525
0.530
0.530
0.528
0.522
0.533
0.522
0.518
0.528
0.525
0.535
0.528
0.520
0.528
0.525
0.525
0.522
0.537
0.537
0.528
0.533
0.527
0.530
0.523
0.533
0.518
0.525
0.532
0.528
0.527
0.528
0.527
0.523
0.525
0.518
0.528
0.520
0.522
0.525
0.525
0.523
0.520
0.523
0.527
0.525
0.533
0.530
0.525
0.525
0.528
0.530
0.530
0.538
0.527
0.523
0.517
0.530
0.530
0.517
0.517
0.530
0.520
0.520
0.532
0.528
0.532
0.525
0.517
0.527
0.543
0.533
0.533
0.530
0.527
0.525
0.525
0.535
0.530
0.525
0.542
0.523
0.525
0.528
0.547
0.538
0.532
0.523
0.535
0.522
0.520
0.525
0.527
0.543
0.517
0.533
0.537
0.530
0.537
0.532
0.525
0.518
0.533
0.527
0.530
0.525
0.535
0.527
0.517
0.528
0.532
0.520
0.520
0.522
0.530
0.543
0.520
0.528
0.530
0.543
0.525
0.525
0.525
0.523
0.523
0.527
0.520
0.522
0.527
0.533
0.518
0.522
0.532
0.527
0.527
0.527
0.533
0.520
0.527
0.532
0.535
0.535
0.520
0.532
0.528
0.523
0.520
0.523
0.533
0.542
0.525
0.527
0.523
0.525
0.530
0.532
0.528
0.543
0.527
0.518
0.533
0.527
0.535
0.535
0.533
0.538
0.525
0.537
0.525
0.527
0.543
0.530
0.528
0.550
0.530
0.532
0.530
0.530
0.533
0.528
0.527
0.537
0.542
0.535
0.542
0.540
0.533
0.542
0.537
0.545
0.532
0.537
0.528
0.543
0.532
0.535
0.540
0.530
0.543
0.528
0.532
0.548
0.528
0.533
0.530
0.527
0.530
0.530
0.527
0.532
0.535
0.538
0.533
0.542
0.530
0.537
0.540
0.530
0.530
0.533
0.533
0.538
0.537
0.533
0.533
0.543
0.543
0.547
0.535
0.545
0.537
0.542
0.537
0.540
0.540
0.535
0.533
0.533
0.558
0.537
0.532
0.540
0.535
0.545
0.538
0.543
0.548
0.540
0.538
0.538
0.532
0.538
0.532
0.535
0.533
0.533
0.542
0.533
0.540
0.528
0.540
0.540
0.533
0.533
0.543
0.533
0.535
0.543
0.545
0.538
0.533
0.535
0.543
0.528
0.537
0.540
0.540
0.542
0.537
0.547
0.535
0.533
0.538
0.540
0.538
0.542
0.547
0.533
0.543
0.543
0.527
0.530
0.528
0.535
0.542
