0.298
0.332
0.445
0.433
0.447
0.457
0.440
0.443
0.442
0.447
0.445
0.462
0.455
0.458
0.450
0.463
0.455
0.458
0.465
0.478
0.467
0.465
0.472
0.467
0.465
0.483
0.473
0.477
0.470
0.483
0.470
0.475
0.468
0.472
0.478
0.475
0.470
0.478
0.480
0.468
0.472
0.480
0.477
0.477
0.488
0.467
0.518
0.508
0.518
0.508
0.520
0.547
0.547
0.548
0.552
0.605
0.625
0.612
0.618
0.625
0.615
0.627
0.620
0.625
0.622
0.620
0.627
0.625
0.622
0.622
0.623
0.618
0.625
0.627
0.625
0.627
0.628
0.620
0.623
0.620
0.625
0.628
0.623
0.625
0.623
0.638
0.625
0.628
0.627
0.632
0.632
0.623
0.623
0.623
0.625
0.627
0.632
0.632
0.623
0.627
0.627
0.622
0.625
0.622
0.623
0.623
0.627
0.625
0.628
0.627
0.625
0.630
0.623
0.627
0.628
0.627
0.620
0.625
0.622
0.633
0.623
0.622
0.625
0.627
0.623
0.623
0.630
0.628
0.628
0.627
0.622
0.623
0.627
0.620
0.638
0.622
0.630
0.632
0.632
0.622
0.628
0.623
0.627
0.630
0.627
0.632
0.622
0.625
0.620
0.618
0.625
0.620
0.627
0.627
0.623
0.627
0.625
0.622
0.620
0.630
0.625
0.622
0.627
0.622
0.625
0.622
0.630
0.630
0.627
0.628
0.625
0.627
0.625
0.622
0.625
0.625
0.625
0.632
0.625
0.622
0.625
0.627
0.627
0.625
0.625
0.622
0.622
0.627
0.625
0.625
0.623
0.623
0.628
0.625
0.625
0.627
0.630
0.623
0.625
0.628
0.625
0.627
0.623
0.633
0.623
0.623
0.622
0.623
0.623
0.623
0.622
0.623
0.627
0.633
0.622
0.623
0.623
0.625
0.620
0.622
0.623
0.628
0.630
0.627
0.628
0.625
0.630
0.625
0.622
0.625
0.627
0.628
0.628
0.620
0.625
0.627
0.622
0.625
0.628
0.633
0.618
0.628
0.630
0.628
0.623
0.622
0.622
0.627
0.625
0.632
0.627
0.625
0.623
0.627
0.623
0.623
0.620
0.632
0.617
0.623
0.625
0.623
0.627
0.623
0.623
0.622
0.630
0.628
0.623
0.625
0.627
0.628
0.628
0.628
0.622
0.627
0.622
0.627
0.628
0.628
0.622
0.623
0.625
0.627
0.625
0.628
0.628
0.632
0.632
0.622
0.628
0.625
0.625
0.632
0.625
0.628
0.627
0.632
0.632
0.623
0.628
0.632
0.627
0.625
0.622
0.623
0.625
0.622
0.627
0.632
0.627
0.622
0.625
0.632
0.627
0.625
0.628
0.628
0.625
0.630
0.625
0.630
0.627
0.625
0.622
0.623
0.628
0.623
0.625
0.627
0.632
0.627
0.622
0.623
0.630
0.625
0.627
0.625
0.623
0.630
0.627
0.627
0.627
0.627
0.625
0.625
0.625
0.633
0.623
0.622
0.635
0.632
0.627
0.625
0.628
0.630
0.623
0.625
0.625
0.628
0.622
0.625
0.620
0.625
0.625
0.623
0.623
0.627
0.625
0.623
0.623
0.627
0.630
0.625
0.623
0.628
0.630
0.625
0.625
0.625
0.628
0.623
0.622
0.630
0.625
0.632
0.628
0.627
0.630
0.623
0.630
0.625
0.627
0.628
0.623
0.625
0.628
0.623
0.637
0.625
0.625
0.627
0.632
0.623
0.627
0.628
0.632
0.622
0.625
0.623
0.625
0.627
0.628
0.627
0.630
0.625
0.628
0.625
0.630
0.627
0.623
0.623
0.622
0.630
0.622
0.627
0.622
0.625
0.628
0.627
0.628
0.625
0.628
0.625
0.632
0.627
0.632
0.625
0.637
0.625
0.623
0.627
0.623
0.628
0.628
0.628
0.622
0.625
0.623
0.625
0.627
0.630
0.622
0.628
0.627
0.628
0.627
0.627
0.620
0.628
0.628
0.630
0.630
0.627
0.622
0.622
0.625
0.623
0.625
0.633
0.623
0.638
0.628
0.628
0.627
0.633
0.622
0.628
0.627
0.620
0.623
0.625
0.628
0.620
0.627
0.630
0.633
0.622
0.625
0.622
0.627
0.627
0.627
0.627
0.628
0.628
0.623
0.625
0.627
0.627
