Passo;Reservat rio (Ativa  es);Sa da (Ativa  es)
0;-0.275865,0.358422,0.244947,0.109595,0.533861,-0.0290368,-0.0336244,0.127935,0.50606,-0.345208,0.329363,-0.230865,0.186278,-0.314922,0.0443099,0.529958,0.298479,0.322649,0.0460387,-0.444603,0.428853,-0.249796,-0.251133,0.0177892,0.0506307;0.520135,1.64493,0.0890225,6.20993
1;-0.491579,0.368603,0.0298137,-0.329732,0.365655,0.829899,-0.521236,-0.545614,0.0669611,-0.542796,0.468965,0.588001,0.163679,-0.479625,0.251792,0.626425,0.25466,0.322649,-0.0195901,-0.602829,0.561148,0.573045,-0.689639,-0.103206,0.0276029;-5.46018,4.5832,-2.67501,1.18147
2;-0.908843,0.297719,-0.0102751,-0.841611,0.0917811,0.915847,-0.423529,-0.754186,0.370438,-0.934647,0.74105,0.108687,-0.171215,-0.676787,0.352868,0.761304,0.231306,0.322649,0.238921,0.562307,0.541694,0.473469,-0.773696,0.287842,0.451369;-6.46463,8.42141,-2.12161,13.2844
3;-0.884162,0.511597,0.111298,-0.938648,-0.363277,0.981359,-0.144317,-0.863197,0.675028,-0.933109,0.632441,0.0641366,-0.104787,-0.703255,0.463735,0.802792,0.202997,0.322649,0.50076,0.116612,0.783903,0.307631,-0.762717,0.242879,-0.0183991;-8.54479,10.0478,-0.396255,13.7223
4;-0.8855,0.489377,0.270875,-0.963134,-0.344645,0.977137,-0.369862,-0.904032,0.621017,-0.873397,0.576924,-0.403036,0.088187,-0.587033,0.477668,0.861452,0.19917,0.322649,0.543042,0.275284,0.733506,-0.336801,-0.870772,0.165715,-0.161088;-5.10461,9.58649,-0.149314,14.2514
5;-0.875393,0.330045,-0.138217,-0.944865,-0.604503,0.934131,-0.426723,-0.91696,0.292792,-0.905489,0.774167,-0.671521,-0.486838,-0.175569,-0.0023367,0.904306,0.395183,0.515806,0.830228,-0.202131,0.740901,-0.247068,-0.838115,-0.491949,0.0642473;-2.24743,7.25918,-1.79609,10.4562
6;-0.897745,-0.0905673,-0.242035,-0.822652,-0.235403,0.957294,-0.394518,-0.893734,0.326079,-0.900326,0.620092,-0.768777,-0.516337,-0.638037,-0.273474,0.804921,0.446192,0.515806,0.826796,-0.475027,0.839014,-0.443003,-0.84112,-0.4582,-0.0243571;-0.168855,5.78581,-3.04664,6.63672
7;-0.728064,-0.335074,0.11412,-0.942989,-0.72269,0.770219,0.307492,-0.914368,0.781581,-0.878985,0.865589,-0.585706,-0.362644,-0.128353,0.479332,0.788538,0.406326,0.442879,0.843804,-0.34761,0.94359,0.163082,-0.956402,-0.697141,0.279165;-5.31859,8.52196,0.159519,13.8227
8;-0.661109,-0.262176,-0.0533042,-0.710176,-0.136323,0.816915,0.372536,-0.850789,0.878965,-0.74297,0.898256,-0.734313,0.21792,0.185483,0.23763,0.951476,-0.00810625,0.0657486,0.835845,0.708274,0.938969,-0.391312,-0.986475,-0.362288,0.26665;-4.91247,5.98923,1.61927,15.9608
9;0.255555,0.136228,0.167582,-0.781641,0.290095,0.833112,0.13085,-0.573932,0.846502,-0.883775,0.951722,-0.42804,-0.0929349,0.695566,-0.452653,0.786494,-0.178155,0.204012,0.805932,0.645789,0.926084,-0.112094,-0.986011,-0.712456,-0.00187216;-4.88957,1.49298,5.98877,10.8377
10;0.331158,-0.0935623,-0.0188293,-0.341267,0.905651,0.799092,-0.141957,-0.814849,0.777853,-0.92629,0.942062,0.288696,-0.255021,0.660811,-0.682088,0.793439,-0.102842,0.204012,0.820429,0.368883,0.984023,0.449705,-0.985509,-0.639007,-0.382574;-7.37973,-2.002,7.57137,5.04773
11;-0.740698,-0.0462836,0.0575972,-0.358639,0.969429,0.986243,0.565991,-0.774652,0.72487,-0.928068,0.390722,0.604345,0.0898106,-0.621782,-0.382151,0.814597,0.386291,0.322649,0.245426,-0.217525,0.900995,0.90826,-0.923438,0.231984,0.297492;-8.32689,2.98202,0.0738399,6.06358
12;-0.960545,0.368408,-0.41175,-0.947484,-0.56651,0.891461,0.0731136,-0.819307,0.226975,-0.451889,0.887218,0.450912,0.116431,-0.16252,0.0211608,0.833885,0.390755,0.515806,0.678694,-0.381307,0.79652,0.879427,-0.894796,0.0662016,0.748683;-7.59986,10.168,-2.01275,6.6125
13;-0.844994,-0.00271833,0.174636,-0.807379,-0.429141,0.851427,-0.406978,-0.920049,0.657174,-0.714788,0.889443,-0.86746,-0.0556392,-0.347248,0.197874,0.692649,0.464366,0.442879,0.864029,0.579822,0.721523,-0.110365,-0.95112,-0.215754,0.855028;-3.63894,10.2955,0.377631,16.1152
14;-0.739106,-0.472794,0.604349,-0.935706,-0.0761981,0.927753,-0.358936,-0.964344,0.554661,-0.753365,0.813029,-0.906793,-0.281875,-0.338932,0.397251,0.812262,-0.082563,0.378592,0.801197,-0.200154,0.574079,-0.413364,-0.851133,-0.42036,-0.315351;-2.09091,6.89171,-1.0117,7.93236
15;0.416426,-0.120652,0.697327,-0.870005,-0.120484,0.807529,-0.371259,-0.853318,0.949196,-0.838857,0.871275,-0.44087,-0.341351,0.240474,-0.246782,0.825865,-0.72616,-0.431611,0.549532,0.259867,0.912642,-0.806708,-0.802628,-0.47077,-0.654096;-8.97166,3.75819,4.93238,5.92154
16;0.821835,-0.153268,0.887055,-0.635622,0.900963,0.847526,-0.204245,-0.928076,0.941635,-0.885706,0.944934,-0.316219,-0.348878,0.828843,-0.567511,0.829524,-0.682211,-0.431611,0.521462,-0.0726715,0.97671,-0.814628,-0.917382,-0.605743,-0.625615;-9.46105,-2.05284,8.08751,1.78428
17;-0.214335,0.0716786,-0.34685,0.0847075,0.98086,0.95573,0.712366,-0.723648,0.748847,-0.948355,0.864358,0.411548,-0.293521,0.686485,-0.713885,0.9873,0.114676,0.159277,0.713135,-0.634187,0.964881,0.911741,-0.963929,-0.524887,0.188127;-10.6385,-2.22936,2.62015,3.48548
18;-0.912376,0.124474,-0.637531,0.0523692,0.882414,0.964925,-0.0767362,-0.832185,-0.0482494,-0.570871,0.763562,0.636819,0.321316,-0.344517,-0.663356,0.834154,0.0934556,0.159277,0.431672,-0.384057,0.929955,0.920817,-0.962756,0.250284,0.55896;-8.41974,3.03696,-4.86883,-2.77033
19;-0.448193,0.493774,-0.292296,-0.865991,-0.492946,0.713931,-0.48569,-0.685583,0.332982,-0.952258,0.979308,0.261292,-0.383967,0.257854,-0.128866,0.453784,-0.254247,0.204012,0.577321,0.455604,0.873096,0.818912,-0.985662,-0.249276,0.60732;-10.4405,6.43803,-0.300921,8.7686
20;0.283987,0.208503,0.075888,-0.521402,0.224471,0.695102,-0.452144,-0.909939,0.685983,-0.981657,0.965517,-0.388931,-0.596857,0.383297,-0.490697,0.615631,-0.167575,0.204012,0.83628,0.796001,0.990403,-0.489279,-0.983251,-0.295108,-0.574295;-3.7046,0.274196,7.04918,11.3244
21;0.410671,0.179419,-0.032479,-0.600877,0.798103,0.77497,-0.19136,-0.860098,0.659475,-0.980085,0.956848,0.0300757,-0.581676,0.601164,-0.552391,0.84177,-0.149145,0.204012,0.76252,0.200344,0.988893,0.38498,-0.987848,-0.735109,-0.632595;-7.78395,-1.60154,6.33674,6.21115
22;-0.653855,-0.109253,0.0618104,-0.374918,0.971679,0.988427,0.352879,-0.868984,0.716028,-0.935903,0.461133,0.550159,0.0557417,-0.651107,-0.347182,0.820725,0.378617,0.322649,0.385143,-0.210527,0.946789,0.881884,-0.924419,0.20202,-0.00964975;-8.5881,3.05804,0.889895,5.37945
23;-0.946275,0.468616,-0.0373931,-0.959732,-0.0956334,0.965422,0.227736,-0.761881,0.640429,-0.747803,0.711741,0.614897,0.407946,-0.541786,0.449993,0.849839,0.206705,0.322649,0.264278,-0.191273,0.702501,0.864718,-0.915518,0.418824,0.517116;-10.5747,10.619,-1.28752,10.277
24;-0.937904,0.469782,-0.19328,-0.93048,-0.612892,0.949834,-0.461956,-0.896984,0.303167,-0.699926,0.850136,-0.531438,-0.117027,-0.363784,-0.0329259,0.8008,0.400921,0.515806,0.829594,0.410104,0.603135,0.158079,-0.824945,0.0451128,0.7035;-3.87613,10.7244,-1.66158,12.9878
25;-0.910651,0.257424,-0.238326,-0.879932,-0.504614,0.953945,-0.604678,-0.880201,0.20922,-0.904926,0.558017,-0.835396,-0.534026,-0.671094,-0.152133,0.780146,0.42319,0.515806,0.82405,-0.680416,0.599701,-0.414274,-0.776005,-0.289651,0.0432105;-1.3212,7.79313,-4.28857,6.43223
26;-0.701276,-0.233024,0.156907,-0.940916,-0.750754,0.734902,-0.0944392,-0.951387,0.673315,-0.911356,0.821265,-0.709192,-0.482042,-0.133834,0.496367,0.786301,0.402158,0.442879,0.853405,-0.389049,0.944113,-0.225601,-0.917395,-0.689896,-0.00929298;-3.7849,7.8744,0.430252,12.9973
27;-0.173915,-0.078796,0.0644951,-0.862682,-0.17151,0.735954,-0.188074,-0.665312,0.838874,-0.940431,0.954199,-0.722765,-0.394382,0.507666,-0.265553,0.870165,-0.224317,0.204012,0.849279,0.879505,0.957866,-0.74985,-0.986207,-0.670495,-0.367884;-1.33809,1.99994,4.76752,13.9384
28;0.529917,-0.0660691,0.0911169,-0.487119,0.759657,0.842641,0.193826,-0.76041,0.859379,-0.963966,0.943351,-0.126807,-0.447764,0.629836,-0.608118,0.780103,-0.13077,0.204012,0.835682,0.332301,0.990465,-0.124388,-0.986716,-0.788084,-0.387867;-5.05831,-2.04717,7.69665,8.21875
29;0.168469,-0.142728,-0.129264,-0.487446,0.931122,0.802776,0.107409,-0.773952,0.751162,-0.915407,0.951171,0.543142,-0.213763,0.644093,-0.657589,0.813566,-0.112632,0.204012,0.753787,0.541415,0.98847,0.800726,-0.98785,-0.642527,-0.173611;-8.6257,-1.69954,6.69237,5.81312
30;-0.775781,-0.0486,0.0465594,-0.349216,0.95945,0.987014,0.60848,-0.752389,0.787827,-0.876367,0.439204,0.634245,0.257053,-0.660311,-0.372454,0.764188,0.384145,0.322649,0.325801,0.0228314,0.901271,0.914893,-0.924335,0.38578,0.497703;-8.6527,4.01031,0.645489,7.41937
31;-0.949884,0.557691,-0.0212441,-0.95837,-0.242504,0.958335,0.120401,-0.762501,0.597409,-0.587267,0.705022,0.637865,0.544384,-0.524276,0.454943,0.820914,0.205376,0.322649,0.249897,-0.317595,0.641318,0.857071,-0.90477,0.431959,0.523429;-10.5091,11.3731,-1.46197,8.74915
32;-0.937966,0.476505,-0.166578,-0.924722,-0.615467,0.936569,-0.598456,-0.882856,0.235695,-0.752164,0.843712,-0.703682,-0.189662,-0.365743,-0.0447503,0.806433,0.403134,0.515806,0.829339,0.424144,0.405588,-0.0390239,-0.796087,0.0414042,0.741606;-2.68883,10.6144,-2.25405,13.1593
33;-0.897788,0.255139,-0.249413,-0.870274,-0.50339,0.956031,-0.594537,-0.889106,0.199202,-0.924837,0.461265,-0.815902,-0.598241,-0.673697,-0.150839,0.786225,0.422947,0.515806,0.822939,-0.762208,0.656451,-0.420321,-0.642942,-0.374761,-0.113871;-1.02482,7.02791,-4.14125,5.63772
34;-0.705574,-0.285362,0.15482,-0.942985,-0.7453,0.672751,-0.0814583,-0.947456,0.670621,-0.87748,0.834175,-0.703044,-0.476626,-0.0987622,0.497693,0.784612,0.401829,0.442879,0.851825,-0.314377,0.939741,-0.279278,-0.928924,-0.691433,-0.00674373;-3.28189,7.60423,0.698301,13.3357
35;-0.1232,-0.0798029,0.0626884,-0.838967,-0.140994,0.734928,-0.140618,-0.622552,0.851473,-0.940296,0.953956,-0.734305,-0.386755,0.501937,-0.287458,0.869008,-0.219292,0.204012,0.849624,0.881003,0.955948,-0.743172,-0.986041,-0.6846,-0.308018;-1.30011,2.0144,4.78077,14.0735
36;0.52914,-0.0753242,0.086096,-0.479024,0.774844,0.841506,0.190609,-0.759944,0.854577,-0.959872,0.941121,-0.0624384,-0.421074,0.631687,-0.60567,0.76744,-0.131619,0.204012,0.831345,0.294046,0.99103,-0.0845972,-0.986646,-0.786851,-0.394777;-5.29341,-2.12144,7.73163,7.67833
37;-0.679161,-0.142829,0.103032,-0.415802,0.97602,0.985192,0.579431,-0.792856,0.766854,-0.851788,0.364111,0.585064,0.310082,-0.574078,-0.365205,0.834496,0.382551,0.322649,0.321283,-0.345663,0.938976,0.872585,-0.924846,-0.0233072,0.00316768;-7.99387,2.49775,0.686363,4.00326
38;-0.959576,0.214829,-0.406647,-0.944741,-0.4833,0.871365,0.157803,-0.761219,0.337785,-0.440843,0.875737,0.380774,0.125613,-0.116689,-0.0110985,0.850232,0.396829,0.515806,0.696741,-0.201065,0.67799,0.877717,-0.904748,0.0489266,0.803078;-6.94086,9.65632,-1.49563,7.9438
39;-0.834635,-0.0141094,0.174892,-0.791,-0.380021,0.850149,-0.245661,-0.894543,0.720254,-0.670291,0.861571,-0.836419,0.00302215,-0.310338,0.167917,0.673647,0.469766,0.442879,0.863612,0.501469,0.743615,-0.00769646,-0.932881,-0.216546,0.875258;-4.0757,9.95974,0.628518,15.7413
40;-0.746551,-0.473199,0.604176,-0.932675,-0.0419512,0.915591,-0.370181,-0.960048,0.55148,-0.64873,0.814233,-0.902761,-0.176018,-0.310328,0.376022,0.806205,-0.0770361,0.378592,0.797656,-0.215947,0.518615,-0.372778,-0.859303,-0.378447,-0.273756;-2.07221,7.01045,-0.960957,7.25361
41;0.203353,-0.410526,0.637938,-0.973357,0.0689847,0.896122,0.191942,-0.724775,0.846929,-0.838196,0.906102,-0.841439,-0.553893,0.276328,-0.12202,0.758587,-0.288063,0.492599,0.841004,0.591923,0.813804,-0.436756,-0.748781,-0.674473,-0.304343;1.0245,2.91085,5.67237,12.2668
42;0.428141,-0.559054,0.615122,-0.909929,0.897239,0.91669,0.381183,-0.799984,0.864004,-0.38291,0.912828,-0.62492,-0.230042,0.231207,-0.477232,0.696816,-0.205093,0.492599,0.847994,0.273014,0.955229,-0.259352,-0.880217,-0.691063,-0.513319;0.581628,-0.1304,7.26741,6.01839
43;-0.624434,-0.218539,-0.455567,-0.717364,0.821833,0.915968,0.750706,-0.179219,0.856423,-0.537318,0.659267,-0.127247,-0.0111738,-0.252586,-0.504798,0.941669,0.493924,0.515806,0.820058,-0.729653,0.80924,0.921051,-0.908728,-0.462903,0.66199;-6.26576,3.97245,-1.2228,5.63494
44;-0.94254,-0.0715388,-0.45272,-0.802301,-0.0786756,0.925103,-0.00455693,-0.565535,0.524293,-0.199649,0.4335,0.479007,0.240244,-0.594136,-0.224631,0.285524,0.436848,0.515806,0.778526,-0.728632,0.8419,0.872052,-0.866562,0.0723867,0.791022;-7.57164,7.52694,-1.65399,1.23243
45;-0.873597,0.234569,-0.289503,-0.839794,-0.811741,-0.2161,-0.297993,-0.690954,0.77973,-0.830115,0.867087,-0.6209,0.00511438,-0.0395,0.505954,0.785927,-0.0781406,0.0657486,0.808587,0.305422,0.749165,0.173787,-0.982142,-0.0350416,0.666049;-9.86807,11.3816,-1.00859,16.4647
46;0.833044,0.338929,0.304276,-0.414953,-0.220814,0.786542,-0.365464,-0.827662,0.744603,-0.973738,0.934275,-0.668319,-0.506575,0.622351,-0.323788,0.619604,-0.210774,0.204012,0.831498,0.705778,0.970942,-0.772054,-0.976517,-0.549451,-0.490207;-2.28281,1.80563,8.52594,13.0144
47;0.470189,0.0136557,0.08574,-0.450687,0.948227,0.740956,-0.311319,-0.885813,0.556534,-0.975349,0.95313,-0.277718,-0.540522,0.684227,-0.654706,0.882869,-0.113746,0.204012,0.7345,0.292584,0.989572,-0.199706,-0.987183,-0.792137,-0.758127;-3.68939,-3.44583,6.69743,5.62156
48;-0.594839,-0.146242,0.00665845,-0.243345,0.979505,0.989117,0.494418,-0.825537,0.722546,-0.950922,0.493729,0.61664,-0.0273664,-0.635092,-0.395592,0.859189,0.389289,0.322649,0.305976,-0.506297,0.936308,0.918693,-0.924555,-0.0790731,-0.0403114;-8.26183,2.04282,0.22116,3.93109
49;-0.950055,0.312154,-0.0380854,-0.95693,-0.00338823,0.968712,0.269214,-0.75336,0.598671,-0.666883,0.740917,0.651307,0.486359,-0.569019,0.441313,0.825046,0.209014,0.322649,0.189551,-0.000331459,0.753634,0.872146,-0.913151,0.43346,0.594651;-9.49297,10.271,-1.27585,10.2649
50;-0.940119,0.477269,-0.221968,-0.931898,-0.641749,0.946974,-0.333446,-0.845696,0.411306,-0.673192,0.878138,-0.525313,-0.088575,-0.386375,-0.0145188,0.798417,0.397471,0.515806,0.82907,0.417129,0.503208,0.290647,-0.846174,0.0487138,0.782729;-4.54917,11.2205,-1.68941,14.0007
51;-0.909886,0.25964,-0.212827,-0.889115,-0.52426,0.955817,-0.617021,-0.878306,0.205705,-0.880087,0.496934,-0.83662,-0.467338,-0.667579,-0.137174,0.754136,0.420391,0.515806,0.824322,-0.678226,0.610418,-0.431616,-0.715138,-0.229608,0.0653954;-1.14547,7.96372,-4.10018,6.08822
52;-0.707455,0.0398486,-0.243877,-0.874865,-0.701874,0.601913,-0.34972,-0.93524,0.687943,-0.936992,0.850466,-0.625339,-0.396538,-0.0496726,0.541974,0.906715,-0.089131,0.0657486,0.825852,-0.396791,0.937752,-0.358744,-0.96648,-0.583965,-0.292324;-7.74631,7.62144,-1.15547,11.3017
53;0.46716,-0.00910323,0.26435,-0.805042,-0.0126222,0.816852,-0.075708,-0.798152,0.817197,-0.975774,0.9559,-0.681483,-0.53275,0.62333,-0.317616,0.734536,-0.212239,0.204012,0.837871,0.889129,0.980605,-0.711458,-0.985965,-0.704576,-0.351183;-1.97004,1.13764,7.49295,14.0026
54;0.454726,-0.088409,0.0489288,-0.479241,0.917993,0.796736,0.115425,-0.797645,0.830102,-0.953543,0.951879,-0.0774233,-0.383359,0.680504,-0.655084,0.869198,-0.1136,0.204012,0.82496,0.379444,0.990692,0.0860549,-0.987518,-0.780911,-0.562206;-5.49038,-2.7012,7.719,7.3034
55;-0.667053,-0.138989,0.0641988,-0.350959,0.978418,0.988527,0.577398,-0.786381,0.768277,-0.874115,0.38383,0.636725,0.262236,-0.593999,-0.393467,0.831648,0.388813,0.322649,0.3214,-0.397864,0.927109,0.912089,-0.924779,0.0595314,0.140587;-8.34124,2.81594,0.566453,3.95982
56;-0.950648,0.392145,-0.0294207,-0.952996,-0.0412883,0.954285,0.22487,-0.725092,0.642185,-0.610559,0.722557,0.627786,0.529042,-0.503899,0.418662,0.833725,0.214928,0.322649,0.250876,-0.0970884,0.62632,0.854758,-0.911021,0.43085,0.622957;-9.89399,10.5345,-1.06751,9.90856
57;-0.938504,0.475939,-0.205586,-0.921071,-0.597291,0.942353,-0.446605,-0.851588,0.351363,-0.698866,0.835879,-0.568374,-0.118987,-0.364251,-0.0584947,0.794239,0.405702,0.515806,0.828331,0.369111,0.45705,0.233537,-0.788397,0.0402825,0.779773;-4.08345,10.804,-1.85851,12.9968
58;-0.908246,0.254448,-0.233516,-0.87937,-0.508567,0.951399,-0.61258,-0.877776,0.196146,-0.893172,0.47715,-0.81844,-0.526375,-0.662647,-0.151825,0.76255,0.423132,0.515806,0.822232,-0.719837,0.605222,-0.404321,-0.682645,-0.25572,0.00849021;-1.16643,7.57041,-4.15382,5.78406
59;-0.710462,0.0226465,-0.249092,-0.872618,-0.69572,0.592996,-0.340381,-0.934414,0.685924,-0.9314,0.850127,-0.608838,-0.39394,-0.0535513,0.539614,0.903057,-0.0883935,0.0657486,0.823986,-0.381263,0.941806,-0.351131,-0.966005,-0.575158,-0.280056;-7.71763,7.60007,-1.13505,11.3108
60;0.467846,-0.00329588,0.262619,-0.803874,-0.0216047,0.814818,-0.0577331,-0.790463,0.821169,-0.975226,0.956267,-0.681154,-0.528096,0.621509,-0.315255,0.731959,-0.212797,0.204012,0.837469,0.890229,0.980322,-0.707515,-0.986119,-0.702709,-0.33156;-2.00722,1.21352,7.46157,14.1135
61;0.456562,-0.087187,0.051824,-0.478009,0.917523,0.795838,0.108473,-0.799399,0.82844,-0.951644,0.951594,-0.0786679,-0.372678,0.680617,-0.654381,0.86747,-0.113871,0.204012,0.824737,0.378275,0.990755,0.0744664,-0.987508,-0.780162,-0.566419;-5.43511,-2.69902,7.74317,7.24052
62;-0.66619,-0.138505,0.0640076,-0.350435,0.978442,0.988454,0.575903,-0.786151,0.767555,-0.875988,0.384713,0.634435,0.257741,-0.593339,-0.393531,0.832877,0.388827,0.322649,0.320738,-0.397997,0.925349,0.911955,-0.924792,0.0539191,0.138698;-8.33336,2.79973,0.554223,3.97197
63;-0.950564,0.389008,-0.0295591,-0.952886,-0.0390627,0.95452,0.225176,-0.7261,0.641731,-0.611647,0.722325,0.629024,0.528295,-0.504431,0.418294,0.83362,0.215023,0.322649,0.250582,-0.0951952,0.629652,0.854912,-0.910608,0.430797,0.621799;-9.88531,10.5192,-1.06011,9.90275
64;-0.938595,0.475912,-0.206182,-0.921237,-0.597641,0.942366,-0.443087,-0.851026,0.353493,-0.698433,0.83674,-0.566985,-0.118778,-0.364337,-0.0581363,0.794449,0.405635,0.515806,0.828311,0.370079,0.457212,0.236186,-0.790127,0.0403569,0.780397;-4.10099,10.8094,-1.85375,13.0237
65;-0.908321,0.254493,-0.233066,-0.879502,-0.508587,0.95151,-0.612657,-0.877847,0.196307,-0.89277,0.477061,-0.818509,-0.524609,-0.662663,-0.151768,0.762147,0.423121,0.515806,0.822264,-0.719166,0.606181,-0.404269,-0.682764,-0.254517,0.0100928;-1.16798,7.57858,-4.15065,5.78335
66;-0.710491,0.0234396,-0.249059,-0.872664,-0.695899,0.592611,-0.340602,-0.93438,0.685956,-0.931431,0.850294,-0.609135,-0.393985,-0.0532458,0.539622,0.903145,-0.088396,0.0657486,0.824012,-0.381993,0.941602,-0.351202,-0.966093,-0.575141,-0.280251;-7.72031,7.60084,-1.1354,11.3101
67;0.468191,-0.00328474,0.262665,-0.803657,-0.0212567,0.814932,-0.0587047,-0.790757,0.82097,-0.975243,0.956252,-0.681204,-0.528207,0.621478,-0.315441,0.731963,-0.212753,0.204012,0.837477,0.89017,0.980327,-0.707583,-0.986112,-0.702726,-0.332096;-2.00636,1.21184,7.4633,14.1085
68;0.456456,-0.0871985,0.0517035,-0.478144,0.917565,0.795834,0.108429,-0.799407,0.828383,-0.951748,0.951605,-0.0786197,-0.373257,0.680599,-0.654369,0.867532,-0.113876,0.204012,0.824695,0.378162,0.990752,0.0749154,-0.987508,-0.780175,-0.566455;-5.43744,-2.69948,7.74173,7.24129
69;-0.666195,-0.138514,0.063987,-0.350431,0.978439,0.988457,0.575951,-0.786183,0.767599,-0.876,0.384753,0.634513,0.257713,-0.593392,-0.393521,0.832844,0.388825,0.322649,0.32081,-0.397938,0.925433,0.911965,-0.924791,0.0541367,0.13872;-8.33409,2.80024,0.554895,3.97277
70;-0.950567,0.38913,-0.0295503,-0.952895,-0.0391426,0.954525,0.225193,-0.726102,0.641734,-0.611612,0.722319,0.629012,0.528319,-0.504442,0.418323,0.833621,0.215016,0.322649,0.25058,-0.0952608,0.629647,0.854917,-0.910628,0.430801,0.621793;-9.88577,10.5197,-1.06031,9.90292
71;-0.938594,0.475914,-0.206163,-0.92124,-0.59765,0.942363,-0.443218,-0.85105,0.353414,-0.698435,0.83674,-0.567055,-0.118766,-0.36433,-0.0581289,0.794453,0.405634,0.515806,0.828312,0.370097,0.457192,0.236082,-0.790124,0.0403595,0.780378;-4.10035,10.8095,-1.85399,13.0233
72;-0.908315,0.254495,-0.233077,-0.879495,-0.50858,0.95151,-0.612658,-0.877847,0.196308,-0.8928,0.477058,-0.818518,-0.524675,-0.662672,-0.151772,0.762162,0.423122,0.515806,0.822265,-0.719188,0.606159,-0.404278,-0.68275,-0.254564,0.010049;-1.16793,7.57832,-4.15074,5.78343
73;-0.71049,0.0234087,-0.249061,-0.872666,-0.695896,0.592624,-0.340591,-0.934383,0.685953,-0.931429,0.85029,-0.609113,-0.393986,-0.05325,0.539626,0.903143,-0.0883973,0.0657486,0.82401,-0.381975,0.941609,-0.351195,-0.966091,-0.575144,-0.280266;-7.72024,7.60076,-1.13536,11.3101
74;0.468177,-0.00328673,0.262664,-0.803662,-0.0212616,0.81493,-0.0586662,-0.790745,0.820979,-0.975242,0.956253,-0.681205,-0.528201,0.621478,-0.315439,0.731963,-0.212754,0.204012,0.837478,0.890176,0.980327,-0.707582,-0.986112,-0.702725,-0.332067;-2.00638,1.21189,7.46324,14.1087
75;0.456459,-0.0871973,0.0517064,-0.478141,0.917563,0.795835,0.108432,-0.799406,0.828384,-0.951744,0.951605,-0.0786141,-0.373234,0.6806,-0.654369,0.86753,-0.113876,0.204012,0.824696,0.378158,0.990752,0.0749094,-0.987508,-0.780175,-0.566454;-5.43742,-2.69945,7.74177,7.2412
76;-0.666197,-0.138514,0.0639878,-0.350431,0.978439,0.988457,0.575948,-0.786182,0.767598,-0.875999,0.384752,0.63451,0.257714,-0.59339,-0.393522,0.832844,0.388825,0.322649,0.320808,-0.397934,0.92543,0.911965,-0.924791,0.0541338,0.138723;-8.33406,2.80024,0.554878,3.97278
77;-0.950567,0.389128,-0.0295506,-0.952895,-0.0391419,0.954525,0.225193,-0.726101,0.641734,-0.611614,0.722318,0.629013,0.528318,-0.504441,0.418322,0.833621,0.215016,0.322649,0.250579,-0.0952624,0.629647,0.854917,-0.910627,0.430801,0.621792;-9.88576,10.5197,-1.06031,9.9029
78;-0.938594,0.475914,-0.206163,-0.92124,-0.597649,0.942363,-0.443215,-0.85105,0.353415,-0.698435,0.83674,-0.567053,-0.118766,-0.36433,-0.0581292,0.794453,0.405634,0.515806,0.828312,0.370096,0.457194,0.236083,-0.790124,0.0403595,0.780378;-4.10035,10.8095,-1.85398,13.0233
79;-0.908316,0.254495,-0.233077,-0.879495,-0.50858,0.95151,-0.612658,-0.877847,0.196308,-0.8928,0.477059,-0.818518,-0.524674,-0.662672,-0.151772,0.762162,0.423122,0.515806,0.822265,-0.719188,0.606159,-0.404278,-0.682751,-0.254563,0.0100501;-1.16793,7.57833,-4.15074,5.78343
80;-0.71049,0.0234089,-0.249061,-0.872666,-0.695896,0.592625,-0.340591,-0.934383,0.685953,-0.931429,0.85029,-0.609113,-0.393986,-0.0532503,0.539626,0.903143,-0.0883973,0.0657486,0.82401,-0.381975,0.941609,-0.351195,-0.966091,-0.575144,-0.280266;-7.72024,7.60076,-1.13536,11.3101
81;0.468177,-0.00328666,0.262664,-0.803662,-0.0212619,0.81493,-0.0586664,-0.790745,0.820979,-0.975243,0.956253,-0.681205,-0.528201,0.621478,-0.315439,0.731963,-0.212754,0.204012,0.837478,0.890176,0.980327,-0.707582,-0.986112,-0.702725,-0.332067;-2.00638,1.21189,7.46324,14.1087
82;0.456459,-0.0871973,0.0517064,-0.478141,0.917563,0.795835,0.108432,-0.799407,0.828384,-0.951744,0.951605,-0.0786145,-0.373235,0.6806,-0.654369,0.86753,-0.113876,0.204012,0.824696,0.378158,0.990752,0.074909,-0.987508,-0.780175,-0.566454;-5.43741,-2.69945,7.74177,7.2412
83;-0.666196,-0.138514,0.0639878,-0.350431,0.978439,0.988457,0.575948,-0.786182,0.767598,-0.875999,0.384752,0.63451,0.257714,-0.59339,-0.393522,0.832844,0.388825,0.322649,0.320809,-0.397934,0.92543,0.911965,-0.924791,0.0541336,0.138723;-8.33406,2.80024,0.554878,3.97278
84;-0.961751,0.26297,-0.407021,-0.946866,-0.490789,0.882776,0.158878,-0.771801,0.290452,-0.444016,0.873167,0.407487,0.123236,-0.14417,0.00196245,0.83815,0.394374,0.515806,0.676033,-0.246888,0.709954,0.88129,-0.901306,0.0679935,0.804204;-7.09608,9.7721,-1.79579,7.59311
85;-0.839562,-0.00153667,0.168199,-0.799413,-0.412142,0.846601,-0.29792,-0.903198,0.702171,-0.667332,0.873336,-0.840276,0.00376759,-0.322411,0.18592,0.677466,0.466532,0.442879,0.863936,0.523143,0.740853,-0.0191711,-0.938364,-0.21489,0.868335;-4.0342,10.1975,0.54737,15.8188
86;-0.742817,-0.472351,0.606987,-0.933494,-0.0560598,0.918552,-0.382461,-0.960903,0.549445,-0.685726,0.81477,-0.909613,-0.210891,-0.322987,0.383011,0.806074,-0.0788444,0.378592,0.799482,-0.197062,0.51326,-0.402796,-0.858305,-0.383214,-0.276061;-1.99868,7.02007,-0.984382,7.55304
87;0.205368,-0.413136,0.639736,-0.974153,0.0591219,0.899693,0.210323,-0.740346,0.847106,-0.842006,0.905196,-0.834596,-0.559767,0.276782,-0.113577,0.759981,-0.289811,0.492599,0.841148,0.595703,0.833776,-0.451481,-0.745523,-0.682345,-0.341403;1.09065,2.81256,5.76437,12.3379
88;0.425347,-0.562613,0.616622,-0.911688,0.897845,0.916866,0.386944,-0.799873,0.864863,-0.361318,0.915969,-0.636326,-0.217937,0.232467,-0.477469,0.703234,-0.205027,0.492599,0.848128,0.298681,0.954497,-0.271995,-0.886264,-0.694782,-0.510308;0.714467,-0.104775,7.28429,6.15393
89;-0.62207,-0.220873,-0.455558,-0.71661,0.822844,0.915974,0.747876,-0.159688,0.857516,-0.537741,0.658894,-0.147184,-0.00717967,-0.253,-0.505432,0.941823,0.494067,0.515806,0.820403,-0.733298,0.800695,0.921462,-0.908552,-0.467716,0.675438;-6.22252,4.01725,-1.32042,5.64161
90;-0.941755,-0.0746958,-0.452754,-0.799096,-0.0769788,0.924981,-0.00155237,-0.564301,0.525237,-0.202575,0.42194,0.493547,0.238394,-0.593808,-0.224365,0.272969,0.436798,0.515806,0.778348,-0.73917,0.84641,0.872318,-0.863601,0.0725853,0.786669;-7.60536,7.43325,-1.6199,1.12267
91;-0.874788,0.234693,-0.28972,-0.839697,-0.814202,-0.242708,-0.293004,-0.690183,0.77985,-0.827926,0.867713,-0.617561,0.0071975,-0.033986,0.505789,0.785585,-0.0780915,0.0657486,0.807921,0.316942,0.751834,0.169127,-0.982361,-0.0349126,0.661604;-9.82667,11.3425,-0.947766,16.5501
92;0.839573,0.339004,0.304836,-0.394006,-0.216601,0.786294,-0.366589,-0.827106,0.744519,-0.973453,0.93454,-0.670271,-0.503999,0.622135,-0.327122,0.619145,-0.20998,0.204012,0.83148,0.706986,0.970769,-0.773213,-0.976687,-0.551029,-0.487286;-2.2449,1.7771,8.53703,13.0082
93;0.47015,0.012615,0.0847134,-0.450466,0.948737,0.740701,-0.31218,-0.885788,0.545899,-0.975422,0.9531,-0.274164,-0.541074,0.684293,-0.654623,0.882902,-0.113778,0.204012,0.728667,0.288279,0.98952,-0.194192,-0.987177,-0.792347,-0.758811;-3.67084,-3.46175,6.63092,5.53203
94;-0.595496,-0.146377,0.00457901,-0.238764,0.979508,0.989117,0.495451,-0.825256,0.722881,-0.951016,0.49853,0.61697,-0.0279632,-0.637304,-0.39563,0.858927,0.389298,0.322649,0.305855,-0.503735,0.936382,0.918795,-0.924545,-0.0764101,-0.0365863;-8.25696,2.05506,0.214764,3.96246
95;-0.950067,0.313738,-0.0380244,-0.957132,-0.00640215,0.969109,0.269408,-0.753341,0.596646,-0.666215,0.740943,0.651508,0.486906,-0.571099,0.442517,0.824346,0.208695,0.322649,0.186903,-0.00215192,0.753341,0.872846,-0.913168,0.4335,0.594573;-9.48687,10.2851,-1.29988,10.2532
96;-0.940122,0.47729,-0.22163,-0.932118,-0.643282,0.946861,-0.33525,-0.845937,0.410463,-0.673081,0.878758,-0.52764,-0.0884416,-0.386885,-0.0131127,0.798433,0.397208,0.515806,0.829108,0.418407,0.502624,0.287006,-0.84606,0.0490528,0.782442;-4.52961,11.2293,-1.69337,14.0134
97;-0.90967,0.259849,-0.212621,-0.889163,-0.524634,0.955889,-0.616924,-0.878276,0.205941,-0.880523,0.496701,-0.837112,-0.468315,-0.667787,-0.136836,0.754348,0.420328,0.515806,0.824364,-0.678554,0.610072,-0.432958,-0.714745,-0.231283,0.0640278;-1.14002,7.95872,-4.10002,6.09281
98;-0.707359,0.0387457,-0.243751,-0.87496,-0.701817,0.601847,-0.349706,-0.935292,0.687886,-0.936921,0.850389,-0.625261,-0.396482,-0.0493964,0.542074,0.906746,-0.0891621,0.0657486,0.825861,-0.395802,0.937872,-0.359299,-0.966448,-0.584395,-0.292871;-7.73902,7.61707,-1.15229,11.3031
99;0.467212,-0.00938657,0.264327,-0.804922,-0.012235,0.816796,-0.0743429,-0.797761,0.817521,-0.975771,0.955908,-0.681519,-0.532743,0.623378,-0.317784,0.734608,-0.212199,0.204012,0.837888,0.889239,0.980599,-0.711444,-0.985969,-0.704712,-0.35044;-1.96939,1.13615,7.49271,14.0075
100;0.454736,-0.0884978,0.0488949,-0.479129,0.918015,0.796762,0.115739,-0.797551,0.830141,-0.9534,0.951861,-0.0767411,-0.382552,0.68055,-0.655103,0.869126,-0.113593,0.204012,0.824937,0.379202,0.990699,0.0865681,-0.987517,-0.780908,-0.562036;-5.49254,-2.70028,7.71953,7.29821
101;-0.667206,-0.138988,0.0642008,-0.350907,0.978418,0.988523,0.57742,-0.786301,0.768273,-0.87403,0.383821,0.636705,0.262438,-0.593996,-0.393493,0.831618,0.388819,0.322649,0.321339,-0.397399,0.927005,0.912092,-0.92478,0.0597799,0.141115;-8.34043,2.81711,0.566112,3.96229
102;-0.950648,0.392283,-0.0294216,-0.952991,-0.0414368,0.95428,0.224822,-0.725057,0.642161,-0.610544,0.722541,0.62778,0.529053,-0.503896,0.41866,0.833708,0.214929,0.322649,0.250847,-0.0973486,0.626214,0.854757,-0.910997,0.430851,0.622981;-9.89432,10.5351,-1.06818,9.90736
103;-0.938504,0.47594,-0.205556,-0.921066,-0.597296,0.942348,-0.44675,-0.851616,0.351261,-0.698879,0.835864,-0.568449,-0.11902,-0.364251,-0.0584965,0.79423,0.405703,0.515806,0.828331,0.369092,0.457043,0.233342,-0.788342,0.0402818,0.779737;-4.08237,10.8037,-1.85872,12.9961
104;-0.90824,0.254447,-0.233533,-0.879364,-0.508571,0.951397,-0.612577,-0.877773,0.196142,-0.893193,0.477157,-0.818446,-0.526448,-0.662652,-0.151824,0.762571,0.423132,0.515806,0.822231,-0.719864,0.605198,-0.404334,-0.68264,-0.255809,0.00841728;-1.16631,7.57006,-4.15398,5.78411
105;-0.71046,0.0225882,-0.249091,-0.872619,-0.695713,0.593015,-0.340372,-0.934416,0.685922,-0.931399,0.850123,-0.608826,-0.393938,-0.0535635,0.539617,0.903054,-0.0883943,0.0657486,0.823985,-0.381212,0.941815,-0.351133,-0.966003,-0.575162,-0.280053;-7.7174,7.60001,-1.13501,11.3108
106;0.361487,-0.316999,0.607462,-0.858774,0.496511,0.920486,-0.486603,-0.916162,0.678174,-0.92639,0.949356,-0.861478,-0.453142,0.247201,-0.227388,0.523724,-0.649178,0.128804,0.796696,0.859169,0.943435,-0.884087,-0.96416,-0.551588,-0.700884;-1.58394,0.428955,5.53021,8.39455
107;0.70055,-0.302948,0.362024,-0.828099,0.909684,0.85899,0.377157,-0.84861,0.866682,-0.944777,0.951599,-0.257391,-0.529922,0.50449,-0.409362,0.883033,-0.622178,0.128804,0.793646,0.142744,0.977796,0.239328,-0.964317,-0.706221,-0.862752;-7.05949,-0.949862,6.43463,5.48795
108;-0.297932,-0.228036,-0.278921,-0.525601,0.946851,0.97092,0.864911,-0.741559,0.828389,-0.668486,0.709593,0.365712,-0.0139651,-0.0373214,-0.629476,0.912794,0.524423,0.515806,0.803342,-0.45251,0.977337,0.926913,-0.913993,-0.253088,0.518416;-6.8259,2.23763,3.39431,5.6606
109;-0.965544,0.0666014,-0.480396,-0.828322,0.383613,0.94195,0.0456873,-0.636605,0.414666,-0.0769832,0.680282,0.240014,0.313314,-0.558277,-0.357585,0.693806,0.462722,0.515806,0.729063,-0.508206,0.643088,0.911733,-0.913889,0.0752193,0.843031;-6.67991,7.72028,-2.50906,2.45994
110;-0.860107,0.00322831,-0.0187467,-0.917156,-0.745451,0.565786,-0.298166,-0.755826,0.725449,-0.740379,0.8301,-0.606966,-0.074574,-0.239528,0.436723,0.578226,0.416312,0.442879,0.844779,-0.0480308,0.549041,0.77004,-0.926358,-0.200738,0.905824;-8.32333,11.9067,-1.05525,13.8717
111;-0.627281,-0.465069,0.657845,-0.87045,-0.0537993,0.895314,-0.315737,-0.965585,0.615561,-0.678199,0.751965,-0.922664,-0.211054,-0.378506,0.334182,0.682506,-0.06642,0.378592,0.82354,0.229892,0.708478,-0.713573,-0.770962,-0.0203711,-0.323293;-0.425403,6.55917,1.2606,10.2894
112;0.428003,0.141572,0.700287,-0.88288,-0.149996,0.723632,-0.423439,-0.825581,0.942989,-0.790102,0.885253,-0.48393,-0.314624,0.307078,-0.221486,0.841739,-0.728967,-0.431611,0.521656,-0.11563,0.871656,-0.809337,-0.859403,-0.57631,-0.7146;-9.98298,3.91265,4.40195,4.59666
113;0.849342,-0.220406,0.888326,-0.535259,0.916428,0.846294,-0.50599,-0.952884,0.913712,-0.910359,0.944157,-0.358223,-0.380244,0.826699,-0.597267,0.824303,-0.676808,-0.431611,0.527056,-0.015207,0.977445,-0.824647,-0.907962,-0.606552,-0.692677;-8.94592,-2.2261,8.32551,1.01019
114;-0.205175,0.0711484,-0.354633,0.0822306,0.981531,0.956184,0.754584,-0.702671,0.74038,-0.973301,0.865598,0.423624,-0.471213,0.682482,-0.713173,0.987759,0.114357,0.159277,0.682298,-0.669857,0.965648,0.915053,-0.964,-0.528405,0.172131;-10.6946,-2.64791,2.41888,3.9891
115;-0.913101,0.122189,-0.63855,0.0614509,0.883308,0.965888,-0.0633181,-0.83882,-0.0459333,-0.537249,0.773955,0.662163,0.347313,-0.350574,-0.661838,0.827309,0.0928576,0.159277,0.432879,-0.37893,0.95223,0.921066,-0.962833,0.251792,0.551196;-8.41211,3.04424,-4.75582,-2.8922
116;-0.45552,0.494526,-0.292105,-0.868858,-0.501501,0.708569,-0.495933,-0.668101,0.329102,-0.950805,0.979939,0.225666,-0.376007,0.253642,-0.124835,0.456679,-0.2551,0.204012,0.573682,0.476021,0.857718,0.821373,-0.98651,-0.249163,0.632709;-10.3447,6.58439,-0.477512,8.94152
117;0.300871,0.208575,0.0772346,-0.514229,0.216169,0.696872,-0.45286,-0.909893,0.686921,-0.982117,0.964609,-0.382849,-0.60141,0.382124,-0.488531,0.608116,-0.168192,0.204012,0.836795,0.783073,0.990594,-0.497553,-0.982533,-0.294016,-0.585895;-3.68801,0.253004,7.11519,11.2634
118;0.408205,0.180116,-0.0303013,-0.602773,0.801116,0.771187,-0.190688,-0.860145,0.656692,-0.980084,0.956808,0.023438,-0.582004,0.602023,-0.55184,0.842136,-0.149318,0.204012,0.760715,0.20722,0.988991,0.375106,-0.987854,-0.736951,-0.636469;-7.71851,-1.63909,6.32817,6.25428
119;-0.650486,-0.110453,0.0605748,-0.370812,0.971624,0.988428,0.352251,-0.86914,0.716443,-0.935808,0.462759,0.551931,0.0562064,-0.65098,-0.347693,0.821416,0.378728,0.322649,0.386111,-0.2143,0.94683,0.882762,-0.924439,0.197415,-0.0135799;-8.58687,3.04711,0.898809,5.34551
120;-0.946355,0.466243,-0.0373034,-0.959741,-0.0921837,0.965569,0.22902,-0.761392,0.639255,-0.748132,0.711262,0.614723,0.407583,-0.542639,0.449924,0.84954,0.206723,0.322649,0.261989,-0.186979,0.701879,0.86495,-0.915527,0.419175,0.519115;-10.5536,10.6038,-1.29626,10.2918
121;-0.937915,0.469963,-0.194291,-0.93052,-0.613605,0.94976,-0.459499,-0.896621,0.304916,-0.699177,0.850666,-0.528758,-0.116149,-0.363868,-0.0323501,0.800708,0.400814,0.515806,0.829596,0.40953,0.603916,0.162243,-0.824671,0.0452249,0.703999;-3.89877,10.7322,-1.65485,12.9926
122;-0.910782,0.257493,-0.23786,-0.880081,-0.50473,0.953966,-0.604999,-0.880061,0.209149,-0.904352,0.55825,-0.835701,-0.532807,-0.671201,-0.152078,0.779667,0.423179,0.515806,0.824057,-0.678879,0.598785,-0.414788,-0.776432,-0.287797,0.0454134;-1.31935,7.8025,-4.28781,6.43982
123;-0.708513,0.00149735,-0.247718,-0.874534,-0.69557,0.669171,-0.338822,-0.94071,0.68487,-0.943856,0.848703,-0.601192,-0.38949,-0.0883442,0.543702,0.902582,-0.0896725,0.0657486,0.824123,-0.373786,0.950403,-0.302461,-0.965407,-0.578551,-0.281672;-7.8864,7.77058,-1.30894,11.1762
124;0.413914,-0.00553352,0.262405,-0.834723,-0.0559892,0.815933,-0.0239107,-0.78735,0.827281,-0.975103,0.956945,-0.677664,-0.527317,0.622115,-0.293909,0.734598,-0.217797,0.204012,0.837812,0.893629,0.980391,-0.70785,-0.986442,-0.690539,-0.326832;-2.07732,1.33401,7.29333,14.3569
125;0.459615,-0.0792171,0.0612313,-0.478953,0.910277,0.797934,0.115631,-0.798674,0.836356,-0.947867,0.951436,-0.10526,-0.35231,0.681393,-0.654615,0.866881,-0.113781,0.204012,0.830558,0.393458,0.990871,0.0295062,-0.98751,-0.780226,-0.561554;-5.24553,-2.6545,7.81609,7.40986
126;-0.661925,-0.138547,0.0672017,-0.353645,0.978571,0.98839,0.567859,-0.787613,0.765145,-0.874057,0.379044,0.628891,0.262369,-0.588777,-0.393975,0.835465,0.388927,0.322649,0.321245,-0.418357,0.922363,0.91031,-0.924815,0.032116,0.11916;-8.31463,2.74583,0.535109,3.77677
127;-0.950378,0.376738,-0.0300332,-0.952394,-0.0290092,0.953726,0.224218,-0.725265,0.643067,-0.61743,0.72145,0.627153,0.524263,-0.501906,0.415745,0.834861,0.215679,0.322649,0.252384,-0.0841452,0.626388,0.854025,-0.909903,0.430146,0.622822;-9.84321,10.4592,-1.03567,9.9402
128;-0.938529,0.47558,-0.208273,-0.92077,-0.595339,0.942709,-0.428774,-0.849299,0.361649,-0.698566,0.835414,-0.556718,-0.119432,-0.363837,-0.0598376,0.794067,0.405953,0.515806,0.828218,0.366183,0.463857,0.248208,-0.788432,0.0399269,0.78125;-4.17632,10.7894,-1.81339,13.0395
129;-0.909082,0.254228,-0.232173,-0.880095,-0.508351,0.951302,-0.612535,-0.877642,0.196123,-0.888951,0.479819,-0.817292,-0.517379,-0.661497,-0.152098,0.760799,0.423183,0.515806,0.822174,-0.715825,0.606701,-0.402394,-0.687619,-0.249046,0.0162337;-1.18168,7.60987,-4.14605,5.78328
130;-0.710656,0.027045,-0.249145,-0.872162,-0.696075,0.593268,-0.342053,-0.934171,0.68628,-0.932177,0.850389,-0.611216,-0.393914,-0.0541223,0.539063,0.903277,-0.0882216,0.0657486,0.824126,-0.384895,0.940979,-0.349453,-0.966141,-0.574531,-0.277559;-7.74165,7.61947,-1.14874,11.3066
131;0.468166,-0.00288256,0.26276,-0.804167,-0.0222137,0.815183,-0.0629839,-0.792237,0.819873,-0.975328,0.9562,-0.680795,-0.528932,0.621487,-0.314907,0.731857,-0.212879,0.204012,0.837388,0.889534,0.980353,-0.707671,-0.986088,-0.702296,-0.335784;-2.00717,1.2109,7.46623,14.0903
132;0.45629,-0.0869167,0.051733,-0.478478,0.917552,0.795805,0.108086,-0.799563,0.82841,-0.952208,0.951676,-0.0806928,-0.375808,0.680458,-0.654372,0.86781,-0.113874,0.204012,0.824793,0.379239,0.99074,0.0736244,-0.987509,-0.780192,-0.566589;-5.43199,-2.70217,7.73957,7.26168
133;-0.665768,-0.138525,0.0639951,-0.350626,0.978434,0.988472,0.575868,-0.786438,0.767603,-0.876092,0.384712,0.634688,0.257491,-0.593398,-0.39344,0.832885,0.388807,0.322649,0.32099,-0.399448,0.925785,0.91197,-0.924789,0.0535112,0.137152;-8.33654,2.79737,0.556211,3.96283
134;-0.950572,0.38878,-0.0295486,-0.952908,-0.0387545,0.95452,0.225265,-0.726136,0.641825,-0.61167,0.722383,0.628924,0.528278,-0.504424,0.418326,0.833678,0.215015,0.322649,0.250689,-0.0944544,0.629678,0.854909,-0.910711,0.430803,0.621828;-9.88475,10.5184,-1.05879,9.90734
135;-0.93859,0.475915,-0.206236,-0.921243,-0.597617,0.942383,-0.442842,-0.850986,0.353671,-0.698443,0.836715,-0.566812,-0.118717,-0.364331,-0.0581408,0.794462,0.405636,0.515806,0.828315,0.370042,0.457284,0.236604,-0.79014,0.0403555,0.780442;-4.10324,10.8098,-1.85324,13.0243
136;-0.908334,0.254493,-0.23304,-0.879516,-0.508573,0.951508,-0.612657,-0.877851,0.196309,-0.892716,0.47708,-0.818487,-0.524486,-0.662641,-0.151772,0.762114,0.423122,0.515806,0.822266,-0.7191,0.60619,-0.404255,-0.682817,-0.254327,0.0102077;-1.1682,7.57915,-4.15036,5.78344
137;-0.710494,0.023565,-0.249062,-0.872657,-0.695905,0.592604,-0.340626,-0.934376,0.685962,-0.931439,0.850296,-0.609162,-0.393985,-0.0532418,0.539611,0.903151,-0.0883927,0.0657486,0.824014,-0.382099,0.941589,-0.351175,-0.966094,-0.575137,-0.28023;-7.72091,7.6011,-1.1356,11.3099
138;0.468201,-0.00328175,0.262667,-0.803654,-0.0212526,0.814937,-0.05886,-0.790802,0.820935,-0.975245,0.956251,-0.6812,-0.528219,0.621478,-0.315444,0.73196,-0.212752,0.204012,0.837476,0.890161,0.980328,-0.707586,-0.986111,-0.70272,-0.332183;-2.00631,1.21175,7.46343,14.1078
139;0.456451,-0.0871941,0.0516961,-0.478152,0.917566,0.795834,0.108425,-0.799409,0.828381,-0.951765,0.951607,-0.078656,-0.37335,0.680595,-0.654368,0.86754,-0.113876,0.204012,0.824695,0.378173,0.990751,0.0749203,-0.987508,-0.780176,-0.566458;-5.43749,-2.69956,7.7416,7.24177
140;-0.666187,-0.138514,0.0639865,-0.350435,0.978438,0.988458,0.575953,-0.78619,0.7676,-0.876001,0.384754,0.634523,0.25771,-0.593395,-0.393518,0.832842,0.388825,0.322649,0.320815,-0.397965,0.925447,0.911966,-0.924791,0.054139,0.138689;-8.33416,2.80021,0.554956,3.9726
141;-0.950567,0.389131,-0.0295501,-0.952895,-0.0391405,0.954525,0.225195,-0.726102,0.641736,-0.611611,0.722322,0.629009,0.52832,-0.504442,0.418325,0.833622,0.215015,0.322649,0.250582,-0.095248,0.629645,0.854917,-0.910631,0.430801,0.621794;-9.88577,10.5197,-1.0603,9.90302
142;-0.938594,0.475914,-0.206163,-0.92124,-0.597649,0.942363,-0.443219,-0.85105,0.353414,-0.698436,0.836739,-0.567055,-0.118765,-0.36433,-0.0581288,0.794453,0.405634,0.515806,0.828313,0.370096,0.457192,0.236087,-0.790123,0.0403596,0.780378;-4.10036,10.8095,-1.854,13.0232
143;-0.908316,0.254495,-0.233078,-0.879495,-0.50858,0.95151,-0.612657,-0.877848,0.196308,-0.8928,0.477058,-0.818518,-0.524676,-0.662671,-0.151772,0.762162,0.423122,0.515806,0.822265,-0.719188,0.606159,-0.404279,-0.68275,-0.254562,0.0100481;-1.16793,7.57832,-4.15074,5.78344
144;-0.71049,0.02341,-0.249061,-0.872666,-0.695896,0.592625,-0.340591,-0.934383,0.685953,-0.931429,0.85029,-0.609113,-0.393985,-0.0532501,0.539626,0.903143,-0.0883972,0.0657486,0.82401,-0.381975,0.94161,-0.351195,-0.966091,-0.575144,-0.280266;-7.72024,7.60076,-1.13536,11.3101
145;0.468177,-0.00328679,0.262664,-0.803662,-0.0212617,0.814929,-0.0586679,-0.790746,0.820979,-0.975242,0.956253,-0.681205,-0.528201,0.621478,-0.315439,0.731963,-0.212754,0.204012,0.837478,0.890176,0.980327,-0.707582,-0.986112,-0.702725,-0.332068;-2.00638,1.21189,7.46324,14.1087
146;0.456459,-0.0871973,0.0517063,-0.478141,0.917563,0.795835,0.108432,-0.799406,0.828384,-0.951744,0.951605,-0.0786145,-0.373235,0.6806,-0.654369,0.86753,-0.113876,0.204012,0.824696,0.378158,0.990752,0.0749093,-0.987508,-0.780175,-0.566454;-5.43742,-2.69945,7.74177,7.2412
147;-0.666196,-0.138514,0.0639878,-0.350431,0.978439,0.988457,0.575948,-0.786182,0.767598,-0.875999,0.384752,0.63451,0.257714,-0.59339,-0.393522,0.832844,0.388825,0.322649,0.320808,-0.397934,0.92543,0.911965,-0.924791,0.0541337,0.138723;-8.33406,2.80024,0.554878,3.97278
148;-0.950567,0.389128,-0.0295506,-0.952895,-0.0391418,0.954525,0.225193,-0.726101,0.641734,-0.611614,0.722318,0.629012,0.528318,-0.504441,0.418322,0.833621,0.215016,0.322649,0.250579,-0.0952622,0.629647,0.854917,-0.910627,0.430801,0.621793;-9.88576,10.5197,-1.06031,9.9029
149;-0.938594,0.475914,-0.206163,-0.92124,-0.597649,0.942363,-0.443215,-0.85105,0.353415,-0.698435,0.83674,-0.567053,-0.118766,-0.36433,-0.0581292,0.794453,0.405634,0.515806,0.828312,0.370096,0.457194,0.236083,-0.790124,0.0403595,0.780378;-4.10035,10.8095,-1.85398,13.0233
150;-0.908316,0.254495,-0.233077,-0.879495,-0.50858,0.95151,-0.612658,-0.877847,0.196308,-0.8928,0.477059,-0.818518,-0.524674,-0.662672,-0.151772,0.762162,0.423122,0.515806,0.822265,-0.719188,0.606159,-0.404278,-0.682751,-0.254563,0.0100501;-1.16793,7.57833,-4.15074,5.78343
151;-0.71049,0.0234089,-0.249061,-0.872666,-0.695896,0.592625,-0.340591,-0.934383,0.685953,-0.931429,0.85029,-0.609113,-0.393986,-0.0532503,0.539626,0.903143,-0.0883973,0.0657486,0.82401,-0.381975,0.941609,-0.351195,-0.966091,-0.575144,-0.280266;-7.72024,7.60076,-1.13536,11.3101
152;0.468177,-0.00328666,0.262664,-0.803662,-0.0212619,0.81493,-0.0586664,-0.790745,0.820979,-0.975243,0.956253,-0.681205,-0.528201,0.621478,-0.315439,0.731963,-0.212754,0.204012,0.837478,0.890176,0.980327,-0.707582,-0.986112,-0.702725,-0.332067;-2.00638,1.21189,7.46324,14.1087
153;0.456459,-0.0871973,0.0517064,-0.478141,0.917563,0.795835,0.108432,-0.799407,0.828384,-0.951744,0.951605,-0.0786145,-0.373235,0.6806,-0.654369,0.86753,-0.113876,0.204012,0.824696,0.378158,0.990752,0.074909,-0.987508,-0.780175,-0.566454;-5.43741,-2.69945,7.74177,7.2412
154;-0.666196,-0.138514,0.0639878,-0.350431,0.978439,0.988457,0.575948,-0.786182,0.767598,-0.875999,0.384752,0.63451,0.257714,-0.59339,-0.393522,0.832844,0.388825,0.322649,0.320809,-0.397934,0.92543,0.911965,-0.924791,0.0541336,0.138723;-8.33406,2.80024,0.554878,3.97278
155;-0.950567,0.389128,-0.0295506,-0.952895,-0.0391418,0.954525,0.225193,-0.726101,0.641734,-0.611614,0.722318,0.629013,0.528318,-0.504441,0.418322,0.833621,0.215016,0.322649,0.250579,-0.0952622,0.629647,0.854917,-0.910627,0.430801,0.621792;-9.88576,10.5197,-1.06031,9.9029
156;-0.938594,0.475914,-0.206163,-0.92124,-0.597649,0.942363,-0.443215,-0.85105,0.353415,-0.698435,0.83674,-0.567053,-0.118766,-0.36433,-0.0581292,0.794453,0.405634,0.515806,0.828312,0.370096,0.457194,0.236083,-0.790124,0.0403595,0.780378;-4.10035,10.8095,-1.85398,13.0233
157;-0.732839,-0.0197573,0.204314,-0.896425,-0.587351,0.853743,-0.426896,-0.953114,0.588771,-0.877869,0.783037,-0.814151,-0.391602,-0.199172,0.324801,0.790268,0.440177,0.442879,0.859989,-0.30441,0.833411,-0.180782,-0.880065,-0.486736,0.240004;-4.21982,8.77738,-0.0610368,11.9002
158;-0.735333,-0.599496,0.620391,-0.911751,0.232395,0.929374,-0.24547,-0.970794,0.61197,-0.725272,0.84125,-0.908168,-0.294538,-0.301413,0.309719,0.829067,-0.0603627,0.378592,0.819502,0.202999,0.777272,-0.613107,-0.888414,-0.448117,-0.303051;-0.775277,5.16434,0.424079,9.89731
159;0.174196,-0.447993,0.604041,-0.974831,0.102605,0.91239,0.359093,-0.708431,0.868303,-0.802735,0.928844,-0.728717,-0.491102,0.28916,-0.127955,0.768196,-0.28683,0.492599,0.837295,0.574365,0.86318,-0.0884551,-0.86837,-0.733227,-0.279234;-0.605815,3.08367,5.19762,12.0502
160;0.381303,-0.585113,0.612506,-0.907542,0.896156,0.918891,0.404829,-0.79422,0.871652,-0.339866,0.917443,-0.619188,-0.117791,0.212043,-0.483906,0.673546,-0.20324,0.492599,0.848242,0.389689,0.958834,-0.204151,-0.894646,-0.592014,-0.400557;0.534769,0.375112,7.23198,6.34317
161;-0.62821,-0.155531,-0.454244,-0.727513,0.79583,0.911536,0.754744,-0.124228,0.861333,-0.530182,0.659011,-0.163884,0.00522026,-0.253549,-0.495076,0.940925,0.491737,0.515806,0.819589,-0.764054,0.764321,0.92126,-0.909589,-0.44157,0.679311;-6.41182,4.25377,-1.49298,5.79204
162;-0.940306,-0.0575298,-0.446985,-0.792171,-0.0833706,0.924891,-0.0848274,-0.5993,0.492351,-0.196169,0.390775,0.494847,0.24288,-0.59268,-0.224013,0.251101,0.436731,0.515806,0.78091,-0.755164,0.851958,0.863518,-0.850303,0.0724876,0.76885;-7.60193,7.38704,-1.60383,0.579171
163;-0.874861,0.234632,-0.29384,-0.840633,-0.818206,-0.306739,-0.315365,-0.692402,0.772358,-0.85148,0.871532,-0.643772,-0.0504978,-0.0270649,0.505221,0.796783,-0.0779225,0.0657486,0.806475,0.330795,0.730682,0.142342,-0.982626,-0.0391821,0.642923;-9.67167,11.2124,-0.950078,16.8988
164;0.85761,0.33651,0.304464,-0.346763,-0.202801,0.797129,-0.356368,-0.833696,0.744806,-0.974784,0.933149,-0.660583,-0.515474,0.618445,-0.331296,0.617663,-0.208983,0.204012,0.831653,0.696729,0.974423,-0.774405,-0.975305,-0.560027,-0.505988;-2.20198,1.60235,8.59047,12.9522
165;0.459132,0.00668223,0.0814525,-0.462518,0.949798,0.738774,-0.309568,-0.885433,0.523069,-0.974761,0.953551,-0.267539,-0.536043,0.68458,-0.653194,0.883833,-0.114327,0.204012,0.715115,0.300227,0.989583,-0.177379,-0.987304,-0.792562,-0.756902;-3.61969,-3.48231,6.47217,5.43638
166;-0.595527,-0.146516,0.000123188,-0.227685,0.979157,0.989145,0.501155,-0.823358,0.729316,-0.950743,0.50956,0.617338,-0.0261536,-0.642455,-0.395794,0.85804,0.389334,0.322649,0.312386,-0.498009,0.935863,0.919057,-0.924558,-0.0682842,-0.0248545;-8.28698,2.11524,0.235357,4.06424
167;-0.950087,0.318561,-0.0367579,-0.957744,-0.0123128,0.969986,0.269411,-0.753183,0.591613,-0.662554,0.737167,0.652176,0.489918,-0.574591,0.445314,0.822546,0.207952,0.322649,0.180489,-0.00875049,0.751817,0.874328,-0.913049,0.433603,0.593595;-9.47377,10.3089,-1.35423,10.2001
168;-0.940133,0.477342,-0.221151,-0.932409,-0.646085,0.945937,-0.341631,-0.846231,0.407815,-0.673001,0.880121,-0.533734,-0.0884394,-0.38621,-0.0107512,0.798833,0.396764,0.515806,0.829222,0.421474,0.499628,0.27769,-0.845462,0.0497712,0.782272;-4.47508,11.2406,-1.70115,14.0342
169;-0.909059,0.26029,-0.212439,-0.888671,-0.523947,0.956089,-0.616742,-0.878214,0.206271,-0.882005,0.495269,-0.837934,-0.471761,-0.668448,-0.137284,0.754634,0.420412,0.515806,0.82442,-0.680245,0.609414,-0.435294,-0.712721,-0.235563,0.0607018;-1.1286,7.93504,-4.10035,6.09019
170;-0.707349,0.0359273,-0.24385,-0.875237,-0.701801,0.600904,-0.349605,-0.935403,0.687494,-0.936599,0.850249,-0.623989,-0.396375,-0.0485598,0.542389,0.906769,-0.089261,0.0657486,0.825767,-0.394226,0.938197,-0.359267,-0.966389,-0.585141,-0.294588;-7.72754,7.60599,-1.14583,11.2984
171;0.467585,-0.00987904,0.264256,-0.804331,-0.0113502,0.816651,-0.0709063,-0.796714,0.818357,-0.975762,0.955938,-0.681733,-0.532692,0.623314,-0.318292,0.7346,-0.212079,0.204012,0.837937,0.889679,0.980583,-0.711475,-0.985982,-0.704704,-0.34787;-1.96803,1.13476,7.49219,14.0222
172;0.45478,-0.0884926,0.0488349,-0.478979,0.918055,0.796772,0.116235,-0.797387,0.83012,-0.95304,0.951813,-0.0750477,-0.380516,0.68066,-0.655078,0.86893,-0.113603,0.204012,0.824824,0.37817,0.990715,0.0877487,-0.987517,-0.780914,-0.561925;-5.49842,-2.698,7.72037,7.28212
173;-0.667542,-0.138992,0.0641874,-0.350729,0.978419,0.988513,0.5773,-0.786179,0.768229,-0.873894,0.383876,0.636606,0.262759,-0.594005,-0.393556,0.831565,0.388833,0.322649,0.321259,-0.396142,0.926736,0.912095,-0.924784,0.0603514,0.142281;-8.33855,2.81983,0.565553,3.96909
174;-0.950645,0.392602,-0.0294299,-0.952984,-0.0417688,0.954283,0.22475,-0.724998,0.642085,-0.610633,0.722477,0.627769,0.528994,-0.50393,0.418665,0.833679,0.214927,0.322649,0.250747,-0.097975,0.626029,0.854766,-0.910934,0.430853,0.622989;-9.89518,10.5362,-1.07,9.9048
175;-0.938503,0.475941,-0.205493,-0.921064,-0.59733,0.942339,-0.447033,-0.85171,0.35103,-0.698883,0.835854,-0.568547,-0.119069,-0.364249,-0.058474,0.794211,0.405698,0.515806,0.828329,0.369066,0.457157,0.232889,-0.788245,0.0402863,0.779612;-4.08005,10.8032,-1.85888,12.9944
176;-0.908232,0.25445,-0.233565,-0.879352,-0.508578,0.951394,-0.612574,-0.877765,0.196142,-0.893235,0.477245,-0.818482,-0.526589,-0.662672,-0.151826,0.762624,0.423132,0.515806,0.822231,-0.719878,0.605111,-0.404376,-0.682724,-0.256014,0.00832669;-1.16617,7.56966,-4.1545,5.78479
177;-0.710452,0.0224527,-0.24909,-0.87262,-0.695702,0.593122,-0.340356,-0.934426,0.685916,-0.931412,0.850107,-0.6088,-0.393936,-0.0536192,0.539626,0.903047,-0.0883973,0.0657486,0.823983,-0.381115,0.94184,-0.351094,-0.965995,-0.575176,-0.280051;-7.71708,7.60002,-1.13511,11.3108
178;0.361401,-0.317007,0.60746,-0.858811,0.49647,0.920482,-0.486467,-0.916144,0.678234,-0.926386,0.949358,-0.861474,-0.453134,0.247206,-0.227353,0.52373,-0.649183,0.128804,0.796696,0.859182,0.943435,-0.884085,-0.964162,-0.551575,-0.700843;-1.5841,0.429086,5.53012,8.39547
179;0.700554,-0.30294,0.362042,-0.828101,0.909673,0.858993,0.377167,-0.848607,0.86669,-0.94476,0.951598,-0.257412,-0.529854,0.504502,-0.409365,0.883029,-0.622178,0.128804,0.793654,0.142771,0.977797,0.239277,-0.964316,-0.70622,-0.862747;-7.05923,-0.949785,6.43479,5.48798
180;-0.297928,-0.228036,-0.278917,-0.525594,0.946853,0.970919,0.864906,-0.741556,0.828388,-0.668479,0.709589,0.365692,-0.0139576,-0.0373095,-0.629481,0.912796,0.524424,0.515806,0.803342,-0.452529,0.977334,0.926911,-0.913993,-0.253111,0.51841;-6.82584,2.23757,3.39427,5.66043
181;-0.965544,0.0665862,-0.480396,-0.828318,0.383628,0.941948,0.0456824,-0.636602,0.414662,-0.0769887,0.680279,0.240012,0.313311,-0.558275,-0.357592,0.693806,0.462724,0.515806,0.729061,-0.508212,0.643083,0.911733,-0.913888,0.0752182,0.843031;-6.67984,7.72019,-2.50909,2.45981
182;-0.860107,0.00322763,-0.0187511,-0.917155,-0.74545,0.565786,-0.298148,-0.755823,0.725453,-0.740382,0.830099,-0.606952,-0.0745773,-0.239529,0.436722,0.578224,0.416312,0.442879,0.844778,-0.0480414,0.549048,0.770047,-0.926357,-0.200738,0.905824;-8.32339,11.9067,-1.05525,13.8717
183;-0.195231,-0.308651,0.725932,-0.946334,-0.105416,0.85799,-0.664541,-0.897737,0.569428,-0.831872,0.88217,-0.914714,-0.518317,-0.0341759,-0.168879,0.248282,-0.278249,0.492599,0.838261,0.667308,0.761497,-0.883069,-0.766625,-0.257705,-0.673011;2.37317,2.19683,4.5846,8.55164
184;0.465991,-0.342234,0.609574,-0.946666,0.429818,0.767211,0.256077,-0.831445,0.834558,-0.887743,0.919848,-0.780359,-0.67944,0.201487,-0.299887,0.787972,-0.24946,0.492599,0.843383,-0.0790998,0.935612,-0.470566,-0.862925,-0.788265,-0.870777;0.151044,0.604686,6.25044,7.89447
185;0.462182,-0.608475,0.5564,-0.914395,0.925484,0.925619,0.29683,-0.849088,0.839297,-0.435018,0.930817,-0.439888,-0.187521,0.208681,-0.437211,0.720329,-0.215872,0.492599,0.84344,0.248296,0.965281,0.216977,-0.912872,-0.699548,-0.523527;-1.55393,0.622635,7.01663,4.8984
186;-0.660275,-0.22386,-0.464533,-0.736772,0.828711,0.927318,0.790337,-0.194346,0.86863,-0.627065,0.677183,-0.097496,-0.0695474,-0.293279,-0.493358,0.939125,0.491353,0.515806,0.820932,-0.597481,0.80808,0.928066,-0.91111,-0.263224,0.728622;-6.52167,4.323,-1.09142,7.04735
187;-0.944446,0.0599443,-0.452257,-0.82422,-0.152007,0.937882,0.0494713,-0.615538,0.538051,-0.158232,0.437367,0.537681,0.265959,-0.599763,-0.198342,0.287326,0.431873,0.515806,0.783065,-0.772653,0.871942,0.876765,-0.866164,0.0757758,0.763924;-8.17172,7.91867,-1.42843,1.4549
188;-0.87963,0.23668,-0.270834,-0.852958,-0.81386,-0.228614,-0.452789,-0.731381,0.74225,-0.80958,0.875617,-0.703958,0.042549,-0.0368509,0.50878,0.799064,-0.0789834,0.0657486,0.813085,0.393708,0.699385,0.0807051,-0.983549,-0.0327545,0.664613;-9.21897,11.5916,-0.970223,16.4722
189;0.84536,0.340263,0.298474,-0.408235,-0.214915,0.792675,-0.375987,-0.822569,0.748141,-0.981603,0.931786,-0.699442,-0.581972,0.618485,-0.325391,0.647193,-0.210393,0.204012,0.833917,0.675933,0.965274,-0.771085,-0.973112,-0.580237,-0.503628;-2.29516,1.75032,8.40083,13.1763
190;0.474398,-0.00664484,0.0849701,-0.456883,0.950668,0.753107,-0.309568,-0.88728,0.552368,-0.975738,0.952352,-0.261652,-0.545666,0.683914,-0.65321,0.880843,-0.114321,0.204012,0.732641,0.284158,0.991012,-0.19366,-0.986983,-0.791962,-0.75502;-3.68889,-3.46704,6.69381,5.47486
191;-0.604804,-0.146129,0.00530195,-0.250714,0.979585,0.989049,0.513899,-0.819668,0.732491,-0.950706,0.496435,0.617346,-0.0261536,-0.635858,-0.395414,0.859264,0.389249,0.322649,0.309336,-0.493813,0.936788,0.919122,-0.924843,-0.0761533,-0.0201623;-8.30402,2.08423,0.225225,4.11536
192;-0.950069,0.31389,-0.0362777,-0.957108,-0.0126919,0.968957,0.269015,-0.753372,0.601974,-0.654435,0.738244,0.65429,0.496603,-0.568245,0.44173,0.823316,0.208903,0.322649,0.193803,-0.00395865,0.75532,0.872566,-0.913261,0.433629,0.594782;-9.51374,10.3261,-1.2425,10.2133
193;-0.940252,0.477355,-0.219251,-0.931992,-0.641957,0.945749,-0.340828,-0.842949,0.410276,-0.673389,0.877311,-0.539695,-0.0887118,-0.383744,-0.0150422,0.799047,0.39757,0.515806,0.829103,0.419645,0.489047,0.277832,-0.846833,0.048917,0.786602;-4.46758,11.2199,-1.71505,14.0347
194;-0.908829,0.259765,-0.21296,-0.887931,-0.522075,0.955796,-0.617081,-0.878427,0.205663,-0.882164,0.489221,-0.835865,-0.471329,-0.666818,-0.13892,0.754432,0.420717,0.515806,0.82434,-0.686128,0.612806,-0.43225,-0.705476,-0.235498,0.0568228;-1.12699,7.90346,-4.08806,6.01377
195;-0.707779,0.0359704,-0.244381,-0.874917,-0.700916,0.595704,-0.3492,-0.934981,0.687376,-0.935576,0.850893,-0.623032,-0.396574,-0.0462535,0.541611,0.906707,-0.0890173,0.0657486,0.825626,-0.394235,0.937463,-0.36032,-0.966696,-0.584168,-0.293454;-7.72211,7.59354,-1.13518,11.3015
196;0.470589,-0.0092372,0.264037,-0.802041,-0.00938841,0.816789,-0.0716902,-0.796439,0.818237,-0.975757,0.955896,-0.681652,-0.532491,0.622957,-0.319693,0.73423,-0.211747,0.204012,0.83788,0.889485,0.980568,-0.710702,-0.985953,-0.704962,-0.346532;-1.96913,1.13168,7.49877,14.0131
197;0.454343,-0.0886611,0.0483398,-0.479206,0.918364,0.796581,0.115145,-0.797593,0.829408,-0.95312,0.951807,-0.0731279,-0.38098,0.680595,-0.65494,0.868832,-0.113656,0.204012,0.824385,0.376901,0.990711,0.0902987,-0.987516,-0.780768,-0.562485;-5.51033,-2.69911,7.71571,7.26461
198;-0.667797,-0.138897,0.0639826,-0.350496,0.978397,0.988511,0.5775,-0.786148,0.76836,-0.874191,0.38436,0.636698,0.262055,-0.594298,-0.393518,0.831463,0.388825,0.322649,0.321381,-0.394572,0.926781,0.912164,-0.924783,0.0615858,0.143444;-8.34024,2.82328,0.566698,3.98454
199;-0.950647,0.393291,-0.0294006,-0.953017,-0.0423553,0.95436,0.224786,-0.725165,0.641944,-0.610488,0.72242,0.627948,0.529093,-0.504138,0.418828,0.833612,0.214885,0.322649,0.250616,-0.0987623,0.626487,0.854838,-0.910944,0.43088,0.62272;-9.89802,10.5391,-1.0715,9.90156
200;-0.938513,0.475954,-0.205382,-0.92111,-0.597497,0.942315,-0.44775,-0.851847,0.350575,-0.698869,0.836006,-0.569085,-0.119044,-0.364252,-0.0583338,0.794265,0.405672,0.515806,0.828335,0.36941,0.456909,0.232122,-0.788484,0.0403212,0.779518;-4.07573,10.8044,-1.86081,12.995
201;-0.908189,0.254471,-0.233606,-0.879313,-0.50856,0.951418,-0.612574,-0.877788,0.196173,-0.893459,0.477163,-0.818575,-0.526948,-0.662758,-0.151824,0.762708,0.423132,0.515806,0.82224,-0.720019,0.605141,-0.404483,-0.682542,-0.256362,0.00805777;-1.16563,7.56823,-4.15481,5.78521
202;-0.710446,0.0222232,-0.249089,-0.872657,-0.6957,0.593154,-0.34028,-0.934444,0.685892,-0.931383,0.850112,-0.608666,-0.393937,-0.0535927,0.539667,0.903042,-0.0884102,0.0657486,0.823975,-0.380958,0.941877,-0.351116,-0.965997,-0.575211,-0.280219;-7.71616,7.59916,-1.13457,11.3107
203;0.467707,-0.00333065,0.262609,-0.80393,-0.0216432,0.814801,-0.0571987,-0.790312,0.821293,-0.975219,0.956273,-0.681169,-0.528046,0.621508,-0.31523,0.73197,-0.212803,0.204012,0.837476,0.890284,0.98032,-0.707507,-0.986122,-0.702705,-0.331228;-2.00742,1.21397,7.46084,14.1161
204;0.456584,-0.0871846,0.0518558,-0.477983,0.917505,0.795845,0.108519,-0.799386,0.828462,-0.951586,0.951587,-0.0785701,-0.372358,0.680633,-0.65438,0.867442,-0.113871,0.204012,0.824747,0.378236,0.990757,0.0744194,-0.987508,-0.780161,-0.566398;-5.43489,-2.69864,7.74365,7.23917
205;-0.666213,-0.138504,0.0640159,-0.350426,0.978442,0.988453,0.575882,-0.786132,0.767547,-0.875976,0.384699,0.6344,0.257771,-0.593323,-0.39354,0.832884,0.388829,0.322649,0.320724,-0.397928,0.925304,0.91195,-0.924792,0.0538964,0.138775;-8.33307,2.7998,0.554028,3.97224
206;-0.950563,0.388996,-0.0295608,-0.952883,-0.0390611,0.954518,0.225167,-0.726096,0.641726,-0.611663,0.722314,0.629028,0.528285,-0.504425,0.418285,0.833618,0.215025,0.322649,0.250577,-0.0952284,0.629643,0.85491,-0.910597,0.430795,0.621799;-9.88525,10.519,-1.06016,9.90247
207;-0.938596,0.475911,-0.206183,-0.921236,-0.597638,0.942365,-0.443069,-0.851025,0.353499,-0.698432,0.83674,-0.566971,-0.118784,-0.364335,-0.0581402,0.794448,0.405636,0.515806,0.82831,0.370072,0.457226,0.236182,-0.790122,0.0403559,0.780394;-4.101,10.8094,-1.85368,13.0237
208;-0.908321,0.254493,-0.233065,-0.879502,-0.508587,0.951509,-0.612657,-0.877846,0.196307,-0.892765,0.477068,-0.818509,-0.5246,-0.662662,-0.151769,0.762147,0.423122,0.515806,0.822264,-0.719161,0.60618,-0.404265,-0.682774,-0.254519,0.0101014;-1.168,7.57862,-4.15066,5.78335
209;-0.710491,0.0234384,-0.24906,-0.872663,-0.695899,0.592615,-0.340604,-0.93438,0.685957,-0.931433,0.850294,-0.609137,-0.393985,-0.0532492,0.539622,0.903145,-0.0883959,0.0657486,0.824012,-0.381993,0.941601,-0.351198,-0.966093,-0.57514,-0.280246;-7.72032,7.60087,-1.13542,11.3101
210;0.468189,-0.00328393,0.262665,-0.803659,-0.0212604,0.814933,-0.0587026,-0.790757,0.82097,-0.975243,0.956252,-0.681203,-0.528208,0.621478,-0.315439,0.731962,-0.212753,0.204012,0.837477,0.890169,0.980327,-0.707583,-0.986112,-0.702725,-0.332099;-2.00637,1.21184,7.4633,14.1085
211;0.456456,-0.0871977,0.0517044,-0.478144,0.917565,0.795835,0.108429,-0.799408,0.828383,-0.951748,0.951605,-0.0786229,-0.373256,0.6806,-0.654369,0.867532,-0.113876,0.204012,0.824696,0.378164,0.990752,0.0749106,-0.987508,-0.780175,-0.566455;-5.43742,-2.69947,7.74174,7.24131
212;-0.666195,-0.138514,0.0639871,-0.350431,0.978439,0.988457,0.57595,-0.786183,0.767599,-0.876,0.384753,0.634513,0.257712,-0.593391,-0.393521,0.832844,0.388825,0.322649,0.32081,-0.39794,0.925433,0.911965,-0.924791,0.0541343,0.138717;-8.33409,2.80023,0.554893,3.97276
213;-0.950567,0.389129,-0.0295503,-0.952895,-0.0391415,0.954525,0.225193,-0.726102,0.641734,-0.611613,0.722319,0.629012,0.528319,-0.504442,0.418323,0.833621,0.215016,0.322649,0.25058,-0.0952595,0.629647,0.854917,-0.910628,0.430801,0.621793;-9.88576,10.5197,-1.06031,9.90292
214;-0.938594,0.475914,-0.206163,-0.92124,-0.59765,0.942363,-0.443216,-0.85105,0.353415,-0.698435,0.83674,-0.567054,-0.118766,-0.36433,-0.058129,0.794453,0.405634,0.515806,0.828312,0.370097,0.457193,0.236084,-0.790125,0.0403595,0.780378;-4.10036,10.8095,-1.85399,13.0233
215;-0.908316,0.254495,-0.233077,-0.879495,-0.50858,0.95151,-0.612658,-0.877847,0.196308,-0.8928,0.477058,-0.818518,-0.524674,-0.662672,-0.151772,0.762162,0.423122,0.515806,0.822265,-0.719188,0.60616,-0.404278,-0.68275,-0.254563,0.0100497;-1.16793,7.57832,-4.15074,5.78343
216;-0.71049,0.0234091,-0.249061,-0.872666,-0.695896,0.592624,-0.340591,-0.934383,0.685953,-0.931429,0.85029,-0.609113,-0.393986,-0.05325,0.539626,0.903144,-0.0883973,0.0657486,0.82401,-0.381975,0.941609,-0.351195,-0.966091,-0.575144,-0.280266;-7.72024,7.60076,-1.13536,11.3101
217;0.468177,-0.0032867,0.262664,-0.803662,-0.0212616,0.81493,-0.0586667,-0.790745,0.820979,-0.975243,0.956253,-0.681205,-0.528201,0.621478,-0.315439,0.731963,-0.212754,0.204012,0.837478,0.890176,0.980327,-0.707582,-0.986112,-0.702725,-0.332067;-2.00638,1.21189,7.46324,14.1087
218;0.456459,-0.0871973,0.0517064,-0.478141,0.917563,0.795835,0.108432,-0.799406,0.828384,-0.951744,0.951605,-0.0786142,-0.373235,0.6806,-0.654369,0.86753,-0.113876,0.204012,0.824696,0.378158,0.990752,0.0749094,-0.987508,-0.780175,-0.566454;-5.43742,-2.69945,7.74177,7.2412
219;-0.666196,-0.138514,0.0639878,-0.350431,0.978439,0.988457,0.575948,-0.786182,0.767598,-0.875999,0.384752,0.63451,0.257714,-0.59339,-0.393522,0.832844,0.388825,0.322649,0.320809,-0.397934,0.92543,0.911965,-0.924791,0.0541337,0.138723;-8.33406,2.80024,0.554878,3.97278
220;-0.950567,0.389128,-0.0295506,-0.952895,-0.0391419,0.954525,0.225193,-0.726101,0.641734,-0.611614,0.722318,0.629013,0.528318,-0.504441,0.418322,0.833621,0.215016,0.322649,0.250579,-0.0952623,0.629647,0.854917,-0.910627,0.430801,0.621792;-9.88576,10.5197,-1.06031,9.9029
221;-0.938594,0.475914,-0.206163,-0.92124,-0.597649,0.942363,-0.443215,-0.85105,0.353415,-0.698435,0.83674,-0.567053,-0.118766,-0.36433,-0.0581292,0.794453,0.405634,0.515806,0.828312,0.370096,0.457194,0.236083,-0.790124,0.0403595,0.780378;-4.10035,10.8095,-1.85398,13.0233
222;-0.908316,0.254495,-0.233077,-0.879495,-0.50858,0.95151,-0.612658,-0.877847,0.196308,-0.8928,0.477059,-0.818518,-0.524674,-0.662672,-0.151772,0.762162,0.423122,0.515806,0.822265,-0.719188,0.606159,-0.404278,-0.682751,-0.254563,0.0100501;-1.16793,7.57833,-4.15074,5.78343
223;-0.71049,0.0234089,-0.249061,-0.872666,-0.695896,0.592625,-0.340591,-0.934383,0.685953,-0.931429,0.85029,-0.609113,-0.393986,-0.0532503,0.539626,0.903143,-0.0883973,0.0657486,0.82401,-0.381975,0.941609,-0.351195,-0.966091,-0.575144,-0.280266;-7.72024,7.60076,-1.13536,11.3101
224;0.468177,-0.00328666,0.262664,-0.803662,-0.0212619,0.81493,-0.0586664,-0.790745,0.820979,-0.975243,0.956253,-0.681205,-0.528201,0.621478,-0.315439,0.731963,-0.212754,0.204012,0.837478,0.890176,0.980327,-0.707582,-0.986112,-0.702725,-0.332067;-2.00638,1.21189,7.46324,14.1087
225;0.456459,-0.0871973,0.0517064,-0.478141,0.917563,0.795835,0.108432,-0.799407,0.828384,-0.951744,0.951605,-0.0786145,-0.373235,0.6806,-0.654369,0.86753,-0.113876,0.204012,0.824696,0.378158,0.990752,0.074909,-0.987508,-0.780175,-0.566454;-5.43741,-2.69945,7.74177,7.2412
226;-0.666196,-0.138514,0.0639878,-0.350431,0.978439,0.988457,0.575948,-0.786182,0.767598,-0.875999,0.384752,0.63451,0.257714,-0.59339,-0.393522,0.832844,0.388825,0.322649,0.320809,-0.397934,0.92543,0.911965,-0.924791,0.0541336,0.138723;-8.33406,2.80024,0.554878,3.97278
227;-0.961751,0.26297,-0.407021,-0.946866,-0.490789,0.882776,0.158878,-0.771801,0.290452,-0.444016,0.873167,0.407487,0.123236,-0.14417,0.00196245,0.83815,0.394374,0.515806,0.676033,-0.246888,0.709954,0.88129,-0.901306,0.0679935,0.804204;-7.09608,9.7721,-1.79579,7.59311
228;-0.839562,-0.00153667,0.168199,-0.799413,-0.412142,0.846601,-0.29792,-0.903198,0.702171,-0.667332,0.873336,-0.840276,0.00376759,-0.322411,0.18592,0.677466,0.466532,0.442879,0.863936,0.523143,0.740853,-0.0191711,-0.938364,-0.21489,0.868335;-4.0342,10.1975,0.54737,15.8188
229;-0.742817,-0.472351,0.606987,-0.933494,-0.0560598,0.918552,-0.382461,-0.960903,0.549445,-0.685726,0.81477,-0.909613,-0.210891,-0.322987,0.383011,0.806074,-0.0788444,0.378592,0.799482,-0.197062,0.51326,-0.402796,-0.858305,-0.383214,-0.276061;-1.99868,7.02007,-0.984382,7.55304
230;0.205368,-0.413136,0.639736,-0.974153,0.0591219,0.899693,0.210323,-0.740346,0.847106,-0.842006,0.905196,-0.834596,-0.559767,0.276782,-0.113577,0.759981,-0.289811,0.492599,0.841148,0.595703,0.833776,-0.451481,-0.745523,-0.682345,-0.341403;1.09065,2.81256,5.76437,12.3379
231;0.425347,-0.562613,0.616622,-0.911688,0.897845,0.916866,0.386944,-0.799873,0.864863,-0.361318,0.915969,-0.636326,-0.217937,0.232467,-0.477469,0.703234,-0.205027,0.492599,0.848128,0.298681,0.954497,-0.271995,-0.886264,-0.694782,-0.510308;0.714467,-0.104775,7.28429,6.15393
232;-0.62207,-0.220873,-0.455558,-0.71661,0.822844,0.915974,0.747876,-0.159688,0.857516,-0.537741,0.658894,-0.147184,-0.00717967,-0.253,-0.505432,0.941823,0.494067,0.515806,0.820403,-0.733298,0.800695,0.921462,-0.908552,-0.467716,0.675438;-6.22252,4.01725,-1.32042,5.64161
233;-0.941755,-0.0746958,-0.452754,-0.799096,-0.0769788,0.924981,-0.00155237,-0.564301,0.525237,-0.202575,0.42194,0.493547,0.238394,-0.593808,-0.224365,0.272969,0.436798,0.515806,0.778348,-0.73917,0.84641,0.872318,-0.863601,0.0725853,0.786669;-7.60536,7.43325,-1.6199,1.12267
234;-0.874788,0.234693,-0.28972,-0.839697,-0.814202,-0.242708,-0.293004,-0.690183,0.77985,-0.827926,0.867713,-0.617561,0.0071975,-0.033986,0.505789,0.785585,-0.0780915,0.0657486,0.807921,0.316942,0.751834,0.169127,-0.982361,-0.0349126,0.661604;-9.82667,11.3425,-0.947766,16.5501
235;0.839573,0.339004,0.304836,-0.394006,-0.216601,0.786294,-0.366589,-0.827106,0.744519,-0.973453,0.93454,-0.670271,-0.503999,0.622135,-0.327122,0.619145,-0.20998,0.204012,0.83148,0.706986,0.970769,-0.773213,-0.976687,-0.551029,-0.487286;-2.2449,1.7771,8.53703,13.0082
236;0.47015,0.012615,0.0847134,-0.450466,0.948737,0.740701,-0.31218,-0.885788,0.545899,-0.975422,0.9531,-0.274164,-0.541074,0.684293,-0.654623,0.882902,-0.113778,0.204012,0.728667,0.288279,0.98952,-0.194192,-0.987177,-0.792347,-0.758811;-3.67084,-3.46175,6.63092,5.53203
237;-0.595496,-0.146377,0.00457901,-0.238764,0.979508,0.989117,0.495451,-0.825256,0.722881,-0.951016,0.49853,0.61697,-0.0279632,-0.637304,-0.39563,0.858927,0.389298,0.322649,0.305855,-0.503735,0.936382,0.918795,-0.924545,-0.0764101,-0.0365863;-8.25696,2.05506,0.214764,3.96246
238;-0.950067,0.313738,-0.0380244,-0.957132,-0.00640215,0.969109,0.269408,-0.753341,0.596646,-0.666215,0.740943,0.651508,0.486906,-0.571099,0.442517,0.824346,0.208695,0.322649,0.186903,-0.00215192,0.753341,0.872846,-0.913168,0.4335,0.594573;-9.48687,10.2851,-1.29988,10.2532
239;-0.940122,0.47729,-0.22163,-0.932118,-0.643282,0.946861,-0.33525,-0.845937,0.410463,-0.673081,0.878758,-0.52764,-0.0884416,-0.386885,-0.0131127,0.798433,0.397208,0.515806,0.829108,0.418407,0.502624,0.287006,-0.84606,0.0490528,0.782442;-4.52961,11.2293,-1.69337,14.0134
240;-0.90967,0.259849,-0.212621,-0.889163,-0.524634,0.955889,-0.616924,-0.878276,0.205941,-0.880523,0.496701,-0.837112,-0.468315,-0.667787,-0.136836,0.754348,0.420328,0.515806,0.824364,-0.678554,0.610072,-0.432958,-0.714745,-0.231283,0.0640278;-1.14002,7.95872,-4.10002,6.09281
241;-0.707359,0.0387457,-0.243751,-0.87496,-0.701817,0.601847,-0.349706,-0.935292,0.687886,-0.936921,0.850389,-0.625261,-0.396482,-0.0493964,0.542074,0.906746,-0.0891621,0.0657486,0.825861,-0.395802,0.937872,-0.359299,-0.966448,-0.584395,-0.292871;-7.73902,7.61707,-1.15229,11.3031
242;0.467212,-0.00938657,0.264327,-0.804922,-0.012235,0.816796,-0.0743429,-0.797761,0.817521,-0.975771,0.955908,-0.681519,-0.532743,0.623378,-0.317784,0.734608,-0.212199,0.204012,0.837888,0.889239,0.980599,-0.711444,-0.985969,-0.704712,-0.35044;-1.96939,1.13615,7.49271,14.0075
243;0.454736,-0.0884978,0.0488949,-0.479129,0.918015,0.796762,0.115739,-0.797551,0.830141,-0.9534,0.951861,-0.0767411,-0.382552,0.68055,-0.655103,0.869126,-0.113593,0.204012,0.824937,0.379202,0.990699,0.0865681,-0.987517,-0.780908,-0.562036;-5.49254,-2.70028,7.71953,7.29821
244;-0.667206,-0.138988,0.0642008,-0.350907,0.978418,0.988523,0.57742,-0.786301,0.768273,-0.87403,0.383821,0.636705,0.262438,-0.593996,-0.393493,0.831618,0.388819,0.322649,0.321339,-0.397399,0.927005,0.912092,-0.92478,0.0597799,0.141115;-8.34043,2.81711,0.566112,3.96229
245;-0.950648,0.392283,-0.0294216,-0.952991,-0.0414368,0.95428,0.224822,-0.725057,0.642161,-0.610544,0.722541,0.62778,0.529053,-0.503896,0.41866,0.833708,0.214929,0.322649,0.250847,-0.0973486,0.626214,0.854757,-0.910997,0.430851,0.622981;-9.89432,10.5351,-1.06818,9.90736
246;-0.938504,0.47594,-0.205556,-0.921066,-0.597296,0.942348,-0.44675,-0.851616,0.351261,-0.698879,0.835864,-0.568449,-0.11902,-0.364251,-0.0584965,0.79423,0.405703,0.515806,0.828331,0.369092,0.457043,0.233342,-0.788342,0.0402818,0.779737;-4.08237,10.8037,-1.85872,12.9961
247;-0.90824,0.254447,-0.233533,-0.879364,-0.508571,0.951397,-0.612577,-0.877773,0.196142,-0.893193,0.477157,-0.818446,-0.526448,-0.662652,-0.151824,0.762571,0.423132,0.515806,0.822231,-0.719864,0.605198,-0.404334,-0.68264,-0.255809,0.00841728;-1.16631,7.57006,-4.15398,5.78411
248;-0.71046,0.0225882,-0.249091,-0.872619,-0.695713,0.593015,-0.340372,-0.934416,0.685922,-0.931399,0.850123,-0.608826,-0.393938,-0.0535635,0.539617,0.903054,-0.0883943,0.0657486,0.823985,-0.381212,0.941815,-0.351133,-0.966003,-0.575162,-0.280053;-7.7174,7.60001,-1.13501,11.3108
249;0.361487,-0.316999,0.607462,-0.858774,0.496511,0.920486,-0.486603,-0.916162,0.678174,-0.92639,0.949356,-0.861478,-0.453142,0.247201,-0.227388,0.523724,-0.649178,0.128804,0.796696,0.859169,0.943435,-0.884087,-0.96416,-0.551588,-0.700884;-1.58394,0.428955,5.53021,8.39455
250;0.70055,-0.302948,0.362024,-0.828099,0.909684,0.85899,0.377157,-0.84861,0.866682,-0.944777,0.951599,-0.257391,-0.529922,0.50449,-0.409362,0.883033,-0.622178,0.128804,0.793646,0.142744,0.977796,0.239328,-0.964317,-0.706221,-0.862752;-7.05949,-0.949862,6.43463,5.48795
251;-0.297932,-0.228036,-0.278921,-0.525601,0.946851,0.97092,0.864911,-0.741559,0.828389,-0.668486,0.709593,0.365712,-0.0139651,-0.0373214,-0.629476,0.912794,0.524423,0.515806,0.803342,-0.45251,0.977337,0.926913,-0.913993,-0.253088,0.518416;-6.8259,2.23763,3.39431,5.6606
252;-0.893486,-0.210097,-0.0786647,-0.851875,0.283506,0.82662,0.293863,-0.848528,0.72501,-0.00797786,0.877235,0.252311,0.456825,-0.0346211,0.11533,0.728746,0.479034,0.442879,0.784227,0.031269,0.851008,0.945088,-0.970008,-0.19365,0.898867;-8.21856,7.60924,1.9201,8.49842
253;-0.83918,-0.172339,0.1038,-0.82142,-0.326443,0.69831,-0.0105664,-0.602318,0.819061,-0.637016,0.874121,-0.781719,0.0970523,0.0263037,0.113528,0.831365,0.479348,0.442879,0.848772,0.662032,0.203523,0.764928,-0.957789,-0.185136,0.945666;-5.74031,9.75565,0.208414,16.7782
254;-0.208791,0.248584,-0.0111947,-0.756801,-0.096985,0.762891,-0.441223,-0.556411,0.782484,-0.934587,0.851866,-0.460182,-0.34418,0.503766,-0.363035,0.777628,-0.201279,0.204012,0.82807,0.338113,0.900764,-0.361732,-0.898602,-0.318864,-0.142429;-4.62581,2.92169,3.96706,9.76848
255;0.417319,0.164216,0.0628968,-0.450231,0.716525,0.778382,-0.232813,-0.848937,0.735392,-0.97506,0.936424,0.0298939,-0.576644,0.625509,-0.606452,0.714902,-0.131348,0.204012,0.815505,0.164265,0.990131,-0.0885502,-0.984471,-0.705307,-0.506463;-6.30531,-2.17435,7.43091,6.3086
256;-0.667669,-0.0897955,0.095287,-0.377838,0.968575,0.983775,0.353273,-0.86407,0.662617,-0.94111,0.410752,0.503379,0.0270514,-0.603665,-0.361579,0.846203,0.381756,0.322649,0.305728,-0.29434,0.945854,0.852101,-0.924667,-0.0252267,-0.166852;-7.88348,2.01341,0.334985,4.50141
257;-0.944468,0.343838,-0.0464507,-0.952983,-0.0421772,0.960344,0.204315,-0.771137,0.631493,-0.747733,0.751029,0.619142,0.408174,-0.525511,0.424038,0.857604,0.213538,0.322649,0.265905,-0.0867829,0.726108,0.855667,-0.915309,0.40682,0.515365;-9.99343,10.2471,-1.03762,10.244
258;-0.938557,0.46359,-0.207263,-0.92768,-0.598062,0.955266,-0.336215,-0.872436,0.38575,-0.713305,0.85482,-0.504049,-0.133012,-0.385214,-0.0439169,0.800002,0.402978,0.515806,0.828329,0.398432,0.585381,0.248773,-0.835057,0.0407232,0.746382;-4.43085,10.7703,-1.57335,13.6146
259;-0.913514,0.254719,-0.22735,-0.89077,-0.521658,0.954951,-0.596614,-0.882576,0.211326,-0.877789,0.543834,-0.820288,-0.468837,-0.662056,-0.137945,0.767912,0.420535,0.515806,0.823511,-0.677529,0.634725,-0.39548,-0.766091,-0.248789,0.0506399;-1.3845,7.99783,-4.14368,6.21741
260;-0.702831,-0.207385,0.161301,-0.940238,-0.751284,0.715966,-0.102217,-0.948357,0.679273,-0.907704,0.828868,-0.729976,-0.477738,-0.121666,0.491746,0.790903,0.403299,0.442879,0.85516,-0.388231,0.933932,-0.254997,-0.924706,-0.685081,0.0126026;-3.74251,7.92793,0.474811,13.1737
261;-0.15208,-0.0756395,0.0657143,-0.85583,-0.15768,0.742388,-0.221557,-0.677959,0.832304,-0.942443,0.953325,-0.723358,-0.398926,0.50802,-0.273186,0.870673,-0.222575,0.204012,0.849166,0.872808,0.957871,-0.748124,-0.985817,-0.678281,-0.385012;-1.33551,1.9416,4.85147,13.7351
262;0.524528,-0.0711796,0.0866005,-0.492952,0.767769,0.842419,0.18948,-0.762306,0.857235,-0.966565,0.943957,-0.124517,-0.466131,0.629224,-0.608268,0.783983,-0.130718,0.204012,0.83444,0.333456,0.990311,-0.106856,-0.986716,-0.787766,-0.390946;-5.12929,-2.0796,7.65769,8.23505
263;0.167794,-0.142522,-0.13158,-0.487857,0.930761,0.80511,0.11497,-0.773028,0.754747,-0.916215,0.951369,0.548592,-0.216637,0.642273,-0.657354,0.812548,-0.112723,0.204012,0.755292,0.543107,0.988835,0.804675,-0.987845,-0.637499,-0.166468;-8.67082,-1.68037,6.70286,5.86968
264;-0.777315,-0.0452912,0.0473043,-0.35334,0.959201,0.987021,0.608625,-0.752784,0.787889,-0.874331,0.437736,0.63503,0.261942,-0.660375,-0.371394,0.762994,0.383912,0.322649,0.326021,0.0239369,0.90204,0.914835,-0.924408,0.387413,0.498468;-8.66847,4.0264,0.650686,7.41562
265;-0.949885,0.558432,-0.0211726,-0.958393,-0.244546,0.958001,0.115516,-0.763004,0.597627,-0.587215,0.705231,0.636351,0.544455,-0.523518,0.454977,0.821237,0.205367,0.322649,0.252212,-0.31679,0.63795,0.856746,-0.904962,0.431936,0.52258;-10.5158,11.3872,-1.45666,8.74984
266;-0.937865,0.476493,-0.166059,-0.92461,-0.61485,0.936645,-0.599063,-0.883011,0.235146,-0.754695,0.842421,-0.704822,-0.192925,-0.365738,-0.0452618,0.80658,0.403229,0.515806,0.829344,0.423236,0.405202,-0.0415949,-0.794382,0.0412464,0.741024;-2.67803,10.6006,-2.25559,13.1605
267;-0.897744,0.255042,-0.249647,-0.870289,-0.503249,0.956007,-0.593761,-0.889431,0.199097,-0.924643,0.461121,-0.814949,-0.59851,-0.673331,-0.150842,0.786457,0.422948,0.515806,0.822918,-0.762812,0.65845,-0.420298,-0.642631,-0.375834,-0.116827;-1.02383,7.01655,-4.13613,5.62974
268;-0.705736,-0.286012,0.154768,-0.942956,-0.745048,0.672647,-0.0814349,-0.947416,0.67067,-0.877188,0.834609,-0.703227,-0.47621,-0.0988409,0.497506,0.784613,0.401875,0.442879,0.851828,-0.312779,0.93968,-0.279186,-0.929301,-0.691427,-0.00558152;-3.27889,7.60641,0.698506,13.3426
269;-0.123102,-0.0797991,0.0626367,-0.83896,-0.141209,0.735124,-0.140005,-0.622126,0.851607,-0.940345,0.95395,-0.734319,-0.386741,0.501782,-0.287409,0.868989,-0.219303,0.204012,0.849619,0.880913,0.955916,-0.742904,-0.986038,-0.684577,-0.307499;-1.30141,2.01678,4.77876,14.0761
270;0.529031,-0.0753087,0.0861721,-0.47914,0.774809,0.841506,0.190638,-0.759964,0.854576,-0.959816,0.941098,-0.0621896,-0.420724,0.631698,-0.605603,0.767297,-0.131642,0.204012,0.831344,0.293917,0.991038,-0.084883,-0.986645,-0.786801,-0.394847;-5.29298,-2.1217,7.73233,7.67603
271;-0.679194,-0.142797,0.10304,-0.4158,0.976011,0.985186,0.579413,-0.792842,0.766886,-0.851779,0.364124,0.584996,0.3101,-0.574046,-0.365212,0.834523,0.382552,0.322649,0.321345,-0.345423,0.938935,0.872571,-0.924848,-0.023446,0.00318567;-7.99376,2.49772,0.686594,4.00478
272;-0.94777,0.344873,-0.029095,-0.951001,-0.0293147,0.949915,0.224102,-0.713753,0.671581,-0.609153,0.727454,0.609513,0.530048,-0.483299,0.40747,0.846011,0.217794,0.322649,0.286911,-0.047234,0.59094,0.850612,-0.91375,0.415086,0.619821;-9.80375,10.4586,-0.838961,10.1892
273;-0.937682,0.467859,-0.203179,-0.91813,-0.576472,0.944265,-0.400779,-0.839325,0.382358,-0.700982,0.814562,-0.555211,-0.119512,-0.35827,-0.0723669,0.791417,0.408292,0.515806,0.827956,0.349647,0.463226,0.25126,-0.769236,0.0382707,0.791272;-4.17276,10.6429,-1.71879,12.9767
274;-0.9099,0.253206,-0.232885,-0.880374,-0.504849,0.948418,-0.607027,-0.874651,0.199434,-0.876789,0.476443,-0.807912,-0.503022,-0.651122,-0.155774,0.759923,0.423872,0.515806,0.82166,-0.723526,0.604964,-0.39207,-0.687161,-0.247655,0.0162437;-1.21061,7.57615,-4.10003,5.65919
275;-0.704275,-0.20667,0.155206,-0.93819,-0.747295,0.664686,-0.103818,-0.944682,0.675204,-0.892066,0.822431,-0.720171,-0.483291,-0.0976349,0.486119,0.786812,0.404678,0.442879,0.853477,-0.399743,0.930749,-0.272515,-0.918536,-0.684201,0.0122674;-3.63793,7.74836,0.58888,13.0857
276;-0.113682,-0.0750624,0.0640085,-0.837418,-0.13734,0.732865,-0.231041,-0.669223,0.831504,-0.941821,0.953166,-0.727337,-0.399859,0.507092,-0.288157,0.868625,-0.21913,0.204012,0.848823,0.872845,0.956992,-0.747527,-0.985693,-0.682851,-0.371339;-1.28723,1.90536,4.9482,13.6672
277;0.528478,-0.0741768,0.0815716,-0.484995,0.780078,0.841378,0.185484,-0.76227,0.853218,-0.967266,0.943529,-0.100019,-0.471262,0.628623,-0.607873,0.780987,-0.130855,0.204012,0.831059,0.31455,0.990425,-0.0802727,-0.986684,-0.787656,-0.395101;-5.26605,-2.13581,7.64635,8.03756
278;0.16027,-0.142451,-0.135228,-0.486473,0.930869,0.803831,0.11914,-0.77218,0.753381,-0.916944,0.951726,0.556432,-0.219276,0.640241,-0.657123,0.810895,-0.112813,0.204012,0.753237,0.55871,0.988953,0.810253,-0.987849,-0.629768,-0.153412;-8.68809,-1.66909,6.68533,5.97407
279;-0.777948,-0.0402029,0.0470278,-0.353605,0.958423,0.987025,0.608851,-0.753097,0.787507,-0.873196,0.439328,0.635966,0.264632,-0.66169,-0.370208,0.761281,0.383651,0.322649,0.32528,0.0252259,0.902732,0.914893,-0.924432,0.389713,0.500262;-8.68353,4.04371,0.649644,7.43067
280;-0.949887,0.559476,-0.0210547,-0.958509,-0.247389,0.957995,0.108898,-0.764507,0.595153,-0.587064,0.705927,0.635128,0.544565,-0.524224,0.455682,0.821222,0.205177,0.322649,0.252361,-0.316203,0.635618,0.85673,-0.905134,0.431959,0.519959;-10.5116,11.4026,-1.46683,8.73219
281;-0.937783,0.476505,-0.165833,-0.924668,-0.615309,0.936746,-0.599838,-0.883206,0.234496,-0.758045,0.842131,-0.706807,-0.197339,-0.366614,-0.0447855,0.806985,0.40314,0.515806,0.829366,0.423481,0.403875,-0.0449261,-0.793194,0.0412387,0.740426;-2.66476,10.5948,-2.2628,13.1827
282;-0.897601,0.255037,-0.249655,-0.87052,-0.50367,0.956159,-0.592627,-0.889957,0.199163,-0.924567,0.460505,-0.814048,-0.598856,-0.673307,-0.150263,0.786591,0.42284,0.515806,0.822929,-0.763292,0.661584,-0.420943,-0.641557,-0.377223,-0.120783;-1.02019,7.00494,-4.1278,5.62472
283;-0.705898,-0.286853,0.154879,-0.94301,-0.744943,0.672148,-0.0813699,-0.947362,0.670787,-0.87659,0.835275,-0.703689,-0.475602,-0.0985479,0.497494,0.784751,0.401878,0.442879,0.851866,-0.310325,0.939553,-0.280047,-0.929887,-0.691591,-0.00475562;-3.27006,7.6071,0.701842,13.3557
284;-0.122517,-0.0799063,0.062633,-0.83875,-0.140961,0.735449,-0.13927,-0.621479,0.851805,-0.940417,0.953937,-0.734523,-0.386703,0.501622,-0.287591,0.869006,-0.219261,0.204012,0.849628,0.880839,0.955862,-0.74266,-0.986034,-0.684799,-0.306605;-1.30171,2.0183,4.77736,14.0782
285;0.528845,-0.0754544,0.0861487,-0.479265,0.774948,0.841507,0.190766,-0.759949,0.854555,-0.959749,0.941062,-0.0613208,-0.420305,0.631737,-0.605535,0.76711,-0.131665,0.204012,0.831305,0.293472,0.99105,-0.0845649,-0.986643,-0.786756,-0.394943;-5.29562,-2.12274,7.73286,7.66965
286;-0.679347,-0.142768,0.103003,-0.415753,0.976,0.985177,0.579526,-0.792771,0.766976,-0.851738,0.364162,0.585041,0.31018,-0.574047,-0.365235,0.834513,0.382557,0.322649,0.321413,-0.344698,0.93889,0.87261,-0.92485,-0.0232915,0.00365772;-7.99381,2.49875,0.6872,4.00974
287;-0.947771,0.344963,-0.0290757,-0.951001,-0.0294534,0.949919,0.224043,-0.713748,0.671549,-0.609073,0.727391,0.609523,0.530104,-0.483305,0.407471,0.845987,0.217794,0.322649,0.286885,-0.0473621,0.590908,0.850614,-0.91374,0.415101,0.619838;-9.80384,10.4592,-0.839303,10.1882
288;-0.937683,0.467867,-0.203153,-0.918129,-0.576487,0.944249,-0.400907,-0.839326,0.382296,-0.70101,0.814564,-0.555344,-0.119552,-0.358246,-0.0723628,0.791422,0.408292,0.515806,0.827956,0.349644,0.463143,0.251052,-0.769217,0.0382718,0.791272;-4.17165,10.6427,-1.71906,12.9766
289;-0.909889,0.253207,-0.232892,-0.88036,-0.504828,0.94842,-0.607024,-0.874657,0.199427,-0.876818,0.476403,-0.807908,-0.503089,-0.651126,-0.15579,0.759934,0.423875,0.515806,0.82166,-0.723581,0.604989,-0.392087,-0.687101,-0.24775,0.0161338;-1.21042,7.5755,-4.10001,5.65873
290;-0.704279,-0.20673,0.1552,-0.938192,-0.74729,0.664664,-0.103807,-0.944682,0.675198,-0.892051,0.822437,-0.720151,-0.483289,-0.0976224,0.486122,0.786811,0.404677,0.442879,0.853475,-0.399695,0.930752,-0.272512,-0.918541,-0.684205,0.012256;-3.63769,7.74818,0.588982,13.0857
291;-0.11367,-0.0750652,0.0640061,-0.837408,-0.137331,0.732865,-0.230977,-0.669186,0.831519,-0.94182,0.953167,-0.727342,-0.399853,0.507086,-0.288165,0.868623,-0.219129,0.204012,0.848823,0.87285,0.956991,-0.747522,-0.985693,-0.68285,-0.371284;-1.28723,1.90542,4.94813,13.6675
292;0.528478,-0.0741763,0.0815723,-0.484991,0.780079,0.841377,0.185485,-0.762268,0.853216,-0.967262,0.943527,-0.0999791,-0.471227,0.628625,-0.60787,0.780976,-0.130856,0.204012,0.831057,0.314524,0.990425,-0.0802608,-0.986684,-0.787655,-0.395103;-5.26616,-2.13581,7.64639,8.0372
293;0.160258,-0.142451,-0.135229,-0.486471,0.930868,0.803825,0.119137,-0.772179,0.753379,-0.916944,0.951726,0.556431,-0.219275,0.640242,-0.657124,0.810895,-0.112812,0.204012,0.753236,0.558735,0.988953,0.810253,-0.987849,-0.629765,-0.153396;-8.68806,-1.66908,6.68531,5.97422
294;-0.777946,-0.0402006,0.0470277,-0.353599,0.958422,0.987025,0.60885,-0.753097,0.787506,-0.873196,0.439328,0.635967,0.264631,-0.661691,-0.370209,0.76128,0.383651,0.322649,0.325278,0.0252206,0.902732,0.914893,-0.924431,0.389714,0.500261;-8.68353,4.0437,0.649635,7.43065
295;-0.949887,0.559476,-0.0210547,-0.958509,-0.247388,0.957995,0.108895,-0.764508,0.595149,-0.587064,0.705928,0.635128,0.544564,-0.524224,0.455683,0.821222,0.205177,0.322649,0.252358,-0.316203,0.635619,0.85673,-0.905134,0.431959,0.519957;-10.5116,11.4026,-1.46684,8.73217
296;-0.937783,0.476505,-0.165834,-0.924668,-0.615309,0.936746,-0.599838,-0.883206,0.234496,-0.758046,0.842132,-0.706807,-0.197341,-0.366616,-0.0447853,0.806985,0.40314,0.515806,0.829366,0.423482,0.403875,-0.0449245,-0.793195,0.0412386,0.740426;-2.66476,10.5948,-2.26281,13.1827
297;-0.70479,-0.0191778,0.187386,-0.888636,-0.583011,0.867128,-0.400828,-0.957929,0.590709,-0.913859,0.774691,-0.809584,-0.479461,-0.217545,0.326183,0.812117,0.439899,0.442879,0.860523,-0.390565,0.85965,-0.200137,-0.862397,-0.583864,0.112869;-4.17065,8.29219,-0.13159,11.6576
298;-0.741185,-0.638958,0.619964,-0.917382,0.250843,0.931663,-0.228854,-0.972225,0.60827,-0.700119,0.846464,-0.901975,-0.277946,-0.30484,0.32091,0.825003,-0.063121,0.378592,0.817963,0.27758,0.809949,-0.612698,-0.895789,-0.455601,-0.306775;-0.585078,5.07453,0.510919,10.1381
299;0.392382,-0.143485,0.66003,-0.867211,-0.0792193,0.816492,-0.222415,-0.796247,0.959348,-0.807876,0.900122,-0.246073,-0.259367,0.248606,-0.268308,0.832261,-0.723722,-0.431611,0.541822,0.207294,0.905962,-0.581254,-0.891833,-0.542653,-0.543829;-10.2046,3.90119,4.52112,5.29882
