0.213
0.203
0.220
0.197
0.267
0.237
0.217
0.310
0.273
0.253
0.250
0.273
0.280
0.293
0.280
0.287
0.287
0.320
0.293
0.280
0.260
0.287
0.287
0.300
0.290
0.310
0.290
0.300
0.313
0.320
0.300
0.303
0.317
0.297
0.333
0.333
0.373
0.330
0.330
0.313
0.293
0.303
0.353
0.347
0.320
0.323
0.350
0.330
0.317
0.317
0.310
0.327
0.303
0.300
0.317
0.327
0.310
0.320
0.337
0.337
0.330
0.350
0.333
0.277
0.323
0.317
0.357
0.330
0.317
0.323
0.350
0.313
0.333
0.297
0.307
0.310
0.367
0.310
0.313
0.320
0.327
0.327
0.357
0.330
0.360
0.310
0.327
0.337
0.323
0.327
0.330
0.337
0.310
0.303
0.300
0.310
0.303
0.310
0.317
0.317
0.290
0.313
0.313
0.313
0.333
0.337
0.347
0.303
0.330
0.320
0.337
0.350
0.327
0.310
0.320
0.333
0.317
0.330
0.323
0.323
0.333
0.310
0.350
0.327
0.337
0.300
0.317
0.347
0.330
0.343
0.350
0.330
0.343
0.327
0.300
0.330
0.317
0.343
0.350
0.320
0.330
0.320
0.323
0.337
0.303
0.293
0.333
0.333
0.310
0.317
0.327
0.303
0.323
0.327
0.347
0.320
0.353
0.310
0.317
0.310
0.297
0.317
0.313
0.300
0.307
0.310
0.320
0.323
0.297
0.317
0.330
0.340
0.290
0.347
0.347
0.313
0.353
0.347
0.320
0.330
0.320
0.313
0.323
0.307
0.317
0.330
0.333
0.333
0.310
0.300
0.320
0.333
0.297
0.313
0.300
0.310
0.330
0.327
0.357
0.327
0.323
0.330
0.307
0.313
0.330
0.327
0.310
0.323
0.317
0.307
0.323
0.327
0.300
0.327
0.320
0.350
0.323
0.337
0.310
0.303
0.343
0.333
0.330
0.320
0.323
0.323
0.333
0.333
0.350
0.337
0.313
0.320
0.350
0.343
0.343
0.327
0.313
0.340
0.313
0.343
0.327
0.303
0.323
0.317
0.323
0.330
0.353
0.313
0.313
0.310
0.323
0.313
0.320
0.333
0.320
0.323
0.323
0.333
0.323
0.337
0.337
0.313
0.313
0.323
0.353
0.307
0.320
0.323
0.323
0.327
0.340
0.337
0.317
0.320
0.313
0.320
0.347
0.320
0.320
0.283
0.313
0.337
0.317
0.317
0.333
0.307
0.323
0.320
0.320
0.340
0.330
0.313
0.360
0.333
0.330
0.353
0.373
0.293
0.327
0.333
0.327
0.323
0.317
0.320
0.320
0.323
0.307
0.333
0.337
0.327
0.320
0.313
0.403
0.333
0.360
0.403
0.370
0.370
0.430
0.447
0.427
0.413
0.427
0.453
0.453
0.430
0.437
0.423
0.413
0.440
0.417
0.447
0.447
0.447
0.443
0.437
0.427
0.447
0.423
0.450
0.433
0.430
0.433
0.410
0.430
0.457
0.420
0.420
0.437
0.423
0.433
0.437
0.497
0.423
0.410
0.437
0.420
0.430
0.410
0.407
0.413
0.450
0.457
0.440
0.440
0.430
0.463
0.447
0.423
0.423
0.427
0.423
0.467
0.430
0.413
0.443
0.400
0.413
0.407
0.417
0.420
0.440
0.430
0.433
0.443
0.437
0.453
0.477
0.433
0.437
0.433
0.437
0.450
0.447
0.440
0.403
0.430
0.430
0.457
0.423
0.430
0.430
0.410
0.463
0.423
0.453
0.433
0.413
0.447
0.437
0.430
0.460
0.410
0.423
0.443
0.460
0.460
0.433
0.430
0.427
0.430
0.410
0.440
0.417
0.437
0.417
0.437
0.490
0.410
0.443
0.430
0.433
0.437
0.427
0.437
0.460
0.440
0.460
0.457
0.430
0.440
0.437
0.443
0.420
0.423
0.440
0.427
0.423
0.427
0.433
0.427
0.453
0.443
0.457
0.420
0.427
0.427
0.400
0.460
0.440
0.460
0.453
0.463
0.420
0.420
0.460
0.437
0.413
0.430
0.473
0.410
0.440
0.407
0.453
0.443
0.410
0.447
0.430
0.420
0.467
0.423
0.427
0.423
0.400
0.453
0.447
0.423
0.427
0.423
0.440
0.460
0.463
0.423
0.437
0.453
0.417
0.427
0.440
0.433
0.427
