0;100;60
1;110;60
2;120;60
3;130;60
4;140;60
5;150;60
6;160;60
7;170;60
8;180;60
9;180;60
10;180;60
11;180;60
12;180;60
13;180;60
14;170;60
15;170;60
16;170;60
17;162.929;52.9289
18;162.929;52.9289
19;170;45.8579
20;170;45.8579
21;170;35.8579
22;170;25.8579
23;170;15.8579
24;170;15.8579
25;170;15.8579
26;170;15.8579
27;180;15.8579
28;180;15.8579
29;180;15.8579
30;180;25.8579
31;180;35.8579
32;180;35.8579
33;170;35.8579
34;170;35.8579
35;170;25.8579
36;170;15.8579
37;170;15.8579
38;170;15.8579
39;170;15.8579
40;180;15.8579
41;180;15.8579
42;180;15.8579
43;180;25.8579
44;180;35.8579
45;180;35.8579
46;170;35.8579
47;170;35.8579
48;170;25.8579
49;170;15.8579
50;170;15.8579
51;170;15.8579
52;170;15.8579
53;180;15.8579
54;180;15.8579
55;180;15.8579
56;180;25.8579
57;180;35.8579
58;180;35.8579
59;170;35.8579
60;170;35.8579
61;170;25.8579
62;170;15.8579
63;170;15.8579
64;170;15.8579
65;170;15.8579
66;180;15.8579
67;180;15.8579
68;180;15.8579
69;180;25.8579
70;180;35.8579
71;180;35.8579
72;170;35.8579
73;170;35.8579
74;170;25.8579
75;170;15.8579
76;170;15.8579
77;170;15.8579
78;170;15.8579
79;180;15.8579
80;180;15.8579
81;180;15.8579
82;180;25.8579
83;180;35.8579
84;180;35.8579
85;170;35.8579
86;170;35.8579
87;170;25.8579
88;170;15.8579
89;170;15.8579
90;170;15.8579
91;170;15.8579
92;180;15.8579
93;180;15.8579
94;180;15.8579
95;180;25.8579
96;180;35.8579
97;180;35.8579
98;170;35.8579
99;170;35.8579
100;170;25.8579
101;170;15.8579
102;170;15.8579
103;170;15.8579
104;170;15.8579
105;180;15.8579
106;180;15.8579
107;180;15.8579
108;180;25.8579
109;180;35.8579
110;180;35.8579
111;170;35.8579
112;170;35.8579
113;170;25.8579
114;170;15.8579
115;170;15.8579
116;170;15.8579
117;170;15.8579
118;180;15.8579
119;180;15.8579
120;180;15.8579
121;180;25.8579
122;180;35.8579
123;180;35.8579
124;170;35.8579
125;170;35.8579
126;170;25.8579
127;170;15.8579
128;170;15.8579
129;170;15.8579
130;170;15.8579
131;180;15.8579
132;180;15.8579
133;180;15.8579
134;180;25.8579
135;180;35.8579
136;180;35.8579
137;170;35.8579
138;170;35.8579
139;170;25.8579
140;170;15.8579
141;170;15.8579
142;170;15.8579
143;170;15.8579
144;180;15.8579
145;180;15.8579
146;180;15.8579
147;180;25.8579
148;180;35.8579
149;180;35.8579
150;170;35.8579
151;170;35.8579
152;170;25.8579
153;170;15.8579
154;170;15.8579
155;170;15.8579
156;170;15.8579
157;180;15.8579
158;180;15.8579
159;180;15.8579
160;180;25.8579
161;180;35.8579
162;180;35.8579
163;170;35.8579
164;170;35.8579
165;170;25.8579
166;170;15.8579
167;170;15.8579
168;170;15.8579
169;170;15.8579
170;180;15.8579
171;180;15.8579
172;180;15.8579
173;180;25.8579
174;180;35.8579
175;180;35.8579
176;170;35.8579
177;170;35.8579
178;170;25.8579
179;170;15.8579
180;170;15.8579
181;170;15.8579
182;170;15.8579
183;180;15.8579
184;180;15.8579
185;180;15.8579
186;180;25.8579
187;180;35.8579
188;180;35.8579
189;170;35.8579
190;170;35.8579
191;170;25.8579
192;170;15.8579
193;170;15.8579
194;170;15.8579
195;170;15.8579
196;180;15.8579
197;180;15.8579
198;180;15.8579
199;180;25.8579
200;180;35.8579
201;180;35.8579
202;170;35.8579
203;170;35.8579
204;170;25.8579
205;170;15.8579
206;170;15.8579
207;170;15.8579
208;170;15.8579
209;180;15.8579
210;180;15.8579
211;180;15.8579
212;180;25.8579
213;180;35.8579
214;180;35.8579
215;170;35.8579
216;170;35.8579
217;170;25.8579
218;170;15.8579
219;170;15.8579
220;170;15.8579
221;170;15.8579
222;180;15.8579
223;180;15.8579
224;180;15.8579
225;180;25.8579
226;180;35.8579
227;180;35.8579
228;170;35.8579
229;170;35.8579
230;170;25.8579
231;170;15.8579
232;170;15.8579
233;170;15.8579
234;170;15.8579
235;180;15.8579
236;180;15.8579
237;180;15.8579
238;180;25.8579
239;180;35.8579
240;180;35.8579
241;170;35.8579
242;170;35.8579
243;170;25.8579
244;170;15.8579
245;170;15.8579
246;170;15.8579
247;170;15.8579
248;180;15.8579
249;180;15.8579
250;180;15.8579
251;180;25.8579
252;180;35.8579
253;180;35.8579
254;170;35.8579
255;170;35.8579
256;170;25.8579
257;170;15.8579
258;170;15.8579
259;170;15.8579
260;170;15.8579
261;180;15.8579
262;180;15.8579
263;180;15.8579
264;180;25.8579
265;180;35.8579
266;180;35.8579
267;170;35.8579
268;170;35.8579
269;170;25.8579
270;170;15.8579
271;170;15.8579
272;170;15.8579
273;170;15.8579
274;180;15.8579
275;180;15.8579
276;180;15.8579
277;180;25.8579
278;180;35.8579
279;180;35.8579
280;170;35.8579
281;170;35.8579
282;170;25.8579
283;170;15.8579
284;170;15.8579
285;170;15.8579
286;170;15.8579
287;180;15.8579
288;180;15.8579
289;180;15.8579
290;180;25.8579
291;180;35.8579
292;180;35.8579
293;170;35.8579
294;170;35.8579
295;170;25.8579
296;170;15.8579
297;170;15.8579
298;170;15.8579
299;170;15.8579
300;180;15.8579
