0;100;60
1;110;60
2;120;60
3;130;60
4;130;60
5;130;60
6;137.071;67.0711
7;144.142;74.1421
8;151.213;81.2132
9;151.213;81.2132
10;161.213;81.2132
11;171.213;81.2132
12;171.213;81.2132
13;171.213;91.2132
14;171.213;101.213
15;171.213;101.213
16;171.213;101.213
17;171.213;91.2132
18;171.213;91.2132
19;181.213;91.2132
20;181.213;91.2132
21;181.213;91.2132
22;181.213;101.213
23;181.213;101.213
24;171.213;101.213
25;171.213;101.213
26;171.213;91.2132
27;171.213;91.2132
28;181.213;91.2132
29;181.213;91.2132
30;181.213;91.2132
31;181.213;101.213
32;181.213;101.213
33;171.213;101.213
34;171.213;101.213
35;171.213;91.2132
36;171.213;91.2132
37;181.213;91.2132
38;181.213;91.2132
39;181.213;91.2132
40;181.213;101.213
41;181.213;101.213
42;171.213;101.213
43;171.213;101.213
44;171.213;91.2132
45;171.213;91.2132
46;181.213;91.2132
47;181.213;91.2132
48;181.213;91.2132
49;181.213;101.213
50;181.213;101.213
51;171.213;101.213
52;171.213;101.213
53;171.213;91.2132
54;171.213;91.2132
55;181.213;91.2132
56;181.213;91.2132
57;181.213;91.2132
58;181.213;101.213
59;181.213;101.213
60;171.213;101.213
61;171.213;101.213
62;171.213;91.2132
63;171.213;91.2132
64;181.213;91.2132
65;181.213;91.2132
66;181.213;91.2132
67;181.213;101.213
68;181.213;101.213
69;171.213;101.213
70;171.213;101.213
71;171.213;91.2132
72;171.213;91.2132
73;181.213;91.2132
74;181.213;91.2132
75;181.213;91.2132
76;181.213;101.213
77;181.213;101.213
78;171.213;101.213
79;171.213;101.213
80;171.213;91.2132
81;171.213;91.2132
82;181.213;91.2132
83;181.213;91.2132
84;181.213;91.2132
85;181.213;101.213
86;181.213;101.213
87;171.213;101.213
88;171.213;101.213
89;171.213;91.2132
90;171.213;91.2132
91;181.213;91.2132
92;181.213;91.2132
93;181.213;91.2132
94;181.213;101.213
95;181.213;101.213
96;171.213;101.213
97;171.213;101.213
98;171.213;91.2132
99;171.213;91.2132
100;181.213;91.2132
101;181.213;91.2132
102;181.213;91.2132
103;181.213;101.213
104;181.213;101.213
105;171.213;101.213
106;171.213;101.213
107;171.213;91.2132
108;171.213;91.2132
109;181.213;91.2132
110;181.213;91.2132
111;181.213;91.2132
112;181.213;101.213
113;181.213;101.213
114;171.213;101.213
115;171.213;101.213
116;171.213;91.2132
117;171.213;91.2132
118;181.213;91.2132
119;181.213;91.2132
120;181.213;91.2132
121;181.213;101.213
122;181.213;101.213
123;171.213;101.213
124;171.213;101.213
125;171.213;91.2132
126;171.213;91.2132
127;181.213;91.2132
128;181.213;91.2132
129;181.213;91.2132
130;181.213;101.213
131;181.213;101.213
132;171.213;101.213
133;171.213;101.213
134;171.213;91.2132
135;171.213;91.2132
136;181.213;91.2132
137;181.213;91.2132
138;181.213;91.2132
139;181.213;101.213
140;181.213;101.213
141;171.213;101.213
142;171.213;101.213
143;171.213;91.2132
144;171.213;91.2132
145;181.213;91.2132
146;181.213;91.2132
147;181.213;91.2132
148;181.213;101.213
149;181.213;101.213
150;171.213;101.213
151;171.213;101.213
152;171.213;91.2132
153;171.213;91.2132
154;181.213;91.2132
155;181.213;91.2132
156;181.213;91.2132
157;181.213;101.213
158;181.213;101.213
159;171.213;101.213
160;171.213;101.213
161;171.213;91.2132
162;171.213;91.2132
163;181.213;91.2132
164;181.213;91.2132
165;181.213;91.2132
166;181.213;101.213
167;181.213;101.213
168;171.213;101.213
169;171.213;101.213
170;171.213;91.2132
171;171.213;91.2132
172;181.213;91.2132
173;181.213;91.2132
174;181.213;91.2132
175;181.213;101.213
176;181.213;101.213
177;171.213;101.213
178;171.213;101.213
179;171.213;91.2132
180;171.213;91.2132
181;181.213;91.2132
182;181.213;91.2132
183;181.213;91.2132
184;181.213;101.213
185;181.213;101.213
186;171.213;101.213
187;171.213;101.213
188;171.213;91.2132
189;171.213;91.2132
190;181.213;91.2132
191;181.213;91.2132
192;181.213;91.2132
193;181.213;101.213
194;181.213;101.213
195;171.213;101.213
196;171.213;101.213
197;171.213;91.2132
198;171.213;91.2132
199;181.213;91.2132
200;181.213;91.2132
201;181.213;91.2132
202;181.213;101.213
203;181.213;101.213
204;171.213;101.213
205;171.213;101.213
206;171.213;91.2132
207;171.213;91.2132
208;181.213;91.2132
209;181.213;91.2132
210;181.213;91.2132
211;181.213;101.213
212;181.213;101.213
213;171.213;101.213
214;171.213;101.213
215;171.213;91.2132
216;171.213;91.2132
217;181.213;91.2132
218;181.213;91.2132
219;181.213;91.2132
220;181.213;101.213
221;181.213;101.213
222;171.213;101.213
223;171.213;101.213
224;171.213;91.2132
225;171.213;91.2132
226;181.213;91.2132
227;181.213;91.2132
228;181.213;91.2132
229;181.213;101.213
230;181.213;101.213
231;171.213;101.213
232;171.213;101.213
233;171.213;91.2132
234;171.213;91.2132
235;181.213;91.2132
236;181.213;91.2132
237;181.213;91.2132
238;181.213;101.213
239;181.213;101.213
240;171.213;101.213
241;171.213;101.213
242;171.213;91.2132
243;171.213;91.2132
244;181.213;91.2132
245;181.213;91.2132
246;181.213;91.2132
247;181.213;101.213
248;181.213;101.213
249;171.213;101.213
250;171.213;101.213
251;171.213;91.2132
252;171.213;91.2132
253;181.213;91.2132
254;181.213;91.2132
255;181.213;91.2132
256;181.213;101.213
257;181.213;101.213
258;171.213;101.213
259;171.213;101.213
260;171.213;91.2132
261;171.213;91.2132
262;181.213;91.2132
263;181.213;91.2132
264;181.213;91.2132
265;181.213;101.213
266;181.213;101.213
267;171.213;101.213
268;171.213;101.213
269;171.213;91.2132
270;171.213;91.2132
271;181.213;91.2132
272;181.213;91.2132
273;181.213;91.2132
274;181.213;101.213
275;181.213;101.213
276;171.213;101.213
277;171.213;101.213
278;171.213;91.2132
279;171.213;91.2132
280;181.213;91.2132
281;181.213;91.2132
282;181.213;91.2132
283;181.213;101.213
284;181.213;101.213
285;171.213;101.213
286;171.213;101.213
287;171.213;91.2132
288;171.213;91.2132
289;181.213;91.2132
290;181.213;91.2132
291;181.213;91.2132
292;181.213;101.213
293;181.213;101.213
294;171.213;101.213
295;171.213;101.213
296;171.213;91.2132
297;171.213;91.2132
298;181.213;91.2132
299;181.213;91.2132
300;181.213;91.2132
