0;100;60
1;110;60
2;120;60
3;130;60
4;140;60
5;150;60
6;160;60
7;170;60
8;170;60
9;177.071;52.9289
10;184.142;45.8579
11;184.142;45.8579
12;184.142;35.8579
13;184.142;25.8579
14;184.142;15.8579
15;184.142;15.8579
16;184.142;15.8579
17;184.142;15.8579
18;174.142;15.8579
19;164.142;15.8579
20;154.142;15.8579
21;144.142;15.8579
22;134.142;15.8579
23;124.142;15.8579
24;114.142;15.8579
25;104.142;15.8579
26;94.1421;15.8579
27;84.1421;15.8579
28;74.1421;15.8579
29;64.1421;15.8579
30;54.1421;15.8579
31;44.1421;15.8579
32;34.1421;15.8579
33;24.1421;15.8579
34;14.1421;15.8579
35;14.1421;15.8579
36;14.1421;15.8579
37;14.1421;15.8579
38;14.1421;15.8579
39;14.1421;25.8579
40;14.1421;35.8579
41;14.1421;45.8579
42;14.1421;45.8579
43;21.2132;52.9289
44;28.2843;60
45;35.3553;67.0711
46;42.4264;74.1421
47;49.4975;81.2132
48;56.5685;88.2843
49;63.6396;95.3553
50;70.7107;102.426
51;77.7817;109.497
52;77.7817;109.497
53;77.7817;109.497
54;77.7817;109.497
55;87.7817;109.497
56;97.7817;109.497
57;107.782;109.497
58;107.782;109.497
59;114.853;102.426
60;121.924;95.3553
61;128.995;88.2843
62;136.066;81.2132
63;143.137;74.1421
64;150.208;67.0711
65;157.279;60
66;164.35;52.9289
67;171.421;45.8579
68;178.492;38.7868
69;185.563;31.7157
70;185.563;31.7157
71;185.563;21.7157
72;185.563;11.7157
73;185.563;11.7157
74;185.563;11.7157
75;185.563;11.7157
76;185.563;11.7157
77;185.563;11.7157
78;178.492;18.7868
79;171.421;25.8579
80;164.35;32.9289
81;157.279;40
82;150.208;47.0711
83;143.137;54.1421
84;136.066;61.2132
85;128.995;68.2843
86;121.924;75.3553
87;114.853;82.4264
88;114.853;82.4264
89;114.853;82.4264
90;121.924;89.4975
91;128.995;96.5685
92;136.066;103.64
93;143.137;110.711
94;143.137;110.711
95;143.137;110.711
96;143.137;110.711
97;153.137;110.711
98;163.137;110.711
99;163.137;110.711
100;170.208;103.64
101;177.279;96.5685
102;184.35;89.4975
103;191.421;82.4264
104;191.421;82.4264
105;191.421;82.4264
106;191.421;82.4264
107;191.421;72.4264
108;191.421;62.4264
109;191.421;52.4264
110;191.421;52.4264
111;184.35;45.3553
112;177.279;38.2843
113;170.208;31.2132
114;163.137;24.1421
115;156.066;17.0711
116;148.995;10
117;148.995;10
118;148.995;10
119;148.995;10
120;148.995;10
121;138.995;10
122;128.995;10
123;118.995;10
124;118.995;10
125;111.924;17.0711
126;104.853;24.1421
127;97.7817;31.2132
128;90.7107;38.2843
129;83.6396;45.3553
130;76.5685;52.4264
131;69.4975;59.4975
132;62.4264;66.5685
133;55.3553;73.6396
134;48.2843;80.7107
135;48.2843;80.7107
136;48.2843;80.7107
137;55.3553;87.7817
138;62.4264;94.8528
139;69.4975;101.924
140;76.5685;108.995
141;76.5685;108.995
142;76.5685;108.995
143;76.5685;108.995
144;86.5685;108.995
145;96.5685;108.995
146;106.569;108.995
147;106.569;108.995
148;113.64;101.924
149;120.711;94.8528
150;127.782;87.7817
151;134.853;80.7107
152;141.924;73.6396
153;148.995;66.5685
154;156.066;59.4975
155;163.137;52.4264
156;170.208;45.3553
157;177.279;38.2843
158;184.35;31.2132
159;184.35;31.2132
160;184.35;21.2132
161;184.35;11.2132
162;184.35;11.2132
163;184.35;11.2132
164;184.35;11.2132
165;184.35;11.2132
166;184.35;11.2132
167;177.279;18.2843
168;170.208;25.3553
169;163.137;32.4264
170;156.066;39.4975
171;148.995;46.5685
172;141.924;53.6396
173;134.853;60.7107
174;127.782;67.7817
175;120.711;74.8528
176;113.64;81.9239
177;113.64;81.9239
178;113.64;81.9239
179;120.711;88.9949
180;127.782;96.066
181;134.853;103.137
182;141.924;110.208
183;141.924;110.208
184;141.924;110.208
185;141.924;110.208
186;151.924;110.208
187;161.924;110.208
188;161.924;110.208
189;168.995;103.137
190;176.066;96.066
191;183.137;88.9949
192;190.208;81.9239
193;190.208;81.9239
194;190.208;81.9239
195;190.208;81.9239
196;190.208;71.9239
197;190.208;61.9239
198;190.208;51.9239
199;190.208;51.9239
200;183.137;44.8528
201;176.066;37.7817
202;168.995;30.7107
203;161.924;23.6396
204;154.853;16.5685
205;147.782;9.49747
206;147.782;9.49747
207;147.782;9.49747
208;147.782;9.49747
209;147.782;9.49747
210;137.782;9.49747
211;127.782;9.49747
212;117.782;9.49747
213;117.782;9.49747
214;110.711;16.5685
215;103.64;23.6396
216;96.5685;30.7107
217;89.4975;37.7817
218;82.4264;44.8528
219;75.3553;51.9239
220;68.2843;58.9949
221;61.2132;66.066
222;54.1421;73.1371
223;47.0711;80.2082
224;47.0711;80.2082
225;47.0711;80.2082
226;54.1421;87.2792
227;61.2132;94.3503
228;68.2843;101.421
229;75.3553;108.492
230;75.3553;108.492
231;75.3553;108.492
232;75.3553;108.492
233;85.3553;108.492
234;95.3553;108.492
235;105.355;108.492
236;105.355;108.492
237;112.426;101.421
238;119.497;94.3503
239;126.569;87.2792
240;133.64;80.2082
241;140.711;73.1371
242;147.782;66.066
243;154.853;58.9949
244;161.924;51.9239
245;168.995;44.8528
246;176.066;37.7817
247;183.137;30.7107
248;183.137;30.7107
249;183.137;20.7107
250;183.137;10.7107
251;183.137;10.7107
252;183.137;10.7107
253;183.137;10.7107
254;183.137;10.7107
255;183.137;10.7107
256;176.066;17.7817
257;168.995;24.8528
258;161.924;31.9239
259;154.853;38.9949
260;147.782;46.066
261;140.711;53.1371
262;133.64;60.2082
263;126.569;67.2792
264;119.497;74.3503
265;112.426;81.4214
266;112.426;81.4214
267;112.426;81.4214
268;119.497;88.4924
269;126.569;95.5635
270;133.64;102.635
271;140.711;109.706
272;140.711;109.706
273;140.711;109.706
274;140.711;109.706
275;150.711;109.706
276;160.711;109.706
277;160.711;109.706
278;167.782;102.635
279;174.853;95.5635
280;181.924;88.4924
281;188.995;81.4214
282;188.995;81.4214
283;188.995;81.4214
284;188.995;81.4214
285;188.995;71.4214
286;188.995;61.4214
287;188.995;51.4214
288;188.995;51.4214
289;181.924;44.3503
290;174.853;37.2792
291;167.782;30.2082
292;160.711;23.1371
293;153.64;16.066
294;146.569;8.99495
295;146.569;8.99495
296;146.569;8.99495
297;146.569;8.99495
298;146.569;8.99495
299;136.569;8.99495
300;126.569;8.99495
