-0.230
-0.124
-0.055
0.001
0.001
0.037
0.029
0.096
0.088
0.092
0.088
0.065
0.079
0.086
0.114
0.120
0.137
0.138
0.127
0.127
0.117
0.115
0.141
0.163
0.146
0.162
0.170
0.152
0.171
0.171
0.159
0.158
0.179
0.141
0.193
0.177
0.207
0.200
0.161
0.189
0.206
0.177
0.193
0.227
0.183
0.155
0.177
0.211
0.192
0.229
0.200
0.203
0.192
0.220
0.184
0.176
0.201
0.194
0.176
0.183
0.195
0.188
0.177
0.177
0.161
0.198
0.180
0.186
0.138
0.145
0.196
0.197
0.214
0.164
0.186
0.199
0.227
0.181
0.205
0.181
0.212
0.201
0.193
0.161
0.181
0.176
0.177
0.166
0.203
0.177
0.159
0.182
0.161
0.172
0.178
0.208
0.227
0.217
0.213
0.225
0.206
0.189
0.183
0.223
0.229
0.209
0.206
0.208
0.186
0.172
0.190
0.184
0.185
0.180
0.138
0.140
0.153
0.180
0.182
0.188
0.217
0.218
0.242
0.183
0.142
0.190
0.196
0.213
0.223
0.217
0.223
0.211
0.174
0.200
0.188
0.168
0.193
0.209
0.216
0.168
0.201
0.209
0.179
0.198
0.166
0.190
0.239
0.235
0.191
0.198
0.228
0.204
0.192
0.211
0.235
0.218
0.210
0.229
0.188
0.230
0.204
0.216
0.232
0.216
0.239
0.239
0.206
0.210
0.231
0.170
0.213
0.199
0.204
0.223
0.198
0.208
0.205
0.226
0.194
0.194
0.255
0.224
0.215
0.221
0.221
0.238
0.237
0.210
0.235
0.191
0.224
0.234
0.209
0.232
0.228
0.239
0.242
0.196
0.180
0.198
0.205
0.208
0.193
0.198
0.199
0.211
0.159
0.189
0.190
0.197
0.221
0.209
0.239
0.202
0.226
0.228
0.208
0.213
0.234
0.221
0.222
0.228
0.231
0.267
0.241
0.254
0.231
0.227
0.188
0.207
0.183
0.182
0.164
0.205
0.167
0.199
0.200
0.194
0.215
0.219
0.231
0.218
0.202
0.187
0.174
0.211
0.217
0.222
0.221
0.167
0.218
0.230
0.187
0.228
0.226
0.202
0.206
0.231
0.228
0.223
0.223
0.199
0.171
0.185
0.158
0.200
0.202
0.214
0.211
0.203
0.179
0.247
0.213
0.198
0.185
0.202
0.189
0.223
0.160
0.189
0.208
0.176
0.181
0.200
0.231
0.210
0.200
0.203
0.194
0.198
0.182
0.177
0.228
0.238
0.183
0.165
0.183
0.215
0.195
0.218
0.265
0.224
0.193
0.205
0.216
0.212
0.261
0.211
0.206
0.239
0.243
0.234
0.224
0.179
0.186
0.133
0.203
0.218
0.238
0.234
0.194
0.263
0.222
0.221
0.208
0.187
0.242
0.179
0.184
0.199
0.193
0.175
0.208
0.172
0.204
0.174
0.210
0.195
0.197
0.216
0.164
0.211
0.184
0.222
0.248
0.195
0.204
0.188
0.190
0.230
0.232
0.242
0.235
0.229
0.218
0.216
0.202
0.252
0.242
0.243
0.236
0.220
0.235
0.195
0.244
0.200
0.248
0.256
0.201
0.268
0.224
0.214
0.237
0.231
0.216
0.219
0.191
0.234
0.235
0.223
0.220
0.232
0.256
0.223
0.253
0.228
0.252
0.254
0.242
0.240
0.258
0.243
0.231
0.207
0.223
0.248
0.278
0.233
0.257
0.251
0.243
0.245
0.222
0.225
0.234
0.232
0.237
0.246
0.241
0.228
0.242
0.225
0.228
0.238
0.232
0.237
0.208
0.216
0.212
0.246
0.241
0.206
0.212
0.186
0.235
0.238
0.220
0.232
0.224
0.232
0.235
0.231
0.241
0.254
0.257
0.226
0.245
0.258
0.295
0.237
0.249
0.269
0.217
0.242
0.236
0.247
0.257
0.243
0.249
0.265
0.278
0.246
0.250
0.237
0.228
0.220
0.265
0.242
0.210
0.242
0.257
0.211
0.250
0.255
0.244
0.254
0.252
0.240
0.262
0.275
0.237
0.256
0.248
0.271
0.246
0.289
0.253
0.234
0.242
0.279
0.246
0.228
0.239
0.240
0.247
0.244
0.227
0.262
0.269
0.256
0.253
0.252
0.230
0.259
0.249
0.219
0.240
0.256
0.235
0.245
