0.100
0.197
0.247
0.163
0.237
0.213
0.367
0.293
0.297
0.240
0.320
0.410
0.397
0.423
0.343
0.367
0.353
0.440
0.413
0.447
0.500
0.450
0.413
0.437
0.473
0.437
0.440
0.493
0.447
0.473
0.453
0.433
0.477
0.480
0.443
0.527
0.463
0.457
0.453
0.480
0.477
0.473
0.460
0.470
0.453
0.460
0.483
0.460
0.447
0.517
0.500
0.463
0.463
0.473
0.437
0.477
0.463
0.457
0.463
0.463
0.503
0.440
0.470
0.447
0.450
0.470
0.500
0.460
0.487
0.487
0.433
0.480
0.510
0.433
0.460
0.470
0.467
0.443
0.470
0.473
0.477
0.483
0.503
0.483
0.430
0.450
0.453
0.457
0.477
0.503
0.437
0.440
0.460
0.463
0.440
0.463
0.443
0.460
0.467
0.483
0.487
0.473
0.493
0.483
0.473
0.453
0.450
0.467
0.500
0.490
0.467
0.457
0.453
0.487
0.480
0.460
0.440
0.450
0.500
0.483
0.473
0.470
0.487
0.447
0.473
0.503
0.493
0.463
0.483
0.470
0.457
0.457
0.437
0.483
0.473
0.480
0.493
0.463
0.497
0.467
0.457
0.463
0.487
0.467
0.500
0.470
0.473
0.470
0.490
0.480
0.480
0.467
0.493
0.453
0.500
0.467
0.463
0.453
0.470
0.513
0.483
0.513
0.490
0.530
0.437
0.457
0.473
0.483
0.453
0.507
0.453
0.483
0.447
0.463
0.490
0.433
0.500
0.500
0.463
0.450
0.463
0.463
0.510
0.490
0.493
0.470
0.453
0.447
0.473
0.460
0.460
0.480
0.453
0.460
0.477
0.433
0.473
0.477
0.493
0.503
0.500
0.560
0.460
0.513
0.487
0.473
0.513
0.497
0.453
0.493
0.527
0.493
0.503
0.487
0.517
0.513
0.533
0.517
0.547
0.530
0.507
0.520
0.533
0.500
0.543
0.553
0.543
0.537
0.557
0.523
0.537
0.533
0.533
0.533
0.523
0.540
0.560
0.517
0.520
0.540
0.520
0.543
0.517
0.500
0.517
0.543
0.517
0.527
0.527
0.540
0.510
0.540
0.547
0.513
0.510
0.513
0.537
0.560
0.537
0.537
0.573
0.527
0.560
0.540
0.580
0.507
0.513
0.523
0.533
0.543
0.513
0.513
0.557
0.527
0.547
0.553
0.583
0.527
0.530
0.523
0.533
0.517
0.530
0.557
0.547
0.543
0.520
0.540
0.540
0.527
0.537
0.527
0.557
0.513
0.530
0.517
0.540
0.513
0.557
0.523
0.533
0.553
0.520
0.533
0.570
0.537
0.547
0.530
0.597
0.550
0.547
0.527
0.540
0.537
0.517
0.517
0.547
0.540
0.540
0.537
0.533
0.540
0.563
0.543
0.583
0.520
0.577
0.553
0.540
0.530
0.547
0.537
0.533
0.520
0.573
0.530
0.537
0.520
0.583
0.560
0.540
0.590
0.533
0.533
0.527
0.553
0.537
0.527
0.560
0.557
0.560
0.563
0.573
0.563
0.553
0.557
0.573
0.533
0.517
0.513
0.523
0.517
0.540
0.523
0.553
0.550
0.553
0.540
0.577
0.527
0.560
0.527
0.560
0.543
0.553
0.547
0.540
0.540
0.543
0.583
0.583
0.520
0.547
0.567
0.563
0.537
0.540
0.527
0.543
0.533
0.537
0.527
0.520
0.540
0.517
0.563
0.527
0.533
0.563
0.530
0.557
0.537
0.583
0.567
0.583
0.530
0.553
0.543
0.543
0.510
0.560
0.530
0.517
0.527
0.520
0.563
0.510
0.583
0.520
0.523
0.540
0.563
0.530
0.540
0.557
0.537
0.543
0.570
0.523
0.577
0.547
0.543
0.567
0.570
0.560
0.540
0.550
0.523
0.530
0.540
0.530
0.520
0.523
0.580
0.547
0.540
0.520
0.577
0.557
0.520
0.540
0.547
0.553
0.540
0.547
0.527
0.537
0.557
0.563
0.547
0.533
0.527
0.523
0.537
0.537
0.517
0.540
0.513
0.580
0.580
0.513
0.587
0.567
0.537
0.540
0.540
0.563
0.540
0.507
0.547
0.523
0.573
0.527
0.547
0.540
0.550
0.547
0.533
0.553
0.527
0.510
0.540
0.527
0.540
0.543
0.547
0.540
0.560
0.520
0.553
