0.237
0.213
0.140
0.223
0.210
0.237
0.170
0.193
0.250
0.290
0.327
0.300
0.320
0.270
0.293
0.293
0.297
0.330
0.327
0.327
0.303
0.290
0.337
0.323
0.287
0.337
0.313
0.343
0.340
0.320
0.327
0.310
0.320
0.310
0.313
0.297
0.317
0.330
0.300
0.320
0.330
0.307
0.313
0.317
0.323
0.303
0.313
0.327
0.320
0.320
0.327
0.297
0.310
0.330
0.293
0.310
0.337
0.300
0.333
0.327
0.310
0.340
0.320
0.327
0.290
0.360
0.297
0.350
0.310
0.303
0.337
0.343
0.370
0.357
0.377
0.347
0.343
0.370
0.353
0.433
0.370
0.377
0.350
0.367
0.403
0.360
0.360
0.373
0.373
0.397
0.387
0.403
0.403
0.403
0.403
0.403
0.447
0.387
0.420
0.420
0.387
0.400
0.407
0.413
0.383
0.427
0.423
0.403
0.430
0.413
0.397
0.393
0.387
0.413
0.400
0.390
0.427
0.400
0.410
0.397
0.400
0.387
0.430
0.410
0.387
0.403
0.400
0.410
0.403
0.430
0.437
0.410
0.417
0.407
0.413
0.387
0.433
0.387
0.383
0.430
0.403
0.407
0.440
0.433
0.410
0.380
0.430
0.403
0.400
0.430
0.403
0.390
0.393
0.390
0.397
0.427
0.407
0.390
0.430
0.407
0.430
0.390
0.383
0.390
0.397
0.413
0.423
0.400
0.393
0.413
0.410
0.407
0.410
0.403
0.423
0.397
0.430
0.447
0.400
0.400
0.387
0.413
0.403
0.397
0.397
0.390
0.390
0.387
0.387
0.393
0.413
0.400
0.427
0.417
0.420
0.427
0.417
0.413
0.430
0.440
0.413
0.427
0.417
0.460
0.417
0.427
0.397
0.410
0.427
0.417
0.437
0.407
0.423
0.417
0.400
0.417
0.420
0.453
0.430
0.413
0.410
0.457
0.433
0.420
0.403
0.443
0.433
0.443
0.430
0.437
0.413
0.437
0.427
0.433
0.437
0.450
0.397
0.453
0.423
0.460
0.457
0.430
0.440
0.417
0.433
0.420
0.433
0.437
0.413
0.433
0.433
0.403
0.427
0.433
0.437
0.423
0.427
0.440
0.427
0.430
0.413
0.437
0.410
0.413
0.417
0.443
0.427
0.430
0.440
0.417
0.427
0.420
0.467
0.413
0.437
0.423
0.440
0.433
0.417
0.427
0.417
0.437
0.427
0.460
0.413
0.417
0.423
0.440
0.407
0.447
0.427
0.417
0.440
0.440
0.437
0.443
0.427
0.427
0.420
0.450
0.440
0.440
0.450
0.423
0.433
0.433
0.430
0.447
0.417
0.437
0.433
0.430
0.433
0.453
0.427
0.417
0.423
0.450
0.443
0.433
0.420
0.423
0.433
0.413
0.413
0.427
0.423
0.427
0.427
0.427
0.453
0.433
0.420
0.440
0.440
0.443
0.427
0.447
0.443
0.430
0.437
0.440
0.417
0.433
0.417
0.460
0.420
0.433
0.437
0.417
0.417
0.430
0.467
0.433
0.457
0.417
0.447
0.440
0.427
0.443
0.417
0.437
0.450
0.433
0.437
0.423
0.423
0.430
0.440
0.437
0.423
0.427
0.407
0.440
0.430
0.440
0.443
0.443
0.420
0.413
0.410
0.423
0.437
0.437
0.430
0.437
0.430
0.413
0.407
0.433
0.483
0.423
0.420
0.420
0.430
0.440
0.413
0.410
0.443
0.433
0.433
0.433
0.410
0.447
0.433
0.420
0.413
0.403
0.430
0.433
0.407
0.397
0.417
0.427
0.457
0.430
0.440
0.427
0.457
0.420
0.407
0.420
0.433
0.443
0.430
0.407
0.450
0.413
0.437
0.410
0.450
0.430
0.420
0.433
0.463
0.437
0.423
0.410
0.430
0.427
0.410
0.437
0.400
0.400
0.417
0.423
0.423
0.430
0.450
0.417
0.413
0.467
0.443
0.403
0.413
0.433
0.433
0.413
0.420
0.430
0.410
0.453
0.450
0.423
0.447
0.433
0.413
0.443
0.443
0.437
0.433
0.420
0.430
0.440
0.430
0.433
0.437
0.427
0.433
0.430
0.423
0.413
0.437
0.423
0.430
0.447
0.460
0.443
0.410
0.407
0.407
0.437
0.417
0.413
0.413
0.437
0.437
0.470
0.423
0.437
