0;100;60
1;110;60
2;120;60
3;130;60
4;140;60
5;150;60
6;160;60
7;170;60
8;170;60
9;170;70
10;170;80
11;170;90
12;170;90
13;160;90
14;150;90
15;140;90
16;130;90
17;120;90
18;110;90
19;100;90
20;90;90
21;80;90
22;70;90
23;60;90
24;50;90
25;40;90
26;30;90
27;20;90
28;10;90
29;10;90
30;10;90
31;10;90
32;10;90
33;10;90
34;17.0711;97.0711
35;24.1421;104.142
36;31.2132;111.213
37;31.2132;111.213
38;31.2132;111.213
39;31.2132;111.213
40;31.2132;111.213
41;24.1421;104.142
42;17.0711;97.0711
43;10;90
44;10;90
45;10;90
46;17.0711;97.0711
47;24.1421;104.142
48;31.2132;111.213
49;31.2132;111.213
50;31.2132;111.213
51;31.2132;111.213
52;31.2132;111.213
53;24.1421;104.142
54;17.0711;97.0711
55;10;90
56;10;90
57;10;90
58;17.0711;97.0711
59;24.1421;104.142
60;31.2132;111.213
61;31.2132;111.213
62;31.2132;111.213
63;31.2132;111.213
64;31.2132;111.213
65;24.1421;104.142
66;17.0711;97.0711
67;10;90
68;10;90
69;10;90
70;17.0711;97.0711
71;24.1421;104.142
72;31.2132;111.213
73;31.2132;111.213
74;31.2132;111.213
75;31.2132;111.213
76;31.2132;111.213
77;24.1421;104.142
78;17.0711;97.0711
79;10;90
80;10;90
81;10;90
82;17.0711;97.0711
83;24.1421;104.142
84;31.2132;111.213
85;31.2132;111.213
86;31.2132;111.213
87;31.2132;111.213
88;31.2132;111.213
89;24.1421;104.142
90;17.0711;97.0711
91;10;90
92;10;90
93;10;90
94;17.0711;97.0711
95;24.1421;104.142
96;31.2132;111.213
97;31.2132;111.213
98;31.2132;111.213
99;31.2132;111.213
100;31.2132;111.213
101;24.1421;104.142
102;17.0711;97.0711
103;10;90
104;10;90
105;10;90
106;17.0711;97.0711
107;24.1421;104.142
108;31.2132;111.213
109;31.2132;111.213
110;31.2132;111.213
111;31.2132;111.213
112;31.2132;111.213
113;24.1421;104.142
114;17.0711;97.0711
115;10;90
116;10;90
117;10;90
118;17.0711;97.0711
119;24.1421;104.142
120;31.2132;111.213
121;31.2132;111.213
122;31.2132;111.213
123;31.2132;111.213
124;31.2132;111.213
125;24.1421;104.142
126;17.0711;97.0711
127;10;90
128;10;90
129;10;90
130;17.0711;97.0711
131;24.1421;104.142
132;31.2132;111.213
133;31.2132;111.213
134;31.2132;111.213
135;31.2132;111.213
136;31.2132;111.213
137;24.1421;104.142
138;17.0711;97.0711
139;10;90
140;10;90
141;10;90
142;17.0711;97.0711
143;24.1421;104.142
144;31.2132;111.213
145;31.2132;111.213
146;31.2132;111.213
147;31.2132;111.213
148;31.2132;111.213
149;24.1421;104.142
150;17.0711;97.0711
151;10;90
152;10;90
153;10;90
154;17.0711;97.0711
155;24.1421;104.142
156;31.2132;111.213
157;31.2132;111.213
158;31.2132;111.213
159;31.2132;111.213
160;31.2132;111.213
161;24.1421;104.142
162;17.0711;97.0711
163;10;90
164;10;90
165;10;90
166;17.0711;97.0711
167;24.1421;104.142
168;31.2132;111.213
169;31.2132;111.213
170;31.2132;111.213
171;31.2132;111.213
172;31.2132;111.213
173;24.1421;104.142
174;17.0711;97.0711
175;10;90
176;10;90
177;10;90
178;17.0711;97.0711
179;24.1421;104.142
180;31.2132;111.213
181;31.2132;111.213
182;31.2132;111.213
183;31.2132;111.213
184;31.2132;111.213
185;24.1421;104.142
186;17.0711;97.0711
187;10;90
188;10;90
189;10;90
190;17.0711;97.0711
191;24.1421;104.142
192;31.2132;111.213
193;31.2132;111.213
194;31.2132;111.213
195;31.2132;111.213
196;31.2132;111.213
197;24.1421;104.142
198;17.0711;97.0711
199;10;90
200;10;90
201;10;90
202;17.0711;97.0711
203;24.1421;104.142
204;31.2132;111.213
205;31.2132;111.213
206;31.2132;111.213
207;31.2132;111.213
208;31.2132;111.213
209;24.1421;104.142
210;17.0711;97.0711
211;10;90
212;10;90
213;10;90
214;17.0711;97.0711
215;24.1421;104.142
216;31.2132;111.213
217;31.2132;111.213
218;31.2132;111.213
219;31.2132;111.213
220;31.2132;111.213
221;24.1421;104.142
222;17.0711;97.0711
223;10;90
224;10;90
225;10;90
226;17.0711;97.0711
227;24.1421;104.142
228;31.2132;111.213
229;31.2132;111.213
230;31.2132;111.213
231;31.2132;111.213
232;31.2132;111.213
233;24.1421;104.142
234;17.0711;97.0711
235;10;90
236;10;90
237;10;90
238;17.0711;97.0711
239;24.1421;104.142
240;31.2132;111.213
241;31.2132;111.213
242;31.2132;111.213
243;31.2132;111.213
244;31.2132;111.213
245;24.1421;104.142
246;17.0711;97.0711
247;10;90
248;10;90
249;10;90
250;17.0711;97.0711
251;24.1421;104.142
252;31.2132;111.213
253;31.2132;111.213
254;31.2132;111.213
255;31.2132;111.213
256;31.2132;111.213
257;24.1421;104.142
258;17.0711;97.0711
259;10;90
260;10;90
261;10;90
262;17.0711;97.0711
263;24.1421;104.142
264;31.2132;111.213
265;31.2132;111.213
266;31.2132;111.213
267;31.2132;111.213
268;31.2132;111.213
269;24.1421;104.142
270;17.0711;97.0711
271;10;90
272;10;90
273;10;90
274;17.0711;97.0711
275;24.1421;104.142
276;31.2132;111.213
277;31.2132;111.213
278;31.2132;111.213
279;31.2132;111.213
280;31.2132;111.213
281;24.1421;104.142
282;17.0711;97.0711
283;10;90
284;10;90
285;10;90
286;17.0711;97.0711
287;24.1421;104.142
288;31.2132;111.213
289;31.2132;111.213
290;31.2132;111.213
291;31.2132;111.213
292;31.2132;111.213
293;24.1421;104.142
294;17.0711;97.0711
295;10;90
296;10;90
297;10;90
298;17.0711;97.0711
299;24.1421;104.142
300;31.2132;111.213
