0;100;60
1;110;60
2;120;60
3;130;60
4;140;60
5;150;60
6;160;60
7;170;60
8;180;60
9;180;60
10;180;60
11;187.071;67.0711
12;187.071;67.0711
13;187.071;67.0711
14;180;74.1421
15;172.929;81.2132
16;165.858;88.2843
17;158.787;95.3553
18;151.716;102.426
19;144.645;109.497
20;144.645;109.497
21;144.645;109.497
22;137.574;102.426
23;130.503;95.3553
24;123.431;88.2843
25;116.36;81.2132
26;109.289;74.1421
27;102.218;67.0711
28;95.1472;60
29;88.0761;52.9289
30;81.0051;45.8579
31;73.934;38.7868
32;66.8629;31.7157
33;66.8629;31.7157
34;73.934;24.6447
35;81.0051;17.5736
36;88.0761;10.5025
37;88.0761;10.5025
38;88.0761;10.5025
39;95.1472;17.5736
40;102.218;24.6447
41;109.289;31.7157
42;116.36;38.7868
43;123.431;45.8579
44;130.503;52.9289
45;137.574;60
46;144.645;67.0711
47;151.716;74.1421
48;158.787;81.2132
49;165.858;88.2843
50;172.929;95.3553
51;180;102.426
52;180;102.426
53;172.929;109.497
54;172.929;109.497
55;172.929;109.497
56;165.858;102.426
57;158.787;95.3553
58;151.716;88.2843
59;144.645;81.2132
60;137.574;74.1421
61;130.503;67.0711
62;123.431;60
63;116.36;52.9289
64;109.289;45.8579
65;102.218;38.7868
66;95.1472;31.7157
67;95.1472;31.7157
68;102.218;24.6447
69;109.289;17.5736
70;116.36;10.5025
71;116.36;10.5025
72;116.36;10.5025
73;123.431;17.5736
74;130.503;24.6447
75;137.574;31.7157
76;144.645;38.7868
77;151.716;45.8579
78;158.787;52.9289
79;165.858;60
80;172.929;67.0711
81;180;74.1421
82;187.071;81.2132
83;187.071;81.2132
84;180;88.2843
85;172.929;95.3553
86;165.858;102.426
87;158.787;109.497
88;158.787;109.497
89;158.787;109.497
90;151.716;102.426
91;144.645;95.3553
92;137.574;88.2843
93;130.503;81.2132
94;123.431;74.1421
95;116.36;67.0711
96;109.289;60
97;102.218;52.9289
98;95.1472;45.8579
99;88.0761;38.7868
100;81.0051;31.7157
101;81.0051;31.7157
102;88.0761;24.6447
103;95.1472;17.5736
104;102.218;10.5025
105;102.218;10.5025
106;102.218;10.5025
107;109.289;17.5736
108;116.36;24.6447
109;123.431;31.7157
110;130.503;38.7868
111;137.574;45.8579
112;144.645;52.9289
113;151.716;60
114;158.787;67.0711
115;165.858;74.1421
116;172.929;81.2132
117;180;88.2843
118;180;88.2843
119;172.929;95.3553
120;165.858;102.426
121;158.787;109.497
122;158.787;109.497
123;158.787;109.497
124;151.716;102.426
125;144.645;95.3553
126;137.574;88.2843
127;130.503;81.2132
128;123.431;74.1421
129;116.36;67.0711
130;109.289;60
131;102.218;52.9289
132;95.1472;45.8579
133;88.0761;38.7868
134;81.0051;31.7157
135;81.0051;31.7157
136;88.0761;24.6447
137;95.1472;17.5736
138;102.218;10.5025
139;102.218;10.5025
140;102.218;10.5025
141;109.289;17.5736
142;116.36;24.6447
143;123.431;31.7157
144;130.503;38.7868
145;137.574;45.8579
146;144.645;52.9289
147;151.716;60
148;158.787;67.0711
149;165.858;74.1421
150;172.929;81.2132
151;180;88.2843
152;180;88.2843
153;172.929;95.3553
154;165.858;102.426
155;158.787;109.497
156;158.787;109.497
157;158.787;109.497
158;151.716;102.426
159;144.645;95.3553
160;137.574;88.2843
161;130.503;81.2132
162;123.431;74.1421
163;116.36;67.0711
164;109.289;60
165;102.218;52.9289
166;95.1472;45.8579
167;88.0761;38.7868
168;81.0051;31.7157
169;81.0051;31.7157
170;88.0761;24.6447
171;95.1472;17.5736
172;102.218;10.5025
173;102.218;10.5025
174;102.218;10.5025
175;109.289;17.5736
176;116.36;24.6447
177;123.431;31.7157
178;130.503;38.7868
179;137.574;45.8579
180;144.645;52.9289
181;151.716;60
182;158.787;67.0711
183;165.858;74.1421
184;172.929;81.2132
185;180;88.2843
186;180;88.2843
187;172.929;95.3553
188;165.858;102.426
189;158.787;109.497
190;158.787;109.497
191;158.787;109.497
192;151.716;102.426
193;144.645;95.3553
194;137.574;88.2843
195;130.503;81.2132
196;123.431;74.1421
197;116.36;67.0711
198;109.289;60
199;102.218;52.9289
200;95.1472;45.8579
201;88.0761;38.7868
202;81.0051;31.7157
203;81.0051;31.7157
204;88.0761;24.6447
205;95.1472;17.5736
206;102.218;10.5025
207;102.218;10.5025
208;102.218;10.5025
209;109.289;17.5736
210;116.36;24.6447
211;123.431;31.7157
212;130.503;38.7868
213;137.574;45.8579
214;144.645;52.9289
215;151.716;60
216;158.787;67.0711
217;165.858;74.1421
218;172.929;81.2132
219;180;88.2843
220;180;88.2843
221;172.929;95.3553
222;165.858;102.426
223;158.787;109.497
224;158.787;109.497
225;158.787;109.497
226;151.716;102.426
227;144.645;95.3553
228;137.574;88.2843
229;130.503;81.2132
230;123.431;74.1421
231;116.36;67.0711
232;109.289;60
233;102.218;52.9289
234;95.1472;45.8579
235;88.0761;38.7868
236;81.0051;31.7157
237;81.0051;31.7157
238;88.0761;24.6447
239;95.1472;17.5736
240;102.218;10.5025
241;102.218;10.5025
242;102.218;10.5025
243;109.289;17.5736
244;116.36;24.6447
245;123.431;31.7157
246;130.503;38.7868
247;137.574;45.8579
248;144.645;52.9289
249;151.716;60
250;158.787;67.0711
251;165.858;74.1421
252;172.929;81.2132
253;180;88.2843
254;180;88.2843
255;172.929;95.3553
256;165.858;102.426
257;158.787;109.497
258;158.787;109.497
259;158.787;109.497
260;151.716;102.426
261;144.645;95.3553
262;137.574;88.2843
263;130.503;81.2132
264;123.431;74.1421
265;116.36;67.0711
266;109.289;60
267;102.218;52.9289
268;95.1472;45.8579
269;88.0761;38.7868
270;81.0051;31.7157
271;81.0051;31.7157
272;88.0761;24.6447
273;95.1472;17.5736
274;102.218;10.5025
275;102.218;10.5025
276;102.218;10.5025
277;109.289;17.5736
278;116.36;24.6447
279;123.431;31.7157
280;130.503;38.7868
281;137.574;45.8579
282;144.645;52.9289
283;151.716;60
284;158.787;67.0711
285;165.858;74.1421
286;172.929;81.2132
287;180;88.2843
288;180;88.2843
289;172.929;95.3553
290;165.858;102.426
291;158.787;109.497
292;158.787;109.497
293;158.787;109.497
294;151.716;102.426
295;144.645;95.3553
296;137.574;88.2843
297;130.503;81.2132
298;123.431;74.1421
299;116.36;67.0711
300;109.289;60
