0;100;60
1;110;60
2;120;60
3;130;60
4;140;60
5;150;60
6;160;60
7;160;60
8;167.071;67.0711
9;174.142;74.1421
10;181.213;81.2132
11;188.284;88.2843
12;188.284;88.2843
13;181.213;95.3553
14;174.142;102.426
15;167.071;109.497
16;167.071;109.497
17;160;102.426
18;160;102.426
19;167.071;95.3553
20;174.142;88.2843
21;181.213;81.2132
22;181.213;81.2132
23;181.213;81.2132
24;188.284;88.2843
25;188.284;88.2843
26;188.284;88.2843
27;181.213;95.3553
28;174.142;102.426
29;167.071;109.497
30;167.071;109.497
31;160;102.426
32;160;102.426
33;167.071;95.3553
34;174.142;88.2843
35;181.213;81.2132
36;181.213;81.2132
37;181.213;81.2132
38;188.284;88.2843
39;188.284;88.2843
40;188.284;88.2843
41;181.213;95.3553
42;174.142;102.426
43;167.071;109.497
44;167.071;109.497
45;160;102.426
46;160;102.426
47;167.071;95.3553
48;174.142;88.2843
49;181.213;81.2132
50;181.213;81.2132
51;181.213;81.2132
52;188.284;88.2843
53;188.284;88.2843
54;188.284;88.2843
55;181.213;95.3553
56;174.142;102.426
57;167.071;109.497
58;167.071;109.497
59;160;102.426
60;160;102.426
61;167.071;95.3553
62;174.142;88.2843
63;181.213;81.2132
64;181.213;81.2132
65;181.213;81.2132
66;188.284;88.2843
67;188.284;88.2843
68;188.284;88.2843
69;181.213;95.3553
70;174.142;102.426
71;167.071;109.497
72;167.071;109.497
73;160;102.426
74;160;102.426
75;167.071;95.3553
76;174.142;88.2843
77;181.213;81.2132
78;181.213;81.2132
79;181.213;81.2132
80;188.284;88.2843
81;188.284;88.2843
82;188.284;88.2843
83;181.213;95.3553
84;174.142;102.426
85;167.071;109.497
86;167.071;109.497
87;160;102.426
88;160;102.426
89;167.071;95.3553
90;174.142;88.2843
91;181.213;81.2132
92;181.213;81.2132
93;181.213;81.2132
94;188.284;88.2843
95;188.284;88.2843
96;188.284;88.2843
97;181.213;95.3553
98;174.142;102.426
99;167.071;109.497
100;167.071;109.497
101;160;102.426
102;160;102.426
103;167.071;95.3553
104;174.142;88.2843
105;181.213;81.2132
106;181.213;81.2132
107;181.213;81.2132
108;188.284;88.2843
109;188.284;88.2843
110;188.284;88.2843
111;181.213;95.3553
112;174.142;102.426
113;167.071;109.497
114;167.071;109.497
115;160;102.426
116;160;102.426
117;167.071;95.3553
118;174.142;88.2843
119;181.213;81.2132
120;181.213;81.2132
121;181.213;81.2132
122;188.284;88.2843
123;188.284;88.2843
124;188.284;88.2843
125;181.213;95.3553
126;174.142;102.426
127;167.071;109.497
128;167.071;109.497
129;160;102.426
130;160;102.426
131;167.071;95.3553
132;174.142;88.2843
133;181.213;81.2132
134;181.213;81.2132
135;181.213;81.2132
136;188.284;88.2843
137;188.284;88.2843
138;188.284;88.2843
139;181.213;95.3553
140;174.142;102.426
141;167.071;109.497
142;167.071;109.497
143;160;102.426
144;160;102.426
145;167.071;95.3553
146;174.142;88.2843
147;181.213;81.2132
148;181.213;81.2132
149;181.213;81.2132
150;188.284;88.2843
151;188.284;88.2843
152;188.284;88.2843
153;181.213;95.3553
154;174.142;102.426
155;167.071;109.497
156;167.071;109.497
157;160;102.426
158;160;102.426
159;167.071;95.3553
160;174.142;88.2843
161;181.213;81.2132
162;181.213;81.2132
163;181.213;81.2132
164;188.284;88.2843
165;188.284;88.2843
166;188.284;88.2843
167;181.213;95.3553
168;174.142;102.426
169;167.071;109.497
170;167.071;109.497
171;160;102.426
172;160;102.426
173;167.071;95.3553
174;174.142;88.2843
175;181.213;81.2132
176;181.213;81.2132
177;181.213;81.2132
178;188.284;88.2843
179;188.284;88.2843
180;188.284;88.2843
181;181.213;95.3553
182;174.142;102.426
183;167.071;109.497
184;167.071;109.497
185;160;102.426
186;160;102.426
187;167.071;95.3553
188;174.142;88.2843
189;181.213;81.2132
190;181.213;81.2132
191;181.213;81.2132
192;188.284;88.2843
193;188.284;88.2843
194;188.284;88.2843
195;181.213;95.3553
196;174.142;102.426
197;167.071;109.497
198;167.071;109.497
199;160;102.426
200;160;102.426
201;167.071;95.3553
202;174.142;88.2843
203;181.213;81.2132
204;181.213;81.2132
205;181.213;81.2132
206;188.284;88.2843
207;188.284;88.2843
208;188.284;88.2843
209;181.213;95.3553
210;174.142;102.426
211;167.071;109.497
212;167.071;109.497
213;160;102.426
214;160;102.426
215;167.071;95.3553
216;174.142;88.2843
217;181.213;81.2132
218;181.213;81.2132
219;181.213;81.2132
220;188.284;88.2843
221;188.284;88.2843
222;188.284;88.2843
223;181.213;95.3553
224;174.142;102.426
225;167.071;109.497
226;167.071;109.497
227;160;102.426
228;160;102.426
229;167.071;95.3553
230;174.142;88.2843
231;181.213;81.2132
232;181.213;81.2132
233;181.213;81.2132
234;188.284;88.2843
235;188.284;88.2843
236;188.284;88.2843
237;181.213;95.3553
238;174.142;102.426
239;167.071;109.497
240;167.071;109.497
241;160;102.426
242;160;102.426
243;167.071;95.3553
244;174.142;88.2843
245;181.213;81.2132
246;181.213;81.2132
247;181.213;81.2132
248;188.284;88.2843
249;188.284;88.2843
250;188.284;88.2843
251;181.213;95.3553
252;174.142;102.426
253;167.071;109.497
254;167.071;109.497
255;160;102.426
256;160;102.426
257;167.071;95.3553
258;174.142;88.2843
259;181.213;81.2132
260;181.213;81.2132
261;181.213;81.2132
262;188.284;88.2843
263;188.284;88.2843
264;188.284;88.2843
265;181.213;95.3553
266;174.142;102.426
267;167.071;109.497
268;167.071;109.497
269;160;102.426
270;160;102.426
271;167.071;95.3553
272;174.142;88.2843
273;181.213;81.2132
274;181.213;81.2132
275;181.213;81.2132
276;188.284;88.2843
277;188.284;88.2843
278;188.284;88.2843
279;181.213;95.3553
280;174.142;102.426
281;167.071;109.497
282;167.071;109.497
283;160;102.426
284;160;102.426
285;167.071;95.3553
286;174.142;88.2843
287;181.213;81.2132
288;181.213;81.2132
289;181.213;81.2132
290;188.284;88.2843
291;188.284;88.2843
292;188.284;88.2843
293;181.213;95.3553
294;174.142;102.426
295;167.071;109.497
296;167.071;109.497
297;160;102.426
298;160;102.426
299;167.071;95.3553
300;174.142;88.2843
