-0.215
-0.099
-0.059
-0.032
-0.029
0.006
0.004
0.007
0.052
0.044
0.046
0.075
0.094
0.078
0.080
0.066
0.090
0.096
0.116
0.083
0.065
0.099
0.081
0.095
0.086
0.109
0.117
0.121
0.113
0.126
0.118
0.118
0.138
0.149
0.153
0.166
0.182
0.200
0.196
0.144
0.172
0.139
0.180
0.196
0.199
0.227
0.198
0.229
0.238
0.204
0.171
0.180
0.201
0.190
0.208
0.164
0.194
0.183
0.206
0.191
0.203
0.213
0.216
0.220
0.195
0.187
0.180
0.181
0.198
0.202
0.228
0.223
0.213
0.210
0.173
0.213
0.209
0.157
0.174
0.200
0.191
0.201
0.182
0.226
0.220
0.214
0.207
0.252
0.233
0.217
0.258
0.240
0.223
0.240
0.221
0.206
0.235
0.261
0.259
0.223
0.274
0.278
0.279
0.250
0.268
0.276
0.269
0.300
0.280
0.269
0.282
0.280
0.249
0.281
0.251
0.261
0.270
0.283
0.250
0.269
0.280
0.278
0.275
0.305
0.298
0.276
0.288
0.292
0.263
0.290
0.286
0.272
0.298
0.281
0.273
0.276
0.263
0.277
0.262
0.264
0.285
0.264
0.290
0.276
0.307
0.276
0.271
0.276
0.265
0.283
0.286
0.284
0.227
0.250
0.265
0.265
0.289
0.304
0.269
0.258
0.285
0.283
0.299
0.279
0.281
0.287
0.279
0.267
0.280
0.277
0.271
0.275
0.289
0.276
0.277
0.259
0.261
0.287
0.291
0.264
0.286
0.293
0.294
0.306
0.294
0.269
0.289
0.307
0.295
0.293
0.279
0.284
0.295
0.305
0.279
0.270
0.287
0.239
0.280
0.283
0.274
0.293
0.298
0.279
0.281
0.295
0.264
0.279
0.260
0.255
0.257
0.254
0.275
0.283
0.283
0.287
0.276
0.265
0.263
0.269
0.270
0.290
0.289
0.297
0.278
0.265
0.308
0.278
0.308
0.271
0.287
0.286
0.258
0.232
0.244
0.261
0.294
0.301
0.258
0.297
0.257
0.268
0.259
0.229
0.267
0.285
0.272
0.285
0.286
0.271
0.250
0.278
0.269
0.337
0.289
0.297
0.306
0.302
0.305
0.286
0.295
0.285
0.334
0.296
0.280
0.298
0.277
0.278
0.307
0.300
0.307
0.301
0.290
0.306
0.293
0.298
0.288
0.285
0.291
0.316
0.294
0.312
0.305
0.310
0.291
0.284
0.289
0.283
0.290
0.280
0.305
0.312
0.290
0.332
0.304
0.342
0.283
0.299
0.301
0.309
0.310
0.307
0.302
0.319
0.302
0.281
0.298
0.286
0.325
0.299
0.305
0.293
0.296
0.308
0.312
0.306
0.323
0.307
0.304
0.324
0.320
0.295
0.303
0.321
0.317
0.295
0.311
0.315
0.303
0.319
0.301
0.294
0.300
0.289
0.306
0.302
0.299
0.331
0.320
0.281
0.285
0.294
0.289
0.293
0.288
0.301
0.274
0.268
0.304
0.292
0.293
0.310
0.271
0.294
0.291
0.279
0.316
0.290
0.300
0.324
0.278
0.281
0.313
0.299
0.311
0.306
0.336
0.294
0.293
0.306
0.312
0.293
0.287
0.295
0.277
0.320
0.306
0.306
0.282
0.286
0.275
0.296
0.288
0.320
0.298
0.301
0.307
0.310
0.335
0.310
0.289
0.309
0.297
0.291
0.292
0.318
0.321
0.305
0.311
0.311
0.296
0.303
0.283
0.329
0.303
0.301
0.288
0.291
0.292
0.301
0.304
0.297
0.334
0.270
0.303
0.292
0.287
0.270
0.288
0.295
0.285
0.322
0.319
0.292
0.296
0.285
0.319
0.284
0.261
0.272
0.277
0.294
0.284
0.294
0.281
0.298
0.280
0.302
0.308
0.287
0.261
0.275
0.247
0.277
0.273
0.283
0.268
0.297
0.304
0.303
0.294
0.288
0.295
0.305
0.340
0.313
0.318
0.285
0.313
0.302
0.303
0.302
0.307
0.296
0.308
0.279
0.290
0.306
0.312
0.311
0.302
0.318
0.321
0.312
0.336
0.307
0.303
0.318
0.315
0.309
0.281
0.290
0.301
0.316
0.314
0.300
0.297
0.322
0.333
0.301
0.304
0.329
0.324
0.313
0.301
0.300
0.315
0.323
0.296
0.324
