-0.152
-0.051
-0.006
-0.003
0.031
0.056
0.059
0.062
0.044
0.064
0.090
0.100
0.102
0.086
0.130
0.131
0.150
0.160
0.160
0.145
0.126
0.170
0.171
0.163
0.173
0.173
0.162
0.176
0.175
0.164
0.180
0.165
0.181
0.180
0.181
0.186
0.190
0.183
0.195
0.161
0.174
0.170
0.185
0.162
0.172
0.167
0.166
0.140
0.171
0.200
0.181
0.165
0.164
0.163
0.186
0.181
0.185
0.184
0.191
0.206
0.182
0.188
0.190
0.189
0.197
0.189
0.194
0.185
0.193
0.203
0.192
0.191
0.181
0.187
0.200
0.199
0.190
0.195
0.190
0.205
0.190
0.206
0.203
0.194
0.199
0.190
0.199
0.209
0.199
0.198
0.205
0.192
0.206
0.188
0.187
0.197
0.188
0.193
0.205
0.214
0.211
0.208
0.204
0.209
0.192
0.216
0.211
0.196
0.205
0.213
0.210
0.216
0.199
0.217
0.217
0.215
0.219
0.198
0.202
0.214
0.209
0.201
0.200
0.203
0.211
0.202
0.216
0.204
0.215
0.222
0.213
0.215
0.196
0.215
0.209
0.211
0.203
0.215
0.207
0.202
0.202
0.211
0.206
0.218
0.204
0.205
0.223
0.208
0.203
0.219
0.214
0.209
0.210
0.198
0.213
0.216
0.213
0.205
0.214
0.222
0.206
0.213
0.201
0.207
0.219
0.214
0.224
0.208
0.196
0.201
0.196
0.212
0.219
0.211
0.201
0.204
0.216
0.223
0.206
0.184
0.194
0.205
0.211
0.206
0.208
0.207
0.198
0.212
0.210
0.219
0.202
0.214
0.208
0.204
0.196
0.198
0.210
0.209
0.213
0.200
0.222
0.207
0.211
0.219
0.219
0.207
0.200
0.209
0.220
0.210
0.218
0.214
0.195
0.204
0.222
0.209
0.215
0.221
0.200
0.216
0.212
0.214
0.205
0.205
0.205
0.218
0.205
0.213
0.185
0.214
0.207
0.218
0.217
0.197
0.192
0.210
0.204
0.202
0.192
0.222
0.191
0.182
0.215
0.205
0.209
0.220
0.202
0.205
0.218
0.213
0.205
0.228
0.199
0.207
0.216
0.200
0.212
0.214
0.214
0.205
0.215
0.200
0.216
0.209
0.213
0.216
0.225
0.216
0.210
0.204
0.212
0.213
0.202
0.208
0.221
0.221
0.211
0.209
0.202
0.207
0.211
0.217
0.225
0.212
0.213
0.202
0.206
0.214
0.207
0.214
0.229
0.225
0.208
0.199
0.203
0.229
0.206
0.220
0.214
0.220
0.214
0.222
0.223
0.202
0.213
0.216
0.219
0.218
0.216
0.210
0.211
0.222
0.214
0.204
0.224
0.228
0.208
0.219
0.222
0.228
0.227
0.214
0.206
0.209
0.226
0.216
0.221
0.213
0.212
0.219
0.222
0.217
0.205
0.212
0.210
0.226
0.206
0.225
0.210
0.209
0.214
0.211
0.200
0.230
0.211
0.226
0.222
0.217
0.220
0.204
0.218
0.232
0.216
0.216
0.214
0.219
0.220
0.215
0.215
0.227
0.207
0.217
0.217
0.207
0.226
0.206
0.213
0.217
0.205
0.203
0.205
0.221
0.214
0.209
0.213
0.221
0.210
0.217
0.216
0.203
0.217
0.222
0.216
0.222
0.230
0.213
0.222
0.220
0.209
0.225
0.209
0.212
0.203
0.219
0.226
0.219
0.227
0.213
0.228
0.222
0.217
0.220
0.224
0.214
0.220
0.222
0.220
0.222
0.218
0.213
0.220
0.216
0.211
0.217
0.211
0.219
0.223
0.223
0.222
0.206
0.214
0.222
0.232
0.214
0.213
0.210
0.223
0.216
0.220
0.231
0.226
0.222
0.216
0.218
0.211
0.223
0.213
0.226
0.208
0.212
0.226
0.224
0.220
0.223
0.229
0.215
0.213
0.220
0.206
0.216
0.216
0.218
0.232
0.220
0.231
0.214
0.200
0.216
0.224
0.223
0.218
0.224
0.221
0.228
0.219
0.227
0.231
0.235
0.224
0.229
0.224
0.232
0.229
0.221
0.227
0.226
0.244
0.233
0.226
0.216
0.223
0.220
0.220
0.225
0.217
0.223
0.197
0.223
0.211
0.220
0.219
0.227
0.207
0.224
0.213
0.222
0.215
0.222
0.224
0.223
