-0.232
-0.133
-0.029
-0.009
0.003
-0.002
0.017
0.041
0.064
0.084
0.127
0.129
0.146
0.119
0.152
0.165
0.159
0.160
0.159
0.157
0.175
0.178
0.168
0.161
0.175
0.180
0.147
0.172
0.168
0.166
0.184
0.192
0.179
0.200
0.185
0.181
0.199
0.191
0.155
0.194
0.186
0.195
0.193
0.196
0.189
0.215
0.190
0.211
0.200
0.205
0.226
0.197
0.201
0.220
0.192
0.204
0.194
0.198
0.195
0.190
0.205
0.196
0.208
0.225
0.222
0.208
0.198
0.188
0.227
0.212
0.206
0.232
0.215
0.215
0.213
0.215
0.206
0.209
0.209
0.217
0.187
0.187
0.201
0.220
0.203
0.210
0.224
0.200
0.210
0.221
0.207
0.216
0.215
0.202
0.216
0.218
0.176
0.194
0.202
0.213
0.224
0.218
0.195
0.213
0.230
0.223
0.197
0.217
0.227
0.231
0.233
0.209
0.232
0.217
0.221
0.211
0.204
0.213
0.210
0.230
0.210
0.220
0.208
0.215
0.208
0.208
0.213
0.216
0.196
0.223
0.218
0.226
0.219
0.221
0.216
0.219
0.236
0.242
0.219
0.217
0.216
0.214
0.226
0.238
0.226
0.235
0.212
0.232
0.234
0.212
0.221
0.219
0.224
0.225
0.222
0.221
0.231
0.218
0.235
0.219
0.227
0.223
0.209
0.236
0.234
0.225
0.221
0.245
0.225
0.223
0.232
0.239
0.224
0.230
0.227
0.240
0.229
0.227
0.232
0.223
0.236
0.243
0.232
0.246
0.233
0.247
0.255
0.240
0.236
0.232
0.219
0.237
0.235
0.231
0.226
0.227
0.223
0.238
0.227
0.229
0.225
0.215
0.226
0.235
0.240
0.234
0.207
0.229
0.229
0.239
0.234
0.215
0.234
0.220
0.209
0.253
0.248
0.236
0.243
0.222
0.218
0.217
0.217
0.242
0.227
0.224
0.222
0.225
0.206
0.215
0.231
0.219
0.211
0.210
0.212
0.220
0.235
0.228
0.217
0.225
0.237
0.237
0.226
0.226
0.237
0.231
0.229
0.234
0.232
0.233
0.232
0.237
0.227
0.210
0.240
0.226
0.237
0.218
0.219
0.223
0.216
0.210
0.240
0.230
0.223
0.229
0.239
0.251
0.248
0.253
0.235
0.240
0.244
0.236
0.231
0.224
0.245
0.244
0.218
0.220
0.227
0.230
0.235
0.238
0.218
0.230
0.247
0.221
0.215
0.224
0.213
0.227
0.248
0.200
0.222
0.236
0.228
0.225
0.231
0.234
0.239
0.250
0.234
0.240
0.229
0.219
0.230
0.229
0.222
0.233
0.226
0.243
0.240
0.207
0.230
0.239
0.219
0.243
0.246
0.219
0.244
0.254
0.220
0.229
0.232
0.244
0.230
0.243
0.236
0.245
0.233
0.243
0.246
0.228
0.244
0.244
0.235
0.250
0.238
0.254
0.252
0.243
0.245
0.250
0.255
0.251
0.238
0.237
0.240
0.255
0.239
0.246
0.220
0.255
0.247
0.234
0.241
0.225
0.244
0.247
0.229
0.235
0.246
0.228
0.221
0.223
0.230
0.230
0.237
0.237
0.240
0.238
0.226
0.234
0.240
0.239
0.236
0.244
0.224
0.249
0.238
0.256
0.253
0.238
0.240
0.244
0.240
0.252
0.245
0.242
0.245
0.238
0.233
0.241
0.245
0.245
0.248
0.238
0.231
0.234
0.254
0.250
0.238
0.234
0.244
0.237
0.253
0.241
0.241
0.236
0.246
0.253
0.255
0.248
0.251
0.256
0.256
0.243
0.252
0.257
0.247
0.237
0.254
0.256
0.266
0.256
0.236
0.248
0.264
0.242
0.262
0.241
0.252
0.248
0.247
0.244
0.237
0.250
0.248
0.263
0.247
0.243
0.263
0.274
0.262
0.264
0.263
0.245
0.235
0.239
0.249
0.260
0.247
0.259
0.256
0.243
0.258
0.240
0.240
0.257
0.260
0.264
0.258
0.243
0.255
0.252
0.253
0.249
0.220
0.247
0.248
0.245
0.253
0.244
0.257
0.245
0.243
0.240
0.243
0.256
0.255
0.248
0.252
0.255
0.241
0.254
0.249
0.255
0.255
0.255
0.257
0.255
0.236
0.256
0.251
0.258
0.266
0.261
0.257
0.256
