0.213
0.243
0.263
0.320
0.300
0.327
0.303
0.277
0.327
0.357
0.297
0.347
0.333
0.347
0.307
0.337
0.330
0.333
0.317
0.307
0.300
0.313
0.353
0.337
0.327
0.330
0.333
0.353
0.363
0.353
0.320
0.300
0.363
0.327
0.357
0.357
0.323
0.350
0.350
0.357
0.347
0.350
0.353
0.360
0.360
0.390
0.363
0.380
0.363
0.397
0.367
0.390
0.367
0.373
0.400
0.367
0.370
0.400
0.430
0.383
0.363
0.397
0.403
0.400
0.343
0.367
0.363
0.390
0.380
0.367
0.390
0.360
0.373
0.387
0.367
0.400
0.370
0.383
0.397
0.387
0.410
0.347
0.397
0.367
0.377
0.370
0.383
0.400
0.403
0.370
0.393
0.410
0.373
0.390
0.377
0.353
0.420
0.363
0.393
0.383
0.377
0.383
0.390
0.400
0.370
0.383
0.373
0.407
0.367
0.400
0.373
0.347
0.363
0.373
0.410
0.370
0.370
0.383
0.380
0.353
0.363
0.390
0.383
0.353
0.400
0.400
0.387
0.360
0.357
0.370
0.400
0.357
0.360
0.377
0.387
0.360
0.350
0.383
0.357
0.380
0.383
0.377
0.383
0.387
0.383
0.393
0.353
0.343
0.367
0.370
0.387
0.347
0.417
0.390
0.370
0.397
0.373
0.373
0.397
0.363
0.370
0.393
0.377
0.390
0.377
0.380
0.427
0.367
0.380
0.397
0.387
0.400
0.393
0.377
0.373
0.340
0.363
0.363
0.390
0.370
0.403
0.370
0.410
0.360
0.367
0.403
0.357
0.380
0.417
0.397
0.383
0.407
0.367
0.380
0.393
0.400
0.370
0.383
0.357
0.403
0.393
0.387
0.390
0.370
0.347
0.363
0.383
0.407
0.373
0.390
0.350
0.403
0.383
0.390
0.350
0.363
0.380
0.373
0.413
0.350
0.383
0.387
0.387
0.360
0.350
0.390
0.390
0.393
0.373
0.343
0.400
0.377
0.370
0.397
0.380
0.380
0.363
0.370
0.407
0.380
0.367
0.373
0.387
0.373
0.387
0.390
0.410
0.357
0.360
0.357
0.387
0.360
0.387
0.383
0.407
0.363
0.387
0.393
0.413
0.353
0.357
0.360
0.363
0.370
0.373
0.380
0.367
0.387
0.363
0.367
0.383
0.390
0.397
0.383
0.377
0.380
0.367
0.370
0.393
0.360
0.393
0.393
0.420
0.383
0.360
0.377
0.393
0.377
0.373
0.387
0.417
0.393
0.407
0.380
0.370
0.387
0.383
0.370
0.387
0.387
0.383
0.357
0.393
0.410
0.367
0.363
0.400
0.357
0.360
0.347
0.400
0.400
0.387
0.367
0.397
0.390
0.393
0.383
0.367
0.410
0.370
0.393
0.397
0.360
0.353
0.363
0.400
0.363
0.380
0.380
0.380
0.383
0.363
0.343
0.370
0.400
0.367
0.370
0.397
0.390
0.410
0.387
0.377
0.393
0.360
0.377
0.410
0.377
0.373
0.363
0.377
0.417
0.383
0.373
0.417
0.377
0.410
0.367
0.340
0.367
0.377
0.377
0.390
0.360
0.390
0.373
0.380
0.373
0.383
0.357
0.400
0.377
0.363
0.380
0.347
0.403
0.380
0.377
0.363
0.377
0.370
0.373
0.410
0.373
0.377
0.400
0.400
0.367
0.380
0.400
0.363
0.413
0.407
0.410
0.390
0.370
0.390
0.383
0.377
0.373
0.393
0.410
0.377
0.387
0.373
0.367
0.403
0.383
0.383
0.387
0.400
0.363
0.430
0.413
0.383
0.393
0.370
0.363
0.373
0.403
0.400
0.380
0.383
0.387
0.393
0.380
0.380
0.367
0.440
0.397
0.357
0.387
0.377
0.407
0.373
0.393
0.390
0.377
0.383
0.347
0.370
0.370
0.353
0.380
0.383
0.400
0.370
0.360
0.377
0.363
0.360
0.373
0.343
0.390
0.387
0.363
0.383
0.363
0.387
0.377
0.373
0.343
0.377
0.367
0.390
0.413
0.403
0.350
0.373
0.373
0.390
0.380
0.383
0.353
0.363
0.380
0.393
0.403
0.370
0.380
0.397
0.380
0.383
0.390
0.377
0.370
0.377
0.400
0.363
0.363
0.380
0.383
0.397
0.377
0.377
0.357
0.347
0.350
0.350
0.333
