0;100;60
1;110;60
2;120;60
3;130;60
4;140;60
5;150;60
6;160;60
7;170;60
8;180;60
9;180;60
10;187.071;67.0711
11;187.071;67.0711
12;187.071;67.0711
13;187.071;67.0711
14;187.071;77.0711
15;187.071;87.0711
16;187.071;97.0711
17;187.071;107.071
18;187.071;107.071
19;187.071;107.071
20;177.071;107.071
21;167.071;107.071
22;157.071;107.071
23;157.071;107.071
24;157.071;97.0711
25;157.071;97.0711
26;167.071;97.0711
27;177.071;97.0711
28;187.071;97.0711
29;187.071;97.0711
30;187.071;97.0711
31;187.071;97.0711
32;187.071;107.071
33;187.071;107.071
34;187.071;107.071
35;187.071;107.071
36;177.071;107.071
37;167.071;107.071
38;157.071;107.071
39;157.071;107.071
40;157.071;97.0711
41;157.071;97.0711
42;167.071;97.0711
43;177.071;97.0711
44;187.071;97.0711
45;187.071;97.0711
46;187.071;97.0711
47;187.071;97.0711
48;187.071;107.071
49;187.071;107.071
50;187.071;107.071
51;187.071;107.071
52;177.071;107.071
53;167.071;107.071
54;157.071;107.071
55;157.071;107.071
56;157.071;97.0711
57;157.071;97.0711
58;167.071;97.0711
59;177.071;97.0711
60;187.071;97.0711
61;187.071;97.0711
62;187.071;97.0711
63;187.071;97.0711
64;187.071;107.071
65;187.071;107.071
66;187.071;107.071
67;187.071;107.071
68;177.071;107.071
69;167.071;107.071
70;157.071;107.071
71;157.071;107.071
72;157.071;97.0711
73;157.071;97.0711
74;167.071;97.0711
75;177.071;97.0711
76;187.071;97.0711
77;187.071;97.0711
78;187.071;97.0711
79;187.071;97.0711
80;187.071;107.071
81;187.071;107.071
82;187.071;107.071
83;187.071;107.071
84;177.071;107.071
85;167.071;107.071
86;157.071;107.071
87;157.071;107.071
88;157.071;97.0711
89;157.071;97.0711
90;167.071;97.0711
91;177.071;97.0711
92;187.071;97.0711
93;187.071;97.0711
94;187.071;97.0711
95;187.071;97.0711
96;187.071;107.071
97;187.071;107.071
98;187.071;107.071
99;187.071;107.071
100;177.071;107.071
101;167.071;107.071
102;157.071;107.071
103;157.071;107.071
104;157.071;97.0711
105;157.071;97.0711
106;167.071;97.0711
107;177.071;97.0711
108;187.071;97.0711
109;187.071;97.0711
110;187.071;97.0711
111;187.071;97.0711
112;187.071;107.071
113;187.071;107.071
114;187.071;107.071
115;187.071;107.071
116;177.071;107.071
117;167.071;107.071
118;157.071;107.071
119;157.071;107.071
120;157.071;97.0711
121;157.071;97.0711
122;167.071;97.0711
123;177.071;97.0711
124;187.071;97.0711
125;187.071;97.0711
126;187.071;97.0711
127;187.071;97.0711
128;187.071;107.071
129;187.071;107.071
130;187.071;107.071
131;187.071;107.071
132;177.071;107.071
133;167.071;107.071
134;157.071;107.071
135;157.071;107.071
136;157.071;97.0711
137;157.071;97.0711
138;167.071;97.0711
139;177.071;97.0711
140;187.071;97.0711
141;187.071;97.0711
142;187.071;97.0711
143;187.071;97.0711
144;187.071;107.071
145;187.071;107.071
146;187.071;107.071
147;187.071;107.071
148;177.071;107.071
149;167.071;107.071
150;157.071;107.071
151;157.071;107.071
152;157.071;97.0711
153;157.071;97.0711
154;167.071;97.0711
155;177.071;97.0711
156;187.071;97.0711
157;187.071;97.0711
158;187.071;97.0711
159;187.071;97.0711
160;187.071;107.071
161;187.071;107.071
162;187.071;107.071
163;187.071;107.071
164;177.071;107.071
165;167.071;107.071
166;157.071;107.071
167;157.071;107.071
168;157.071;97.0711
169;157.071;97.0711
170;167.071;97.0711
171;177.071;97.0711
172;187.071;97.0711
173;187.071;97.0711
174;187.071;97.0711
175;187.071;97.0711
176;187.071;107.071
177;187.071;107.071
178;187.071;107.071
179;187.071;107.071
180;177.071;107.071
181;167.071;107.071
182;157.071;107.071
183;157.071;107.071
184;157.071;97.0711
185;157.071;97.0711
186;167.071;97.0711
187;177.071;97.0711
188;187.071;97.0711
189;187.071;97.0711
190;187.071;97.0711
191;187.071;97.0711
192;187.071;107.071
193;187.071;107.071
194;187.071;107.071
195;187.071;107.071
196;177.071;107.071
197;167.071;107.071
198;157.071;107.071
199;157.071;107.071
200;157.071;97.0711
201;157.071;97.0711
202;167.071;97.0711
203;177.071;97.0711
204;187.071;97.0711
205;187.071;97.0711
206;187.071;97.0711
207;187.071;97.0711
208;187.071;107.071
209;187.071;107.071
210;187.071;107.071
211;187.071;107.071
212;177.071;107.071
213;167.071;107.071
214;157.071;107.071
215;157.071;107.071
216;157.071;97.0711
217;157.071;97.0711
218;167.071;97.0711
219;177.071;97.0711
220;187.071;97.0711
221;187.071;97.0711
222;187.071;97.0711
223;187.071;97.0711
224;187.071;107.071
225;187.071;107.071
226;187.071;107.071
227;187.071;107.071
228;177.071;107.071
229;167.071;107.071
230;157.071;107.071
231;157.071;107.071
232;157.071;97.0711
233;157.071;97.0711
234;167.071;97.0711
235;177.071;97.0711
236;187.071;97.0711
237;187.071;97.0711
238;187.071;97.0711
239;187.071;97.0711
240;187.071;107.071
241;187.071;107.071
242;187.071;107.071
243;187.071;107.071
244;177.071;107.071
245;167.071;107.071
246;157.071;107.071
247;157.071;107.071
248;157.071;97.0711
249;157.071;97.0711
250;167.071;97.0711
251;177.071;97.0711
252;187.071;97.0711
253;187.071;97.0711
254;187.071;97.0711
255;187.071;97.0711
256;187.071;107.071
257;187.071;107.071
258;187.071;107.071
259;187.071;107.071
260;177.071;107.071
261;167.071;107.071
262;157.071;107.071
263;157.071;107.071
264;157.071;97.0711
265;157.071;97.0711
266;167.071;97.0711
267;177.071;97.0711
268;187.071;97.0711
269;187.071;97.0711
270;187.071;97.0711
271;187.071;97.0711
272;187.071;107.071
273;187.071;107.071
274;187.071;107.071
275;187.071;107.071
276;177.071;107.071
277;167.071;107.071
278;157.071;107.071
279;157.071;107.071
280;157.071;97.0711
281;157.071;97.0711
282;167.071;97.0711
283;177.071;97.0711
284;187.071;97.0711
285;187.071;97.0711
286;187.071;97.0711
287;187.071;97.0711
288;187.071;107.071
289;187.071;107.071
290;187.071;107.071
291;187.071;107.071
292;177.071;107.071
293;167.071;107.071
294;157.071;107.071
295;157.071;107.071
296;157.071;97.0711
297;157.071;97.0711
298;167.071;97.0711
299;177.071;97.0711
300;187.071;97.0711
