0;100;60
1;110;60
2;120;60
3;120;60
4;120;70
5;120;80
6;120;80
7;127.071;87.0711
8;134.142;94.1421
9;141.213;101.213
10;148.284;108.284
11;148.284;108.284
12;148.284;108.284
13;148.284;108.284
14;148.284;108.284
15;148.284;108.284
16;148.284;98.2843
17;148.284;98.2843
18;158.284;98.2843
19;168.284;98.2843
20;178.284;98.2843
21;188.284;98.2843
22;188.284;98.2843
23;188.284;98.2843
24;188.284;108.284
25;188.284;108.284
26;188.284;108.284
27;178.284;108.284
28;168.284;108.284
29;168.284;108.284
30;168.284;98.2843
31;168.284;98.2843
32;178.284;98.2843
33;188.284;98.2843
34;188.284;98.2843
35;188.284;98.2843
36;188.284;108.284
37;188.284;108.284
38;188.284;108.284
39;178.284;108.284
40;168.284;108.284
41;168.284;108.284
42;168.284;98.2843
43;168.284;98.2843
44;178.284;98.2843
45;188.284;98.2843
46;188.284;98.2843
47;188.284;98.2843
48;188.284;108.284
49;188.284;108.284
50;188.284;108.284
51;178.284;108.284
52;168.284;108.284
53;168.284;108.284
54;168.284;98.2843
55;168.284;98.2843
56;178.284;98.2843
57;188.284;98.2843
58;188.284;98.2843
59;188.284;98.2843
60;188.284;108.284
61;188.284;108.284
62;188.284;108.284
63;178.284;108.284
64;168.284;108.284
65;168.284;108.284
66;168.284;98.2843
67;168.284;98.2843
68;178.284;98.2843
69;188.284;98.2843
70;188.284;98.2843
71;188.284;98.2843
72;188.284;108.284
73;188.284;108.284
74;188.284;108.284
75;178.284;108.284
76;168.284;108.284
77;168.284;108.284
78;168.284;98.2843
79;168.284;98.2843
80;178.284;98.2843
81;188.284;98.2843
82;188.284;98.2843
83;188.284;98.2843
84;188.284;108.284
85;188.284;108.284
86;188.284;108.284
87;178.284;108.284
88;168.284;108.284
89;168.284;108.284
90;168.284;98.2843
91;168.284;98.2843
92;178.284;98.2843
93;188.284;98.2843
94;188.284;98.2843
95;188.284;98.2843
96;188.284;108.284
97;188.284;108.284
98;188.284;108.284
99;178.284;108.284
100;168.284;108.284
101;168.284;108.284
102;168.284;98.2843
103;168.284;98.2843
104;178.284;98.2843
105;188.284;98.2843
106;188.284;98.2843
107;188.284;98.2843
108;188.284;108.284
109;188.284;108.284
110;188.284;108.284
111;178.284;108.284
112;168.284;108.284
113;168.284;108.284
114;168.284;98.2843
115;168.284;98.2843
116;178.284;98.2843
117;188.284;98.2843
118;188.284;98.2843
119;188.284;98.2843
120;188.284;108.284
121;188.284;108.284
122;188.284;108.284
123;178.284;108.284
124;168.284;108.284
125;168.284;108.284
126;168.284;98.2843
127;168.284;98.2843
128;178.284;98.2843
129;188.284;98.2843
130;188.284;98.2843
131;188.284;98.2843
132;188.284;108.284
133;188.284;108.284
134;188.284;108.284
135;178.284;108.284
136;168.284;108.284
137;168.284;108.284
138;168.284;98.2843
139;168.284;98.2843
140;178.284;98.2843
141;188.284;98.2843
142;188.284;98.2843
143;188.284;98.2843
144;188.284;108.284
145;188.284;108.284
146;188.284;108.284
147;178.284;108.284
148;168.284;108.284
149;168.284;108.284
150;168.284;98.2843
151;168.284;98.2843
152;178.284;98.2843
153;188.284;98.2843
154;188.284;98.2843
155;188.284;98.2843
156;188.284;108.284
157;188.284;108.284
158;188.284;108.284
159;178.284;108.284
160;168.284;108.284
161;168.284;108.284
162;168.284;98.2843
163;168.284;98.2843
164;178.284;98.2843
165;188.284;98.2843
166;188.284;98.2843
167;188.284;98.2843
168;188.284;108.284
169;188.284;108.284
170;188.284;108.284
171;178.284;108.284
172;168.284;108.284
173;168.284;108.284
174;168.284;98.2843
175;168.284;98.2843
176;178.284;98.2843
177;188.284;98.2843
178;188.284;98.2843
179;188.284;98.2843
180;188.284;108.284
181;188.284;108.284
182;188.284;108.284
183;178.284;108.284
184;168.284;108.284
185;168.284;108.284
186;168.284;98.2843
187;168.284;98.2843
188;178.284;98.2843
189;188.284;98.2843
190;188.284;98.2843
191;188.284;98.2843
192;188.284;108.284
193;188.284;108.284
194;188.284;108.284
195;178.284;108.284
196;168.284;108.284
197;168.284;108.284
198;168.284;98.2843
199;168.284;98.2843
200;178.284;98.2843
201;188.284;98.2843
202;188.284;98.2843
203;188.284;98.2843
204;188.284;108.284
205;188.284;108.284
206;188.284;108.284
207;178.284;108.284
208;168.284;108.284
209;168.284;108.284
210;168.284;98.2843
211;168.284;98.2843
212;178.284;98.2843
213;188.284;98.2843
214;188.284;98.2843
215;188.284;98.2843
216;188.284;108.284
217;188.284;108.284
218;188.284;108.284
219;178.284;108.284
220;168.284;108.284
221;168.284;108.284
222;168.284;98.2843
223;168.284;98.2843
224;178.284;98.2843
225;188.284;98.2843
226;188.284;98.2843
227;188.284;98.2843
228;188.284;108.284
229;188.284;108.284
230;188.284;108.284
231;178.284;108.284
232;168.284;108.284
233;168.284;108.284
234;168.284;98.2843
235;168.284;98.2843
236;178.284;98.2843
237;188.284;98.2843
238;188.284;98.2843
239;188.284;98.2843
240;188.284;108.284
241;188.284;108.284
242;188.284;108.284
243;178.284;108.284
244;168.284;108.284
245;168.284;108.284
246;168.284;98.2843
247;168.284;98.2843
248;178.284;98.2843
249;188.284;98.2843
250;188.284;98.2843
251;188.284;98.2843
252;188.284;108.284
253;188.284;108.284
254;188.284;108.284
255;178.284;108.284
256;168.284;108.284
257;168.284;108.284
258;168.284;98.2843
259;168.284;98.2843
260;178.284;98.2843
261;188.284;98.2843
262;188.284;98.2843
263;188.284;98.2843
264;188.284;108.284
265;188.284;108.284
266;188.284;108.284
267;178.284;108.284
268;168.284;108.284
269;168.284;108.284
270;168.284;98.2843
271;168.284;98.2843
272;178.284;98.2843
273;188.284;98.2843
274;188.284;98.2843
275;188.284;98.2843
276;188.284;108.284
277;188.284;108.284
278;188.284;108.284
279;178.284;108.284
280;168.284;108.284
281;168.284;108.284
282;168.284;98.2843
283;168.284;98.2843
284;178.284;98.2843
285;188.284;98.2843
286;188.284;98.2843
287;188.284;98.2843
288;188.284;108.284
289;188.284;108.284
290;188.284;108.284
291;178.284;108.284
292;168.284;108.284
293;168.284;108.284
294;168.284;98.2843
295;168.284;98.2843
296;178.284;98.2843
297;188.284;98.2843
298;188.284;98.2843
299;188.284;98.2843
300;188.284;108.284
