0.352
0.348
0.355
0.375
0.393
0.402
0.393
0.402
0.407
0.402
0.425
0.432
0.522
0.472
0.532
0.517
0.520
0.530
0.532
0.525
0.532
0.525
0.517
0.542
0.523
0.543
0.538
0.538
0.545
0.538
0.538
0.532
0.538
0.540
0.530
0.538
0.540
0.535
0.538
0.540
0.532
0.537
0.550
0.547
0.542
0.535
0.535
0.530
0.542
0.537
0.543
0.540
0.537
0.543
0.538
0.540
0.532
0.545
0.538
0.542
0.548
0.542
0.537
0.540
0.540
0.545
0.533
0.543
0.545
0.598
0.603
0.610
0.600
0.602
0.615
0.612
0.607
0.607
0.625
0.615
0.613
0.612
0.612
0.613
0.622
0.620
0.622
0.630
0.625
0.627
0.627
0.630
0.623
0.623
0.628
0.622
0.623
0.630
0.628
0.627
0.638
0.627
0.628
0.622
0.623
0.630
0.628
0.625
0.625
0.625
0.628
0.627
0.628
0.623
0.632
0.627
0.640
0.628
0.627
0.625
0.627
0.632
0.627
0.632
0.640
0.628
0.625
0.627
0.623
0.630
0.623
0.625
0.628
0.628
0.625
0.623
0.623
0.630
0.623
0.625
0.630
0.632
0.625
0.627
0.625
0.625
0.628
0.625
0.623
0.628
0.625
0.630
0.628
0.625
0.625
0.627
0.623
0.627
0.625
0.627
0.625
0.627
0.627
0.623
0.628
0.625
0.625
0.633
0.625
0.632
0.625
0.627
0.633
0.623
0.625
0.625
0.627
0.628
0.627
0.622
0.627
0.633
0.630
0.625
0.632
0.632
0.622
0.628
0.628
0.625
0.623
0.630
0.630
0.625
0.628
0.627
0.630
0.622
0.625
0.622
0.627
0.632
0.627
0.627
0.633
0.628
0.627
0.623
0.628
0.635
0.632
0.633
0.643
0.633
0.638
0.645
0.643
0.648
0.647
0.647
0.643
0.648
0.642
0.645
0.653
0.650
0.650
0.653
0.645
0.657
0.650
0.653
0.652
0.645
0.647
0.653
0.650
0.648
0.657
0.652
0.650
0.648
0.653
0.648
0.652
0.652
0.655
0.652
0.650
0.652
0.650
0.647
0.650
0.657
0.652
0.648
0.652
0.655
0.653
0.648
0.648
0.647
0.653
0.655
0.647
0.648
0.653
0.652
0.647
0.650
0.655
0.653
0.655
0.647
0.653
0.653
0.650
0.653
0.650
0.655
0.655
0.652
0.655
0.648
0.647
0.652
0.650
0.657
0.655
0.652
0.650
0.648
0.652
0.655
0.653
0.652
0.652
0.650
0.650
0.650
0.652
0.652
0.648
0.648
0.650
0.648
0.657
0.647
0.657
0.648
0.653
0.648
0.653
0.650
0.648
0.652
0.653
0.653
0.652
0.652
0.650
0.645
0.647
0.652
0.648
0.650
0.653
0.658
0.652
0.652
0.652
0.658
0.652
0.652
0.650
0.653
0.655
0.647
0.653
0.657
0.648
0.652
0.645
0.652
0.655
0.647
0.650
0.653
0.648
0.652
0.658
0.653
0.652
0.652
0.650
0.652
0.650
0.645
0.650
0.653
0.648
0.653
0.653
0.650
0.647
0.648
0.650
0.650
0.648
0.652
0.652
0.650
0.652
0.647
0.648
0.655
0.658
0.662
0.652
0.655
0.652
0.653
0.655
0.652
0.652
0.652
0.652
0.653
0.655
0.653
0.652
0.653
0.658
0.650
0.660
0.648
0.653
0.647
0.648
0.653
0.648
0.650
0.650
0.647
0.650
0.648
0.650
0.648
0.658
0.650
0.653
0.643
0.648
0.648
0.658
0.653
0.660
0.650
0.652
0.650
0.655
0.655
0.653
0.648
0.652
0.653
0.652
0.648
0.650
0.655
0.658
0.655
0.650
0.658
0.648
0.650
0.653
0.652
0.653
0.653
0.650
0.652
0.655
0.652
0.648
0.650
0.652
0.652
0.658
0.652
0.660
0.650
0.652
0.655
0.653
0.653
0.648
0.650
0.650
0.648
0.648
0.653
0.648
0.650
0.655
0.655
0.648
0.657
0.652
0.648
0.652
0.655
0.652
0.652
0.653
0.653
0.645
0.647
0.653
0.652
0.655
0.653
0.653
0.653
0.650
0.648
0.658
0.648
0.647
0.650
0.650
0.653
0.648
0.652
0.650
0.653
0.650
0.648
0.652
0.655
