0.272
0.338
0.350
0.352
0.375
0.375
0.410
0.390
0.382
0.395
0.388
0.392
0.415
0.417
0.412
0.405
0.417
0.413
0.408
0.420
0.410
0.423
0.422
0.405
0.437
0.480
0.460
0.467
0.483
0.463
0.478
0.482
0.472
0.503
0.492
0.512
0.513
0.507
0.522
0.505
0.508
0.502
0.510
0.518
0.522
0.522
0.515
0.532
0.533
0.525
0.540
0.528
0.547
0.540
0.548
0.540
0.543
0.555
0.577
0.592
0.603
0.597
0.605
0.617
0.612
0.627
0.620
0.613
0.618
0.620
0.625
0.627
0.628
0.625
0.622
0.628
0.628
0.632
0.638
0.628
0.632
0.632
0.635
0.633
0.637
0.640
0.637
0.642
0.653
0.648
0.650
0.662
0.652
0.655
0.655
0.653
0.663
0.662
0.658
0.668
0.662
0.658
0.658
0.668
0.660
0.658
0.660
0.662
0.658
0.665
0.658
0.667
0.660
0.662
0.657
0.663
0.660
0.660
0.662
0.660
0.658
0.660
0.658
0.658
0.662
0.660
0.665
0.660
0.655
0.657
0.658
0.662
0.665
0.662
0.662
0.658
0.658
0.660
0.662
0.660
0.663
0.660
0.662
0.662
0.658
0.658
0.662
0.657
0.662
0.660
0.662
0.660
0.660
0.657
0.658
0.662
0.658
0.660
0.660
0.660
0.662
0.665
0.657
0.665
0.657
0.657
0.662
0.657
0.658
0.668
0.657
0.663
0.662
0.665
0.662
0.657
0.668
0.660
0.660
0.658
0.657
0.658
0.658
0.660
0.668
0.660
0.660
0.663
0.663
0.662
0.662
0.660
0.667
0.660
0.662
0.662
0.658
0.665
0.660
0.668
0.665
0.657
0.660
0.663
0.655
0.660
0.655
0.658
0.660
0.660
0.670
0.663
0.667
0.662
0.660
0.658
0.663
0.660
0.655
0.658
0.660
0.662
0.663
0.662
0.662
0.658
0.660
0.663
0.667
0.660
0.660
0.660
0.667
0.658
0.663
0.658
0.660
0.665
0.663
0.660
0.660
0.662
0.663
0.660
0.658
0.658
0.663
0.657
0.662
0.660
0.662
0.657
0.657
0.662
0.663
0.662
0.667
0.658
0.672
0.663
0.662
0.662
0.662
0.657
0.662
0.660
0.657
0.660
0.655
0.662
0.658
0.658
0.655
0.660
0.663
0.662
0.657
0.668
0.660
0.660
0.658
0.660
0.662
0.663
0.658
0.660
0.658
0.662
0.662
0.658
0.665
0.660
0.665
0.658
0.660
0.667
0.668
0.660
0.663
0.667
0.670
0.663
0.668
0.672
0.672
0.667
0.667
0.667
0.663
0.667
0.663
0.672
0.668
0.672
0.668
0.668
0.682
0.667
0.678
0.667
0.670
0.668
0.673
0.672
0.668
0.668
0.668
0.670
0.668
0.673
0.668
0.668
0.670
0.665
0.668
0.668
0.670
0.668
0.668
0.667
0.673
0.673
0.668
0.672
0.670
0.668
0.668
0.668
0.668
0.667
0.665
0.668
0.665
0.673
0.670
0.668
0.668
0.668
0.668
0.670
0.670
0.672
0.670
0.675
0.667
0.670
0.672
0.670
0.668
0.668
0.667
0.675
0.670
0.668
0.668
0.672
0.668
0.672
0.673
0.672
0.667
0.670
0.672
0.668
0.672
0.667
0.668
0.670
0.672
0.670
0.668
0.668
0.675
0.672
0.665
0.672
0.670
0.667
0.670
0.670
0.675
0.670
0.667
0.670
0.672
0.673
0.668
0.673
0.670
0.668
0.667
0.667
0.670
0.678
0.672
0.672
0.673
0.672
0.672
0.672
0.672
0.668
0.670
0.673
0.668
0.668
0.670
0.672
0.668
0.668
0.675
0.668
0.672
0.677
0.668
0.672
0.670
0.668
0.670
0.668
0.670
0.668
0.670
0.672
0.668
0.668
0.667
0.668
0.677
0.670
0.668
0.670
0.670
0.668
0.667
0.672
0.670
0.673
0.680
0.668
0.670
0.667
0.668
0.672
0.668
0.668
0.672
0.673
0.670
0.668
0.672
0.668
0.672
0.667
0.680
0.673
0.667
0.670
0.672
0.675
0.670
0.668
0.670
0.672
0.668
0.667
0.670
0.670
0.675
0.670
0.672
0.665
0.668
0.672
0.672
0.665
0.675
0.670
0.675
0.665
