0;100;60
1;110;60
2;110;60
3;117.071;67.0711
4;124.142;74.1421
5;131.213;81.2132
6;138.284;88.2843
7;145.355;95.3553
8;152.426;102.426
9;159.497;109.497
10;159.497;109.497
11;159.497;109.497
12;169.497;109.497
13;169.497;109.497
14;176.569;102.426
15;183.64;95.3553
16;190.711;88.2843
17;190.711;88.2843
18;190.711;88.2843
19;190.711;78.2843
20;190.711;68.2843
21;190.711;58.2843
22;190.711;48.2843
23;190.711;38.2843
24;190.711;38.2843
25;183.64;31.2132
26;176.569;24.1421
27;169.497;17.0711
28;162.426;10
29;162.426;10
30;162.426;10
31;152.426;10
32;142.426;10
33;132.426;10
34;122.426;10
35;112.426;10
36;102.426;10
37;92.4264;10
38;82.4264;10
39;72.4264;10
40;62.4264;10
41;52.4264;10
42;42.4264;10
43;32.4264;10
44;32.4264;10
45;25.3553;17.0711
46;18.2843;24.1421
47;11.2132;31.2132
48;11.2132;31.2132
49;11.2132;31.2132
50;11.2132;41.2132
51;11.2132;51.2132
52;11.2132;61.2132
53;11.2132;71.2132
54;11.2132;81.2132
55;11.2132;81.2132
56;18.2843;88.2843
57;25.3553;95.3553
58;32.4264;102.426
59;39.4975;109.497
60;39.4975;109.497
61;39.4975;109.497
62;49.4975;109.497
63;59.4975;109.497
64;69.4975;109.497
65;79.4975;109.497
66;89.4975;109.497
67;99.4975;109.497
68;109.497;109.497
69;119.497;109.497
70;129.497;109.497
71;139.497;109.497
72;149.497;109.497
73;159.497;109.497
74;169.497;109.497
75;169.497;109.497
76;176.569;102.426
77;183.64;95.3553
78;190.711;88.2843
79;190.711;88.2843
80;190.711;88.2843
81;190.711;78.2843
82;190.711;68.2843
83;190.711;58.2843
84;190.711;48.2843
85;190.711;38.2843
86;190.711;38.2843
87;183.64;31.2132
88;176.569;24.1421
89;169.497;17.0711
90;162.426;10
91;162.426;10
92;162.426;10
93;152.426;10
94;142.426;10
95;132.426;10
96;122.426;10
97;112.426;10
98;102.426;10
99;92.4264;10
100;82.4264;10
101;72.4264;10
102;62.4264;10
103;52.4264;10
104;42.4264;10
105;32.4264;10
106;32.4264;10
107;25.3553;17.0711
108;18.2843;24.1421
109;11.2132;31.2132
110;11.2132;31.2132
111;11.2132;31.2132
112;11.2132;41.2132
113;11.2132;51.2132
114;11.2132;61.2132
115;11.2132;71.2132
116;11.2132;81.2132
117;11.2132;81.2132
118;18.2843;88.2843
119;25.3553;95.3553
120;32.4264;102.426
121;39.4975;109.497
122;39.4975;109.497
123;39.4975;109.497
124;49.4975;109.497
125;59.4975;109.497
126;69.4975;109.497
127;79.4975;109.497
128;89.4975;109.497
129;99.4975;109.497
130;109.497;109.497
131;119.497;109.497
132;129.497;109.497
133;139.497;109.497
134;149.497;109.497
135;159.497;109.497
136;169.497;109.497
137;169.497;109.497
138;176.569;102.426
139;183.64;95.3553
140;190.711;88.2843
141;190.711;88.2843
142;190.711;88.2843
143;190.711;78.2843
144;190.711;68.2843
145;190.711;58.2843
146;190.711;48.2843
147;190.711;38.2843
148;190.711;38.2843
149;183.64;31.2132
150;176.569;24.1421
151;169.497;17.0711
152;162.426;10
153;162.426;10
154;162.426;10
155;152.426;10
156;142.426;10
157;132.426;10
158;122.426;10
159;112.426;10
160;102.426;10
161;92.4264;10
162;82.4264;10
163;72.4264;10
164;62.4264;10
165;52.4264;10
166;42.4264;10
167;32.4264;10
168;32.4264;10
169;25.3553;17.0711
170;18.2843;24.1421
171;11.2132;31.2132
172;11.2132;31.2132
173;11.2132;31.2132
174;11.2132;41.2132
175;11.2132;51.2132
176;11.2132;61.2132
177;11.2132;71.2132
178;11.2132;81.2132
179;11.2132;81.2132
180;18.2843;88.2843
181;25.3553;95.3553
182;32.4264;102.426
183;39.4975;109.497
184;39.4975;109.497
185;39.4975;109.497
186;49.4975;109.497
187;59.4975;109.497
188;69.4975;109.497
189;79.4975;109.497
190;89.4975;109.497
191;99.4975;109.497
192;109.497;109.497
193;119.497;109.497
194;129.497;109.497
195;139.497;109.497
196;149.497;109.497
197;159.497;109.497
198;169.497;109.497
199;169.497;109.497
200;176.569;102.426
201;183.64;95.3553
202;190.711;88.2843
203;190.711;88.2843
204;190.711;88.2843
205;190.711;78.2843
206;190.711;68.2843
207;190.711;58.2843
208;190.711;48.2843
209;190.711;38.2843
210;190.711;38.2843
211;183.64;31.2132
212;176.569;24.1421
213;169.497;17.0711
214;162.426;10
215;162.426;10
216;162.426;10
217;152.426;10
218;142.426;10
219;132.426;10
220;122.426;10
221;112.426;10
222;102.426;10
223;92.4264;10
224;82.4264;10
225;72.4264;10
226;62.4264;10
227;52.4264;10
228;42.4264;10
229;32.4264;10
230;32.4264;10
231;25.3553;17.0711
232;18.2843;24.1421
233;11.2132;31.2132
234;11.2132;31.2132
235;11.2132;31.2132
236;11.2132;41.2132
237;11.2132;51.2132
238;11.2132;61.2132
239;11.2132;71.2132
240;11.2132;81.2132
241;11.2132;81.2132
242;18.2843;88.2843
243;25.3553;95.3553
244;32.4264;102.426
245;39.4975;109.497
246;39.4975;109.497
247;39.4975;109.497
248;49.4975;109.497
249;59.4975;109.497
250;69.4975;109.497
251;79.4975;109.497
252;89.4975;109.497
253;99.4975;109.497
254;109.497;109.497
255;119.497;109.497
256;129.497;109.497
257;139.497;109.497
258;149.497;109.497
259;159.497;109.497
260;169.497;109.497
261;169.497;109.497
262;176.569;102.426
263;183.64;95.3553
264;190.711;88.2843
265;190.711;88.2843
266;190.711;88.2843
267;190.711;78.2843
268;190.711;68.2843
269;190.711;58.2843
270;190.711;48.2843
271;190.711;38.2843
272;190.711;38.2843
273;183.64;31.2132
274;176.569;24.1421
275;169.497;17.0711
276;162.426;10
277;162.426;10
278;162.426;10
279;152.426;10
280;142.426;10
281;132.426;10
282;122.426;10
283;112.426;10
284;102.426;10
285;92.4264;10
286;82.4264;10
287;72.4264;10
288;62.4264;10
289;52.4264;10
290;42.4264;10
291;32.4264;10
292;32.4264;10
293;25.3553;17.0711
294;18.2843;24.1421
295;11.2132;31.2132
296;11.2132;31.2132
297;11.2132;31.2132
298;11.2132;41.2132
299;11.2132;51.2132
300;11.2132;61.2132
