0;100;60
1;100;60
2;100;60
3;100;70
4;100;80
5;100;90
6;100;100
7;100;100
8;100;100
9;92.9289;92.9289
10;92.9289;92.9289
11;100;85.8579
12;107.071;78.7868
13;114.142;71.7157
14;121.213;64.6447
15;128.284;57.5736
16;135.355;50.5025
17;142.426;43.4315
18;149.497;36.3604
19;156.569;29.2893
20;163.64;22.2183
21;170.711;15.1472
22;177.782;8.07612
23;177.782;8.07612
24;184.853;15.1472
25;191.924;22.2183
26;191.924;22.2183
27;184.853;29.2893
28;184.853;29.2893
29;177.782;22.2183
30;170.711;15.1472
31;170.711;15.1472
32;177.782;8.07612
33;177.782;8.07612
34;177.782;8.07612
35;184.853;15.1472
36;191.924;22.2183
37;191.924;22.2183
38;191.924;22.2183
39;184.853;29.2893
40;184.853;29.2893
41;177.782;22.2183
42;170.711;15.1472
43;170.711;15.1472
44;177.782;8.07612
45;177.782;8.07612
46;177.782;8.07612
47;184.853;15.1472
48;191.924;22.2183
49;191.924;22.2183
50;191.924;22.2183
51;184.853;29.2893
52;184.853;29.2893
53;177.782;22.2183
54;170.711;15.1472
55;170.711;15.1472
56;177.782;8.07612
57;177.782;8.07612
58;177.782;8.07612
59;184.853;15.1472
60;191.924;22.2183
61;191.924;22.2183
62;191.924;22.2183
63;184.853;29.2893
64;184.853;29.2893
65;177.782;22.2183
66;170.711;15.1472
67;170.711;15.1472
68;177.782;8.07612
69;177.782;8.07612
70;177.782;8.07612
71;184.853;15.1472
72;191.924;22.2183
73;191.924;22.2183
74;191.924;22.2183
75;184.853;29.2893
76;184.853;29.2893
77;177.782;22.2183
78;170.711;15.1472
79;170.711;15.1472
80;177.782;8.07612
81;177.782;8.07612
82;177.782;8.07612
83;184.853;15.1472
84;191.924;22.2183
85;191.924;22.2183
86;191.924;22.2183
87;184.853;29.2893
88;184.853;29.2893
89;177.782;22.2183
90;170.711;15.1472
91;170.711;15.1472
92;177.782;8.07612
93;177.782;8.07612
94;177.782;8.07612
95;184.853;15.1472
96;191.924;22.2183
97;191.924;22.2183
98;191.924;22.2183
99;184.853;29.2893
100;184.853;29.2893
101;177.782;22.2183
102;170.711;15.1472
103;170.711;15.1472
104;177.782;8.07612
105;177.782;8.07612
106;177.782;8.07612
107;184.853;15.1472
108;191.924;22.2183
109;191.924;22.2183
110;191.924;22.2183
111;184.853;29.2893
112;184.853;29.2893
113;177.782;22.2183
114;170.711;15.1472
115;170.711;15.1472
116;177.782;8.07612
117;177.782;8.07612
118;177.782;8.07612
119;184.853;15.1472
120;191.924;22.2183
121;191.924;22.2183
122;191.924;22.2183
123;184.853;29.2893
124;184.853;29.2893
125;177.782;22.2183
126;170.711;15.1472
127;170.711;15.1472
128;177.782;8.07612
129;177.782;8.07612
130;177.782;8.07612
131;184.853;15.1472
132;191.924;22.2183
133;191.924;22.2183
134;191.924;22.2183
135;184.853;29.2893
136;184.853;29.2893
137;177.782;22.2183
138;170.711;15.1472
139;170.711;15.1472
140;177.782;8.07612
141;177.782;8.07612
142;177.782;8.07612
143;184.853;15.1472
144;191.924;22.2183
145;191.924;22.2183
146;191.924;22.2183
147;184.853;29.2893
148;184.853;29.2893
149;177.782;22.2183
150;170.711;15.1472
151;170.711;15.1472
152;177.782;8.07612
153;177.782;8.07612
154;177.782;8.07612
155;184.853;15.1472
156;191.924;22.2183
157;191.924;22.2183
158;191.924;22.2183
159;184.853;29.2893
160;184.853;29.2893
161;177.782;22.2183
162;170.711;15.1472
163;170.711;15.1472
164;177.782;8.07612
165;177.782;8.07612
166;177.782;8.07612
167;184.853;15.1472
168;191.924;22.2183
169;191.924;22.2183
170;191.924;22.2183
171;184.853;29.2893
172;184.853;29.2893
173;177.782;22.2183
174;170.711;15.1472
175;170.711;15.1472
176;177.782;8.07612
177;177.782;8.07612
178;177.782;8.07612
179;184.853;15.1472
180;191.924;22.2183
181;191.924;22.2183
182;191.924;22.2183
183;184.853;29.2893
184;184.853;29.2893
185;177.782;22.2183
186;170.711;15.1472
187;170.711;15.1472
188;177.782;8.07612
189;177.782;8.07612
190;177.782;8.07612
191;184.853;15.1472
192;191.924;22.2183
193;191.924;22.2183
194;191.924;22.2183
195;184.853;29.2893
196;184.853;29.2893
197;177.782;22.2183
198;170.711;15.1472
199;170.711;15.1472
200;177.782;8.07612
201;177.782;8.07612
202;177.782;8.07612
203;184.853;15.1472
204;191.924;22.2183
205;191.924;22.2183
206;191.924;22.2183
207;184.853;29.2893
208;184.853;29.2893
209;177.782;22.2183
210;170.711;15.1472
211;170.711;15.1472
212;177.782;8.07612
213;177.782;8.07612
214;177.782;8.07612
215;184.853;15.1472
216;191.924;22.2183
217;191.924;22.2183
218;191.924;22.2183
219;184.853;29.2893
220;184.853;29.2893
221;177.782;22.2183
222;170.711;15.1472
223;170.711;15.1472
224;177.782;8.07612
225;177.782;8.07612
226;177.782;8.07612
227;184.853;15.1472
228;191.924;22.2183
229;191.924;22.2183
230;191.924;22.2183
231;184.853;29.2893
232;184.853;29.2893
233;177.782;22.2183
234;170.711;15.1472
235;170.711;15.1472
236;177.782;8.07612
237;177.782;8.07612
238;177.782;8.07612
239;184.853;15.1472
240;191.924;22.2183
241;191.924;22.2183
242;191.924;22.2183
243;184.853;29.2893
244;184.853;29.2893
245;177.782;22.2183
246;170.711;15.1472
247;170.711;15.1472
248;177.782;8.07612
249;177.782;8.07612
250;177.782;8.07612
251;184.853;15.1472
252;191.924;22.2183
253;191.924;22.2183
254;191.924;22.2183
255;184.853;29.2893
256;184.853;29.2893
257;177.782;22.2183
258;170.711;15.1472
259;170.711;15.1472
260;177.782;8.07612
261;177.782;8.07612
262;177.782;8.07612
263;184.853;15.1472
264;191.924;22.2183
265;191.924;22.2183
266;191.924;22.2183
267;184.853;29.2893
268;184.853;29.2893
269;177.782;22.2183
270;170.711;15.1472
271;170.711;15.1472
272;177.782;8.07612
273;177.782;8.07612
274;177.782;8.07612
275;184.853;15.1472
276;191.924;22.2183
277;191.924;22.2183
278;191.924;22.2183
279;184.853;29.2893
280;184.853;29.2893
281;177.782;22.2183
282;170.711;15.1472
283;170.711;15.1472
284;177.782;8.07612
285;177.782;8.07612
286;177.782;8.07612
287;184.853;15.1472
288;191.924;22.2183
289;191.924;22.2183
290;191.924;22.2183
291;184.853;29.2893
292;184.853;29.2893
293;177.782;22.2183
294;170.711;15.1472
295;170.711;15.1472
296;177.782;8.07612
297;177.782;8.07612
298;177.782;8.07612
299;184.853;15.1472
300;191.924;22.2183
