0;100;60
1;100;60
2;100;60
3;100;60
4;100;60
5;92.9289;52.9289
6;85.8579;45.8579
7;78.7868;38.7868
8;71.7157;31.7157
9;64.6447;24.6447
10;57.5736;17.5736
11;50.5025;10.5025
12;50.5025;10.5025
13;50.5025;10.5025
14;57.5736;17.5736
15;57.5736;17.5736
16;57.5736;17.5736
17;50.5025;10.5025
18;50.5025;10.5025
19;50.5025;10.5025
20;50.5025;10.5025
21;57.5736;17.5736
22;57.5736;17.5736
23;57.5736;17.5736
24;50.5025;10.5025
25;50.5025;10.5025
26;50.5025;10.5025
27;50.5025;10.5025
28;57.5736;17.5736
29;57.5736;17.5736
30;57.5736;17.5736
31;50.5025;10.5025
32;50.5025;10.5025
33;50.5025;10.5025
34;50.5025;10.5025
35;57.5736;17.5736
36;57.5736;17.5736
37;57.5736;17.5736
38;50.5025;10.5025
39;50.5025;10.5025
40;50.5025;10.5025
41;50.5025;10.5025
42;57.5736;17.5736
43;57.5736;17.5736
44;57.5736;17.5736
45;50.5025;10.5025
46;50.5025;10.5025
47;50.5025;10.5025
48;50.5025;10.5025
49;57.5736;17.5736
50;57.5736;17.5736
51;57.5736;17.5736
52;50.5025;10.5025
53;50.5025;10.5025
54;50.5025;10.5025
55;50.5025;10.5025
56;57.5736;17.5736
57;57.5736;17.5736
58;57.5736;17.5736
59;50.5025;10.5025
60;50.5025;10.5025
61;50.5025;10.5025
62;50.5025;10.5025
63;57.5736;17.5736
64;57.5736;17.5736
65;57.5736;17.5736
66;50.5025;10.5025
67;50.5025;10.5025
68;50.5025;10.5025
69;50.5025;10.5025
70;57.5736;17.5736
71;57.5736;17.5736
72;57.5736;17.5736
73;50.5025;10.5025
74;50.5025;10.5025
75;50.5025;10.5025
76;50.5025;10.5025
77;57.5736;17.5736
78;57.5736;17.5736
79;57.5736;17.5736
80;50.5025;10.5025
81;50.5025;10.5025
82;50.5025;10.5025
83;50.5025;10.5025
84;57.5736;17.5736
85;57.5736;17.5736
86;57.5736;17.5736
87;50.5025;10.5025
88;50.5025;10.5025
89;50.5025;10.5025
90;50.5025;10.5025
91;57.5736;17.5736
92;57.5736;17.5736
93;57.5736;17.5736
94;50.5025;10.5025
95;50.5025;10.5025
96;50.5025;10.5025
97;50.5025;10.5025
98;57.5736;17.5736
99;57.5736;17.5736
100;57.5736;17.5736
101;50.5025;10.5025
102;50.5025;10.5025
103;50.5025;10.5025
104;50.5025;10.5025
105;57.5736;17.5736
106;57.5736;17.5736
107;57.5736;17.5736
108;50.5025;10.5025
109;50.5025;10.5025
110;50.5025;10.5025
111;50.5025;10.5025
112;57.5736;17.5736
113;57.5736;17.5736
114;57.5736;17.5736
115;50.5025;10.5025
116;50.5025;10.5025
117;50.5025;10.5025
118;50.5025;10.5025
119;57.5736;17.5736
120;57.5736;17.5736
121;57.5736;17.5736
122;50.5025;10.5025
123;50.5025;10.5025
124;50.5025;10.5025
125;50.5025;10.5025
126;57.5736;17.5736
127;57.5736;17.5736
128;57.5736;17.5736
129;50.5025;10.5025
130;50.5025;10.5025
131;50.5025;10.5025
132;50.5025;10.5025
133;57.5736;17.5736
134;57.5736;17.5736
135;57.5736;17.5736
136;50.5025;10.5025
137;50.5025;10.5025
138;50.5025;10.5025
139;50.5025;10.5025
140;57.5736;17.5736
141;57.5736;17.5736
142;57.5736;17.5736
143;50.5025;10.5025
144;50.5025;10.5025
145;50.5025;10.5025
146;50.5025;10.5025
147;57.5736;17.5736
148;57.5736;17.5736
149;57.5736;17.5736
150;50.5025;10.5025
151;50.5025;10.5025
152;50.5025;10.5025
153;50.5025;10.5025
154;57.5736;17.5736
155;57.5736;17.5736
156;57.5736;17.5736
157;50.5025;10.5025
158;50.5025;10.5025
159;50.5025;10.5025
160;50.5025;10.5025
161;57.5736;17.5736
162;57.5736;17.5736
163;57.5736;17.5736
164;50.5025;10.5025
165;50.5025;10.5025
166;50.5025;10.5025
167;50.5025;10.5025
168;57.5736;17.5736
169;57.5736;17.5736
170;57.5736;17.5736
171;50.5025;10.5025
172;50.5025;10.5025
173;50.5025;10.5025
174;50.5025;10.5025
175;57.5736;17.5736
176;57.5736;17.5736
177;57.5736;17.5736
178;50.5025;10.5025
179;50.5025;10.5025
180;50.5025;10.5025
181;50.5025;10.5025
182;57.5736;17.5736
183;57.5736;17.5736
184;57.5736;17.5736
185;50.5025;10.5025
186;50.5025;10.5025
187;50.5025;10.5025
188;50.5025;10.5025
189;57.5736;17.5736
190;57.5736;17.5736
191;57.5736;17.5736
192;50.5025;10.5025
193;50.5025;10.5025
194;50.5025;10.5025
195;50.5025;10.5025
196;57.5736;17.5736
197;57.5736;17.5736
198;57.5736;17.5736
199;50.5025;10.5025
200;50.5025;10.5025
201;50.5025;10.5025
202;50.5025;10.5025
203;57.5736;17.5736
204;57.5736;17.5736
205;57.5736;17.5736
206;50.5025;10.5025
207;50.5025;10.5025
208;50.5025;10.5025
209;50.5025;10.5025
210;57.5736;17.5736
211;57.5736;17.5736
212;57.5736;17.5736
213;50.5025;10.5025
214;50.5025;10.5025
215;50.5025;10.5025
216;50.5025;10.5025
217;57.5736;17.5736
218;57.5736;17.5736
219;57.5736;17.5736
220;50.5025;10.5025
221;50.5025;10.5025
222;50.5025;10.5025
223;50.5025;10.5025
224;57.5736;17.5736
225;57.5736;17.5736
226;57.5736;17.5736
227;50.5025;10.5025
228;50.5025;10.5025
229;50.5025;10.5025
230;50.5025;10.5025
231;57.5736;17.5736
232;57.5736;17.5736
233;57.5736;17.5736
234;50.5025;10.5025
235;50.5025;10.5025
236;50.5025;10.5025
237;50.5025;10.5025
238;57.5736;17.5736
239;57.5736;17.5736
240;57.5736;17.5736
241;50.5025;10.5025
242;50.5025;10.5025
243;50.5025;10.5025
244;50.5025;10.5025
245;57.5736;17.5736
246;57.5736;17.5736
247;57.5736;17.5736
248;50.5025;10.5025
249;50.5025;10.5025
250;50.5025;10.5025
251;50.5025;10.5025
252;57.5736;17.5736
253;57.5736;17.5736
254;57.5736;17.5736
255;50.5025;10.5025
256;50.5025;10.5025
257;50.5025;10.5025
258;50.5025;10.5025
259;57.5736;17.5736
260;57.5736;17.5736
261;57.5736;17.5736
262;50.5025;10.5025
263;50.5025;10.5025
264;50.5025;10.5025
265;50.5025;10.5025
266;57.5736;17.5736
267;57.5736;17.5736
268;57.5736;17.5736
269;50.5025;10.5025
270;50.5025;10.5025
271;50.5025;10.5025
272;50.5025;10.5025
273;57.5736;17.5736
274;57.5736;17.5736
275;57.5736;17.5736
276;50.5025;10.5025
277;50.5025;10.5025
278;50.5025;10.5025
279;50.5025;10.5025
280;57.5736;17.5736
281;57.5736;17.5736
282;57.5736;17.5736
283;50.5025;10.5025
284;50.5025;10.5025
285;50.5025;10.5025
286;50.5025;10.5025
287;57.5736;17.5736
288;57.5736;17.5736
289;57.5736;17.5736
290;50.5025;10.5025
291;50.5025;10.5025
292;50.5025;10.5025
293;50.5025;10.5025
294;57.5736;17.5736
295;57.5736;17.5736
296;57.5736;17.5736
297;50.5025;10.5025
298;50.5025;10.5025
299;50.5025;10.5025
300;50.5025;10.5025
