0;100;60
1;110;60
2;120;60
3;130;60
4;140;60
5;150;60
6;160;60
7;170;60
8;170;60
9;177.071;52.9289
10;177.071;52.9289
11;177.071;52.9289
12;177.071;52.9289
13;177.071;52.9289
14;177.071;52.9289
15;187.071;52.9289
16;187.071;52.9289
17;187.071;62.9289
18;187.071;72.9289
19;187.071;82.9289
20;187.071;92.9289
21;187.071;102.929
22;187.071;102.929
23;187.071;102.929
24;177.071;102.929
25;167.071;102.929
26;157.071;102.929
27;147.071;102.929
28;137.071;102.929
29;127.071;102.929
30;117.071;102.929
31;107.071;102.929
32;97.0711;102.929
33;87.0711;102.929
34;77.0711;102.929
35;67.0711;102.929
36;57.0711;102.929
37;47.0711;102.929
38;37.0711;102.929
39;27.0711;102.929
40;17.0711;102.929
41;17.0711;102.929
42;17.0711;102.929
43;17.0711;92.9289
44;17.0711;82.9289
45;17.0711;72.9289
46;17.0711;62.9289
47;17.0711;52.9289
48;17.0711;42.9289
49;17.0711;32.9289
50;17.0711;22.9289
51;17.0711;12.9289
52;17.0711;12.9289
53;17.0711;12.9289
54;27.0711;12.9289
55;37.0711;12.9289
56;47.0711;12.9289
57;57.0711;12.9289
58;67.0711;12.9289
59;77.0711;12.9289
60;87.0711;12.9289
61;97.0711;12.9289
62;107.071;12.9289
63;117.071;12.9289
64;127.071;12.9289
65;137.071;12.9289
66;147.071;12.9289
67;157.071;12.9289
68;167.071;12.9289
69;177.071;12.9289
70;187.071;12.9289
71;187.071;12.9289
72;187.071;12.9289
73;187.071;22.9289
74;187.071;32.9289
75;187.071;42.9289
76;187.071;52.9289
77;187.071;62.9289
78;187.071;72.9289
79;187.071;82.9289
80;187.071;92.9289
81;187.071;102.929
82;187.071;102.929
83;187.071;102.929
84;177.071;102.929
85;167.071;102.929
86;157.071;102.929
87;147.071;102.929
88;137.071;102.929
89;127.071;102.929
90;117.071;102.929
91;107.071;102.929
92;97.0711;102.929
93;87.0711;102.929
94;77.0711;102.929
95;67.0711;102.929
96;57.0711;102.929
97;47.0711;102.929
98;37.0711;102.929
99;27.0711;102.929
100;17.0711;102.929
101;17.0711;102.929
102;17.0711;102.929
103;17.0711;92.9289
104;17.0711;82.9289
105;17.0711;72.9289
106;17.0711;62.9289
107;17.0711;52.9289
108;17.0711;42.9289
109;17.0711;32.9289
110;17.0711;22.9289
111;17.0711;12.9289
112;17.0711;12.9289
113;17.0711;12.9289
114;27.0711;12.9289
115;37.0711;12.9289
116;47.0711;12.9289
117;57.0711;12.9289
118;67.0711;12.9289
119;77.0711;12.9289
120;87.0711;12.9289
121;97.0711;12.9289
122;107.071;12.9289
123;117.071;12.9289
124;127.071;12.9289
125;137.071;12.9289
126;147.071;12.9289
127;157.071;12.9289
128;167.071;12.9289
129;177.071;12.9289
130;187.071;12.9289
131;187.071;12.9289
132;187.071;12.9289
133;187.071;22.9289
134;187.071;32.9289
135;187.071;42.9289
136;187.071;52.9289
137;187.071;62.9289
138;187.071;72.9289
139;187.071;82.9289
140;187.071;92.9289
141;187.071;102.929
142;187.071;102.929
143;187.071;102.929
144;177.071;102.929
145;167.071;102.929
146;157.071;102.929
147;147.071;102.929
148;137.071;102.929
149;127.071;102.929
150;117.071;102.929
151;107.071;102.929
152;97.0711;102.929
153;87.0711;102.929
154;77.0711;102.929
155;67.0711;102.929
156;57.0711;102.929
157;47.0711;102.929
158;37.0711;102.929
159;27.0711;102.929
160;17.0711;102.929
161;17.0711;102.929
162;17.0711;102.929
163;17.0711;92.9289
164;17.0711;82.9289
165;17.0711;72.9289
166;17.0711;62.9289
167;17.0711;52.9289
168;17.0711;42.9289
169;17.0711;32.9289
170;17.0711;22.9289
171;17.0711;12.9289
172;17.0711;12.9289
173;17.0711;12.9289
174;27.0711;12.9289
175;37.0711;12.9289
176;47.0711;12.9289
177;57.0711;12.9289
178;67.0711;12.9289
179;77.0711;12.9289
180;87.0711;12.9289
181;97.0711;12.9289
182;107.071;12.9289
183;117.071;12.9289
184;127.071;12.9289
185;137.071;12.9289
186;147.071;12.9289
187;157.071;12.9289
188;167.071;12.9289
189;177.071;12.9289
190;187.071;12.9289
191;187.071;12.9289
192;187.071;12.9289
193;187.071;22.9289
194;187.071;32.9289
195;187.071;42.9289
196;187.071;52.9289
197;187.071;62.9289
198;187.071;72.9289
199;187.071;82.9289
200;187.071;92.9289
201;187.071;102.929
202;187.071;102.929
203;187.071;102.929
204;177.071;102.929
205;167.071;102.929
206;157.071;102.929
207;147.071;102.929
208;137.071;102.929
209;127.071;102.929
210;117.071;102.929
211;107.071;102.929
212;97.0711;102.929
213;87.0711;102.929
214;77.0711;102.929
215;67.0711;102.929
216;57.0711;102.929
217;47.0711;102.929
218;37.0711;102.929
219;27.0711;102.929
220;17.0711;102.929
221;17.0711;102.929
222;17.0711;102.929
223;17.0711;92.9289
224;17.0711;82.9289
225;17.0711;72.9289
226;17.0711;62.9289
227;17.0711;52.9289
228;17.0711;42.9289
229;17.0711;32.9289
230;17.0711;22.9289
231;17.0711;12.9289
232;17.0711;12.9289
233;17.0711;12.9289
234;27.0711;12.9289
235;37.0711;12.9289
236;47.0711;12.9289
237;57.0711;12.9289
238;67.0711;12.9289
239;77.0711;12.9289
240;87.0711;12.9289
241;97.0711;12.9289
242;107.071;12.9289
243;117.071;12.9289
244;127.071;12.9289
245;137.071;12.9289
246;147.071;12.9289
247;157.071;12.9289
248;167.071;12.9289
249;177.071;12.9289
250;187.071;12.9289
251;187.071;12.9289
252;187.071;12.9289
253;187.071;22.9289
254;187.071;32.9289
255;187.071;42.9289
256;187.071;52.9289
257;187.071;62.9289
258;187.071;72.9289
259;187.071;82.9289
260;187.071;92.9289
261;187.071;102.929
262;187.071;102.929
263;187.071;102.929
264;177.071;102.929
265;167.071;102.929
266;157.071;102.929
267;147.071;102.929
268;137.071;102.929
269;127.071;102.929
270;117.071;102.929
271;107.071;102.929
272;97.0711;102.929
273;87.0711;102.929
274;77.0711;102.929
275;67.0711;102.929
276;57.0711;102.929
277;47.0711;102.929
278;37.0711;102.929
279;27.0711;102.929
280;17.0711;102.929
281;17.0711;102.929
282;17.0711;102.929
283;17.0711;92.9289
284;17.0711;82.9289
285;17.0711;72.9289
286;17.0711;62.9289
287;17.0711;52.9289
288;17.0711;42.9289
289;17.0711;32.9289
290;17.0711;22.9289
291;17.0711;12.9289
292;17.0711;12.9289
293;17.0711;12.9289
294;27.0711;12.9289
295;37.0711;12.9289
296;47.0711;12.9289
297;57.0711;12.9289
298;67.0711;12.9289
299;77.0711;12.9289
300;87.0711;12.9289
