-0.202
-0.095
-0.020
-0.025
-0.020
-0.010
0.003
0.021
0.038
0.017
0.022
0.031
0.008
0.011
0.009
0.031
0.035
0.048
0.041
0.037
0.032
0.017
0.065
0.055
0.041
0.045
0.044
0.058
0.054
0.043
0.046
0.054
0.067
0.070
0.104
0.091
0.090
0.110
0.098
0.104
0.083
0.093
0.085
0.079
0.096
0.098
0.100
0.095
0.096
0.100
0.090
0.101
0.087
0.082
0.092
0.097
0.092
0.082
0.067
0.087
0.073
0.077
0.088
0.081
0.070
0.071
0.072
0.084
0.071
0.080
0.081
0.103
0.066
0.096
0.092
0.083
0.079
0.087
0.086
0.078
0.085
0.083
0.078
0.078
0.079
0.070
0.077
0.084
0.066
0.080
0.088
0.097
0.085
0.104
0.090
0.084
0.104
0.102
0.099
0.094
0.092
0.091
0.110
0.115
0.089
0.097
0.103
0.097
0.099
0.103
0.101
0.093
0.096
0.106
0.093
0.108
0.091
0.094
0.095
0.106
0.102
0.103
0.101
0.099
0.117
0.094
0.099
0.098
0.108
0.106
0.089
0.087
0.082
0.094
0.105
0.110
0.087
0.104
0.100
0.105
0.099
0.094
0.085
0.098
0.101
0.098
0.085
0.102
0.098
0.105
0.107
0.103
0.105
0.094
0.103
0.107
0.102
0.113
0.102
0.114
0.114
0.086
0.101
0.110
0.110
0.100
0.099
0.095
0.107
0.094
0.101
0.104
0.094
0.103
0.095
0.102
0.106
0.089
0.112
0.118
0.102
0.119
0.100
0.101
0.102
0.103
0.102
0.094
0.112
0.114
0.103
0.105
0.094
0.099
0.108
0.103
0.091
0.103
0.097
0.098
0.102
0.100
0.100
0.100
0.086
0.097
0.090
0.102
0.119
0.125
0.109
0.091
0.095
0.093
0.100
0.106
0.095
0.089
0.107
0.097
0.110
0.106
0.104
0.121
0.113
0.101
0.111
0.110
0.104
0.097
0.105
0.104
0.123
0.115
0.101
0.094
0.122
0.098
0.105
0.092
0.101
0.128
0.110
0.107
0.108
0.112
0.109
0.105
0.108
0.123
0.106
0.100
0.114
0.109
0.111
0.106
0.112
0.106
0.103
0.102
0.107
0.127
0.104
0.113
0.117
0.104
0.105
0.112
0.120
0.106
0.116
0.106
0.113
0.099
0.104
0.105
0.103
0.116
0.111
0.110
0.110
0.101
0.102
0.109
0.108
0.112
0.085
0.103
0.109
0.120
0.103
0.109
0.104
0.102
0.101
0.114
0.101
0.108
0.089
0.116
0.112
0.112
0.115
0.121
0.104
0.112
0.114
0.115
0.113
0.112
0.111
0.106
0.111
0.109
0.105
0.112
0.113
0.107
0.097
0.115
0.114
0.094
0.099
0.109
0.112
0.115
0.121
0.113
0.101
0.110
0.106
0.110
0.104
0.110
0.110
0.110
0.112
0.107
0.104
0.108
0.101
0.108
0.110
0.107
0.103
0.099
0.108
0.106
0.091
0.105
0.110
0.105
0.107
0.110
0.110
0.089
0.107
0.119
0.095
0.104
0.102
0.104
0.108
0.112
0.110
0.114
0.117
0.115
0.107
0.111
0.103
0.112
0.106
0.106
0.102
0.115
0.110
0.111
0.114
0.111
0.108
0.116
0.112
0.106
0.103
0.103
0.108
0.108
0.105
0.102
0.101
0.112
0.107
0.111
0.113
0.119
0.102
0.114
0.104
0.116
0.108
0.106
0.119
0.109
0.112
0.112
0.104
0.101
0.109
0.108
0.110
0.121
0.105
0.111
0.102
0.102
0.105
0.102
0.115
0.105
0.089
0.112
0.119
0.120
0.115
0.112
0.110
0.103
0.108
0.110
0.114
0.111
0.117
0.113
0.125
0.123
0.120
0.118
0.129
0.123
0.118
0.108
0.106
0.108
0.114
0.117
0.111
0.118
0.100
0.107
0.113
0.104
0.123
0.099
0.113
0.115
0.104
0.116
0.107
0.105
0.110
0.115
0.115
0.117
0.115
0.116
0.115
0.115
0.105
0.120
0.122
0.105
0.108
0.119
0.115
0.115
0.112
0.121
0.116
0.121
0.114
0.108
0.116
0.108
0.113
0.126
0.110
0.106
0.110
0.097
0.110
0.102
0.122
0.122
0.113
0.106
0.111
0.106
0.121
0.106
