0.187
0.230
0.253
0.277
0.233
0.247
0.253
0.247
0.253
0.267
0.297
0.307
0.233
0.240
0.253
0.250
0.253
0.250
0.290
0.257
0.260
0.233
0.313
0.280
0.280
0.260
0.283
0.290
0.260
0.230
0.283
0.253
0.313
0.270
0.267
0.270
0.267
0.250
0.260
0.307
0.267
0.253
0.250
0.307
0.283
0.283
0.253
0.287
0.313
0.270
0.270
0.283
0.287
0.277
0.257
0.250
0.277
0.273
0.240
0.303
0.277
0.247
0.257
0.277
0.257
0.277
0.257
0.293
0.270
0.267
0.257
0.270
0.257
0.290
0.270
0.253
0.263
0.290
0.257
0.263
0.263
0.283
0.263
0.260
0.273
0.260
0.257
0.240
0.290
0.320
0.263
0.273
0.257
0.310
0.270
0.277
0.290
0.277
0.267
0.260
0.283
0.290
0.277
0.250
0.260
0.270
0.277
0.297
0.270
0.250
0.267
0.253
0.263
0.263
0.247
0.267
0.253
0.300
0.260
0.260
0.263
0.277
0.303
0.293
0.293
0.297
0.307
0.273
0.293
0.297
0.250
0.297
0.260
0.290
0.280
0.290
0.257
0.263
0.283
0.290
0.287
0.303
0.280
0.287
0.280
0.290
0.277
0.300
0.287
0.290
0.267
0.273
0.280
0.273
0.277
0.290
0.283
0.320
0.293
0.283
0.317
0.317
0.293
0.323
0.330
0.313
0.350
0.327
0.327
0.303
0.300
0.330
0.300
0.323
0.300
0.297
0.283
0.303
0.310
0.297
0.290
0.283
0.313
0.330
0.283
0.317
0.307
0.310
0.293
0.313
0.293
0.307
0.323
0.337
0.287
0.303
0.303
0.303
0.313
0.287
0.303
0.320
0.343
0.327
0.340
0.333
0.303
0.310
0.293
0.283
0.303
0.313
0.330
0.350
0.307
0.327
0.327
0.293
0.323
0.320
0.303
0.280
0.323
0.327
0.323
0.297
0.280
0.310
0.303
0.333
0.290
0.343
0.310
0.320
0.307
0.303
0.327
0.317
0.297
0.330
0.320
0.293
0.297
0.340
0.340
0.317
0.320
0.327
0.293
0.323
0.313
0.337
0.313
0.313
0.293
0.330
0.290
0.303
0.297
0.320
0.303
0.320
0.340
0.357
0.280
0.277
0.280
0.330
0.343
0.280
0.300
0.297
0.297
0.307
0.297
0.307
0.337
0.310
0.313
0.303
0.317
0.317
0.320
0.303
0.307
0.330
0.347
0.317
0.300
0.310
0.290
0.303
0.307
0.323
0.310
0.307
0.323
0.317
0.333
0.293
0.303
0.343
0.333
0.313
0.343
0.300
0.333
0.320
0.323
0.297
0.313
0.290
0.330
0.300
0.303
0.303
0.317
0.300
0.300
0.320
0.333
0.330
0.313
0.290
0.297
0.327
0.323
0.360
0.353
0.353
0.340
0.330
0.310
0.323
0.317
0.327
0.317
0.313
0.317
0.303
0.307
0.320
0.353
0.313
0.343
0.317
0.347
0.303
0.330
0.327
0.350
0.300
0.317
0.310
0.327
0.307
0.313
0.333
0.337
0.303
0.333
0.333
0.373
0.317
0.323
0.333
0.307
0.307
0.330
0.323
0.317
0.297
0.317
0.330
0.330
0.303
0.337
0.387
0.293
0.347
0.337
0.350
0.310
0.313
0.333
0.327
0.320
0.323
0.307
0.303
0.353
0.310
0.300
0.343
0.307
0.320
0.320
0.303
0.343
0.330
0.320
0.313
0.320
0.307
0.307
0.330
0.320
0.333
0.323
0.307
0.333
0.317
0.327
0.323
0.317
0.303
0.313
0.303
0.290
0.307
0.317
0.330
0.297
0.333
0.297
0.317
0.333
0.330
0.300
0.310
0.317
0.343
0.313
0.337
0.307
0.313
0.287
0.350
0.307
0.340
0.333
0.307
0.327
0.323
0.330
0.313
0.283
0.300
0.337
0.347
0.300
0.307
0.313
0.300
0.333
0.300
0.330
0.303
0.313
0.313
0.320
0.290
0.320
0.307
0.310
0.313
0.340
0.327
0.307
0.280
0.330
0.300
0.290
0.333
0.330
0.317
0.310
0.327
0.310
0.303
0.340
0.323
0.347
0.290
0.333
0.320
0.350
0.350
0.323
0.333
0.307
0.313
0.337
0.330
0.317
0.317
0.323
0.280
0.343
0.320
