0.123
0.113
0.117
0.163
0.207
0.223
0.233
0.253
0.277
0.270
0.277
0.267
0.300
0.293
0.277
0.280
0.300
0.293
0.313
0.263
0.347
0.303
0.293
0.317
0.303
0.283
0.343
0.277
0.303
0.303
0.307
0.313
0.313
0.370
0.307
0.310
0.323
0.350
0.347
0.313
0.300
0.270
0.320
0.320
0.303
0.303
0.307
0.330
0.313
0.327
0.330
0.320
0.337
0.307
0.337
0.323
0.303
0.323
0.297
0.317
0.303
0.307
0.310
0.360
0.317
0.313
0.297
0.313
0.327
0.297
0.283
0.320
0.300
0.313
0.317
0.323
0.350
0.300
0.307
0.280
0.293
0.310
0.347
0.323
0.303
0.313
0.323
0.343
0.320
0.320
0.333
0.303
0.323
0.353
0.320
0.343
0.300
0.293
0.307
0.297
0.340
0.310
0.327
0.303
0.320
0.303
0.370
0.303
0.310
0.297
0.343
0.360
0.357
0.307
0.303
0.340
0.307
0.370
0.300
0.307
0.317
0.293
0.303
0.303
0.300
0.317
0.303
0.280
0.280
0.320
0.327
0.283
0.323
0.313
0.330
0.300
0.330
0.310
0.313
0.377
0.307
0.297
0.303
0.293
0.317
0.300
0.293
0.297
0.280
0.280
0.373
0.323
0.320
0.300
0.297
0.317
0.323
0.323
0.317
0.270
0.343
0.317
0.317
0.323
0.330
0.330
0.297
0.323
0.313
0.320
0.307
0.317
0.307
0.307
0.330
0.303
0.340
0.307
0.310
0.300
0.320
0.310
0.317
0.307
0.353
0.310
0.277
0.320
0.297
0.337
0.323
0.310
0.293
0.293
0.283
0.323
0.307
0.297
0.337
0.323
0.320
0.340
0.327
0.323
0.307
0.297
0.310
0.290
0.297
0.310
0.320
0.317
0.317
0.293
0.313
0.303
0.287
0.303
0.287
0.280
0.287
0.330
0.313
0.347
0.297
0.310
0.277
0.330
0.303
0.317
0.310
0.320
0.310
0.307
0.327
0.317
0.320
0.300
0.347
0.333
0.323
0.293
0.333
0.317
0.300
0.307
0.333
0.337
0.323
0.327
0.307
0.323
0.353
0.300
0.320
0.300
0.293
0.303
0.323
0.307
0.300
0.360
0.340
0.320
0.327
0.313
0.307
0.323
0.333
0.297
0.337
0.347
0.303
0.350
0.337
0.327
0.310
0.320
0.303
0.330
0.323
0.327
0.327
0.323
0.323
0.333
0.330
0.300
0.323
0.353
0.317
0.313
0.287
0.330
0.320
0.313
0.360
0.307
0.310
0.290
0.310
0.330
0.330
0.293
0.337
0.313
0.310
0.290
0.307
0.303
0.313
0.293
0.310
0.333
0.293
0.310
0.307
0.330
0.283
0.327
0.323
0.300
0.320
0.320
0.327
0.317
0.330
0.320
0.300
0.317
0.350
0.333
0.317
0.307
0.277
0.363
0.310
0.290
0.340
0.313
0.323
0.317
0.327
0.300
0.317
0.287
0.300
0.333
0.300
0.300
0.333
0.300
0.343
0.330
0.293
0.297
0.293
0.303
0.320
0.313
0.320
0.340
0.320
0.327
0.317
0.300
0.317
0.340
0.317
0.310
0.320
0.303
0.287
0.317
0.297
0.327
0.317
0.323
0.330
0.300
0.303
0.297
0.297
0.327
0.320
0.320
0.350
0.313
0.317
0.343
0.290
0.317
0.317
0.293
0.310
0.317
0.340
0.317
0.353
0.300
0.290
0.307
0.307
0.327
0.343
0.327
0.320
0.300
0.317
0.323
0.317
0.307
0.310
0.287
0.297
0.323
0.347
0.313
0.330
0.313
0.310
0.317
0.357
0.297
0.313
0.310
0.313
0.310
0.293
0.337
0.320
0.313
0.330
0.310
0.327
0.303
0.323
0.300
0.310
0.353
0.337
0.323
0.337
0.337
0.333
0.300
0.300
0.300
0.357
0.310
0.327
0.313
0.313
0.320
0.350
0.330
0.330
0.323
0.327
0.320
0.310
0.330
0.313
0.287
0.333
0.313
0.290
0.300
0.353
0.333
0.293
0.317
0.307
0.300
0.320
0.303
0.310
0.303
0.317
0.353
0.330
0.367
0.317
0.330
0.307
0.303
0.300
0.330
0.320
0.307
0.337
0.293
0.337
0.323
0.307
0.340
0.337
0.323
0.307
0.333
