0;100;60
1;100;60
2;100;60
3;90;60
4;80;60
5;70;60
6;60;60
7;50;60
8;40;60
9;30;60
10;20;60
11;20;60
12;20;60
13;20;50
14;20;50
15;27.0711;42.9289
16;27.0711;42.9289
17;27.0711;42.9289
18;20;50
19;20;50
20;20;50
21;20;50
22;12.9289;42.9289
23;12.9289;42.9289
24;12.9289;42.9289
25;12.9289;32.9289
26;12.9289;22.9289
27;12.9289;12.9289
28;12.9289;12.9289
29;12.9289;12.9289
30;12.9289;12.9289
31;22.9289;12.9289
32;22.9289;12.9289
33;22.9289;22.9289
34;22.9289;22.9289
35;15.8579;30
36;8.7868;37.0711
37;8.7868;37.0711
38;8.7868;37.0711
39;8.7868;37.0711
40;8.7868;27.0711
41;8.7868;17.0711
42;8.7868;17.0711
43;15.8579;10
44;15.8579;10
45;15.8579;10
46;25.8579;10
47;25.8579;10
48;25.8579;20
49;25.8579;20
50;18.7868;27.0711
51;11.7157;34.1421
52;11.7157;34.1421
53;11.7157;34.1421
54;11.7157;34.1421
55;11.7157;24.1421
56;11.7157;14.1421
57;11.7157;14.1421
58;18.7868;7.07107
59;18.7868;7.07107
60;18.7868;7.07107
61;28.7868;7.07107
62;28.7868;7.07107
63;28.7868;7.07107
64;21.7157;14.1421
65;14.6447;21.2132
66;7.57359;28.2843
67;7.57359;28.2843
68;7.57359;28.2843
69;7.57359;28.2843
70;7.57359;18.2843
71;7.57359;18.2843
72;7.57359;18.2843
73;14.6447;11.2132
74;14.6447;11.2132
75;14.6447;11.2132
76;24.6447;11.2132
77;24.6447;11.2132
78;24.6447;21.2132
79;24.6447;21.2132
80;17.5736;28.2843
81;10.5025;35.3553
82;10.5025;35.3553
83;10.5025;35.3553
84;10.5025;35.3553
85;10.5025;25.3553
86;10.5025;15.3553
87;10.5025;15.3553
88;17.5736;8.28427
89;17.5736;8.28427
90;17.5736;8.28427
91;27.5736;8.28427
92;27.5736;8.28427
93;27.5736;18.2843
94;27.5736;18.2843
95;20.5025;25.3553
96;13.4315;32.4264
97;13.4315;32.4264
98;13.4315;32.4264
99;13.4315;32.4264
100;13.4315;22.4264
101;13.4315;12.4264
102;13.4315;12.4264
103;13.4315;12.4264
104;13.4315;12.4264
105;23.4315;12.4264
106;23.4315;12.4264
107;23.4315;22.4264
108;23.4315;22.4264
109;16.3604;29.4975
110;9.28932;36.5685
111;9.28932;36.5685
112;9.28932;36.5685
113;9.28932;36.5685
114;9.28932;26.5685
115;9.28932;16.5685
116;9.28932;16.5685
117;16.3604;9.49748
118;16.3604;9.49748
119;16.3604;9.49748
120;26.3604;9.49748
121;26.3604;9.49748
122;26.3604;19.4975
123;26.3604;19.4975
124;19.2893;26.5685
125;12.2183;33.6396
126;12.2183;33.6396
127;12.2183;33.6396
128;12.2183;33.6396
129;12.2183;23.6396
130;12.2183;13.6396
131;12.2183;13.6396
132;12.2183;13.6396
133;12.2183;13.6396
134;22.2183;13.6396
135;22.2183;13.6396
136;22.2183;23.6396
137;22.2183;23.6396
138;15.1472;30.7107
139;8.07612;37.7817
140;8.07612;37.7817
141;8.07612;37.7817
142;8.07612;37.7817
143;8.07612;27.7817
144;8.07612;17.7817
145;8.07612;17.7817
146;15.1472;10.7107
147;15.1472;10.7107
148;15.1472;10.7107
149;25.1472;10.7107
150;25.1472;10.7107
151;25.1472;20.7107
152;25.1472;20.7107
153;18.0761;27.7817
154;11.005;34.8528
155;11.005;34.8528
156;11.005;34.8528
157;11.005;34.8528
158;11.005;24.8528
159;11.005;14.8528
160;11.005;14.8528
161;18.0761;7.78175
162;18.0761;7.78175
163;18.0761;7.78175
164;28.0761;7.78175
165;28.0761;7.78175
166;28.0761;17.7817
167;28.0761;17.7817
168;21.005;24.8528
169;13.934;31.9239
170;13.934;31.9239
171;13.934;31.9239
172;13.934;31.9239
173;13.934;21.9239
174;13.934;11.9239
175;13.934;11.9239
176;13.934;11.9239
177;13.934;11.9239
178;23.934;11.9239
179;23.934;11.9239
180;23.934;21.9239
181;23.934;21.9239
182;16.8629;28.9949
183;9.79185;36.066
184;9.79185;36.066
185;9.79185;36.066
186;9.79185;36.066
187;9.79185;26.066
188;9.79185;16.066
189;9.79185;16.066
190;16.8629;8.99495
191;16.8629;8.99495
192;16.8629;8.99495
193;26.8629;8.99495
194;26.8629;8.99495
195;26.8629;18.9949
196;26.8629;18.9949
197;19.7918;26.066
198;12.7208;33.1371
199;12.7208;33.1371
200;12.7208;33.1371
201;12.7208;33.1371
202;12.7208;23.1371
203;12.7208;13.1371
204;12.7208;13.1371
205;12.7208;13.1371
206;12.7208;13.1371
207;22.7208;13.1371
208;22.7208;13.1371
209;22.7208;23.1371
210;22.7208;23.1371
211;15.6497;30.2082
212;8.57864;37.2792
213;8.57864;37.2792
214;8.57864;37.2792
215;8.57864;37.2792
216;8.57864;27.2792
217;8.57864;17.2792
218;8.57864;17.2792
219;15.6497;10.2082
220;15.6497;10.2082
221;15.6497;10.2082
222;25.6497;10.2082
223;25.6497;10.2082
224;25.6497;20.2082
225;25.6497;20.2082
226;18.5786;27.2792
227;11.5076;34.3503
228;11.5076;34.3503
229;11.5076;34.3503
230;11.5076;34.3503
231;11.5076;24.3503
232;11.5076;14.3503
233;11.5076;14.3503
234;18.5786;7.27922
235;18.5786;7.27922
236;18.5786;7.27922
237;28.5786;7.27922
238;28.5786;7.27922
239;28.5786;7.27922
240;21.5076;14.3503
241;14.4365;21.4214
242;7.36544;28.4924
243;7.36544;28.4924
244;7.36544;28.4924
245;7.36544;28.4924
246;7.36544;18.4924
247;7.36544;18.4924
248;7.36544;18.4924
249;14.4365;11.4214
250;14.4365;11.4214
251;14.4365;11.4214
252;24.4365;11.4214
253;24.4365;11.4214
254;24.4365;21.4214
255;24.4365;21.4214
256;17.3654;28.4924
257;10.2944;35.5635
258;10.2944;35.5635
259;10.2944;35.5635
260;10.2944;35.5635
261;10.2944;25.5635
262;10.2944;15.5635
263;10.2944;15.5635
264;17.3654;8.49242
265;17.3654;8.49242
266;17.3654;8.49242
267;27.3654;8.49242
268;27.3654;8.49242
269;27.3654;18.4924
270;27.3654;18.4924
271;20.2944;25.5635
272;13.2233;32.6346
273;13.2233;32.6346
274;13.2233;32.6346
275;13.2233;32.6346
276;13.2233;22.6346
277;13.2233;12.6346
278;13.2233;12.6346
279;13.2233;12.6346
280;13.2233;12.6346
281;23.2233;12.6346
282;23.2233;12.6346
283;23.2233;22.6346
284;23.2233;22.6346
285;16.1522;29.7056
286;9.08117;36.7767
287;9.08117;36.7767
288;9.08117;36.7767
289;9.08117;36.7767
290;9.08117;26.7767
291;9.08117;16.7767
292;9.08117;16.7767
293;16.1522;9.70563
294;16.1522;9.70563
295;16.1522;9.70563
296;26.1522;9.70563
297;26.1522;9.70563
298;26.1522;19.7056
299;26.1522;19.7056
300;19.0812;26.7767
