0;100;60
1;110;60
2;120;60
3;130;60
4;140;60
5;150;60
6;160;60
7;160;60
8;167.071;67.0711
9;174.142;74.1421
10;181.213;81.2132
11;188.284;88.2843
12;188.284;88.2843
13;188.284;88.2843
14;188.284;88.2843
15;181.213;81.2132
16;174.142;74.1421
17;167.071;67.0711
18;160;60
19;152.929;52.9289
20;145.858;45.8579
21;138.787;38.7868
22;131.716;31.7157
23;131.716;31.7157
24;138.787;24.6447
25;145.858;17.5736
26;152.929;10.5025
27;152.929;10.5025
28;152.929;10.5025
29;162.929;10.5025
30;172.929;10.5025
31;182.929;10.5025
32;182.929;10.5025
33;182.929;10.5025
34;182.929;10.5025
35;172.929;10.5025
36;162.929;10.5025
37;152.929;10.5025
38;152.929;10.5025
39;152.929;10.5025
40;152.929;10.5025
41;152.929;10.5025
42;152.929;10.5025
43;162.929;10.5025
44;172.929;10.5025
45;182.929;10.5025
46;182.929;10.5025
47;182.929;10.5025
48;182.929;10.5025
49;172.929;10.5025
50;162.929;10.5025
51;152.929;10.5025
52;152.929;10.5025
53;152.929;10.5025
54;152.929;10.5025
55;152.929;10.5025
56;152.929;10.5025
57;162.929;10.5025
58;172.929;10.5025
59;182.929;10.5025
60;182.929;10.5025
61;182.929;10.5025
62;182.929;10.5025
63;172.929;10.5025
64;162.929;10.5025
65;152.929;10.5025
66;152.929;10.5025
67;152.929;10.5025
68;152.929;10.5025
69;152.929;10.5025
70;152.929;10.5025
71;162.929;10.5025
72;172.929;10.5025
73;182.929;10.5025
74;182.929;10.5025
75;182.929;10.5025
76;182.929;10.5025
77;172.929;10.5025
78;162.929;10.5025
79;152.929;10.5025
80;152.929;10.5025
81;152.929;10.5025
82;152.929;10.5025
83;152.929;10.5025
84;152.929;10.5025
85;162.929;10.5025
86;172.929;10.5025
87;182.929;10.5025
88;182.929;10.5025
89;182.929;10.5025
90;182.929;10.5025
91;172.929;10.5025
92;162.929;10.5025
93;152.929;10.5025
94;152.929;10.5025
95;152.929;10.5025
96;152.929;10.5025
97;152.929;10.5025
98;152.929;10.5025
99;162.929;10.5025
100;172.929;10.5025
101;182.929;10.5025
102;182.929;10.5025
103;182.929;10.5025
104;182.929;10.5025
105;172.929;10.5025
106;162.929;10.5025
107;152.929;10.5025
108;152.929;10.5025
109;152.929;10.5025
110;152.929;10.5025
111;152.929;10.5025
112;152.929;10.5025
113;162.929;10.5025
114;172.929;10.5025
115;182.929;10.5025
116;182.929;10.5025
117;182.929;10.5025
118;182.929;10.5025
119;172.929;10.5025
120;162.929;10.5025
121;152.929;10.5025
122;152.929;10.5025
123;152.929;10.5025
124;152.929;10.5025
125;152.929;10.5025
126;152.929;10.5025
127;162.929;10.5025
128;172.929;10.5025
129;182.929;10.5025
130;182.929;10.5025
131;182.929;10.5025
132;182.929;10.5025
133;172.929;10.5025
134;162.929;10.5025
135;152.929;10.5025
136;152.929;10.5025
137;152.929;10.5025
138;152.929;10.5025
139;152.929;10.5025
140;152.929;10.5025
141;162.929;10.5025
142;172.929;10.5025
143;182.929;10.5025
144;182.929;10.5025
145;182.929;10.5025
146;182.929;10.5025
147;172.929;10.5025
148;162.929;10.5025
149;152.929;10.5025
150;152.929;10.5025
151;152.929;10.5025
152;152.929;10.5025
153;152.929;10.5025
154;152.929;10.5025
155;162.929;10.5025
156;172.929;10.5025
157;182.929;10.5025
158;182.929;10.5025
159;182.929;10.5025
160;182.929;10.5025
161;172.929;10.5025
162;162.929;10.5025
163;152.929;10.5025
164;152.929;10.5025
165;152.929;10.5025
166;152.929;10.5025
167;152.929;10.5025
168;152.929;10.5025
169;162.929;10.5025
170;172.929;10.5025
171;182.929;10.5025
172;182.929;10.5025
173;182.929;10.5025
174;182.929;10.5025
175;172.929;10.5025
176;162.929;10.5025
177;152.929;10.5025
178;152.929;10.5025
179;152.929;10.5025
180;152.929;10.5025
181;152.929;10.5025
182;152.929;10.5025
183;162.929;10.5025
184;172.929;10.5025
185;182.929;10.5025
186;182.929;10.5025
187;182.929;10.5025
188;182.929;10.5025
189;172.929;10.5025
190;162.929;10.5025
191;152.929;10.5025
192;152.929;10.5025
193;152.929;10.5025
194;152.929;10.5025
195;152.929;10.5025
196;152.929;10.5025
197;162.929;10.5025
198;172.929;10.5025
199;182.929;10.5025
200;182.929;10.5025
201;182.929;10.5025
202;182.929;10.5025
203;172.929;10.5025
204;162.929;10.5025
205;152.929;10.5025
206;152.929;10.5025
207;152.929;10.5025
208;152.929;10.5025
209;152.929;10.5025
210;152.929;10.5025
211;162.929;10.5025
212;172.929;10.5025
213;182.929;10.5025
214;182.929;10.5025
215;182.929;10.5025
216;182.929;10.5025
217;172.929;10.5025
218;162.929;10.5025
219;152.929;10.5025
220;152.929;10.5025
221;152.929;10.5025
222;152.929;10.5025
223;152.929;10.5025
224;152.929;10.5025
225;162.929;10.5025
226;172.929;10.5025
227;182.929;10.5025
228;182.929;10.5025
229;182.929;10.5025
230;182.929;10.5025
231;172.929;10.5025
232;162.929;10.5025
233;152.929;10.5025
234;152.929;10.5025
235;152.929;10.5025
236;152.929;10.5025
237;152.929;10.5025
238;152.929;10.5025
239;162.929;10.5025
240;172.929;10.5025
241;182.929;10.5025
242;182.929;10.5025
243;182.929;10.5025
244;182.929;10.5025
245;172.929;10.5025
246;162.929;10.5025
247;152.929;10.5025
248;152.929;10.5025
249;152.929;10.5025
250;152.929;10.5025
251;152.929;10.5025
252;152.929;10.5025
253;162.929;10.5025
254;172.929;10.5025
255;182.929;10.5025
256;182.929;10.5025
257;182.929;10.5025
258;182.929;10.5025
259;172.929;10.5025
260;162.929;10.5025
261;152.929;10.5025
262;152.929;10.5025
263;152.929;10.5025
264;152.929;10.5025
265;152.929;10.5025
266;152.929;10.5025
267;162.929;10.5025
268;172.929;10.5025
269;182.929;10.5025
270;182.929;10.5025
271;182.929;10.5025
272;182.929;10.5025
273;172.929;10.5025
274;162.929;10.5025
275;152.929;10.5025
276;152.929;10.5025
277;152.929;10.5025
278;152.929;10.5025
279;152.929;10.5025
280;152.929;10.5025
281;162.929;10.5025
282;172.929;10.5025
283;182.929;10.5025
284;182.929;10.5025
285;182.929;10.5025
286;182.929;10.5025
287;172.929;10.5025
288;162.929;10.5025
289;152.929;10.5025
290;152.929;10.5025
291;152.929;10.5025
292;152.929;10.5025
293;152.929;10.5025
294;152.929;10.5025
295;162.929;10.5025
296;172.929;10.5025
297;182.929;10.5025
298;182.929;10.5025
299;182.929;10.5025
300;182.929;10.5025
